0 19
1 88
2 33
3 3
4 1 2 0 5310
4 1 6 791 3131 3971 4570 5739 6386
4 1 2 6015 8329
3 3
4 1 3 158 606 4161
4 1 4 670 4021 6680 7056
4 1 3 4525 4798 6966
3 2
4 1 4 164 4785 6316 6581
4 1 4 4120 6785 7094 7149
3 1 4 196 897 2019 6330
3 7
4 2
5 1 2 207 5862
5 1 2 6002 6274
4 2
5 1 2 3351 5495
5 1 3 6198 6659 6691
4 1 2 3939 4593
4 1 2 4230 5773
4 1 2 4927 6796
4 1 3 5107 5284 6513
4 1 3 5366 6702 6815
3 1 3 305 6369 7391
3 9
4 1 3 391 6342 7888
4 1 4 1359 2670 3534 6989
4 1 2 3110 7541
4 1 4 3334 4508 5851 7800
4 1 3 4082 4842 5593
4 1 3 5109 5628 7794
4 1 2 5529 5865
4 1 3 5891 6860 7995
4 1 3 6322 7441 7775
3 2
4 1 4 392 5017 5093 7362
4 1 2 5369 6200
3 1 3 417 6210 7099
3 3
4 1 2 422 3085
4 1 2 1596 7945
4 1 2 4611 5955
3 3
4 1 4 461 5893 6767 7344
4 1 6 635 3592 4930 5382 6851 6922
4 1 2 2469 7531
3 1 2 520 8342
3 3
4 1 5 522 5467 6372 7417 7821
4 2
5 1 2 921 6753
5 1 2 2547 8459
4 1 3 3116 5726 7235
3 5
4 1 2 569 7816
4 1 3 2175 5050 5996
4 1 4 3627 3931 6791 7174
4 1 3 4722 6349 7436
4 1 3 5404 7538 7539
3 2
4 1 5 579 1263 5733 6214 7138
4 1 2 2203 7152
3 2
4 1 3 686 5908 7946
4 1 4 3497 6467 6824 7374
3 5
4 1 6 799 2664 3042 4721 5643 7379
4 2
5 1 2 1296 7623
5 1 3 2187 5912 6660
4 1 3 4218 4921 6304
4 1 5 4725 5581 7172 7325 7375
4 1 5 5555 6156 6504 7295 7978
3 1 3 859 7369 7384
3 5
4 1 4 1318 5088 5141 5635
4 1 2 3505 5221
4 1 3 4503 4717 4924
4 1 3 4776 5092 7196
4 1 2 8067 8324
3 1 5 1865 5541 6403 7248 7580
3 2
4 1 2 1935 5969
4 1 2 6178 7430
3 5
4 1 4 2004 5152 6332 7630
4 1 4 3736 5672 7390 7522
4 1 4 5401 5845 6515 7744
4 1 2 6881 7272
4 1 4 7318 7345 7389 7585
3 2
4 1 2 3733 7145
4 1 3 4333 6789 7018
3 1 5 4114 6549 7115 8361 8601
3 2
4 1 4 4189 5736 6000 8366
4 1 2 6124 8380
3 6
4 1 4 4431 6678 7232 7238
4 1 2 6112 6906
4 3
5 1 2 6150 6972
5 1 2 6857 8395
5 1 2 7098 7359
4 1 2 6550 6655
4 1 2 7828 7878
4 1 2 7841 7994
3 2
4 1 3 5224 5929 7175
4 1 2 6883 7028
3 1 4 5499 7309 7421 7947
3 1 3 5735 7966 8340
3 1 4 6376 6899 8448 8482
3 1 2 6653 8187
3 1 3 6692 7499 7654
3 1 3 7110 7889 7899
2 36
3 14
4 3
5 1 2 7 3899
5 1 2 754 6354
5 1 2 2761 2940
4 2
5 1 4 107 879 6174 7467
5 1 2 6158 6498
4 2
5 1 3 442 543 7706
5 1 3 3856 6976 7015
4 1 3 555 6326 7126
4 2
5 1 3 583 749 1841
5 1 3 872 6871 7025
4 1 3 1046 6117 7667
4 1 3 2143 5730 6251
4 2
5 1 2 2730 7478
5 1 2 5936 6388
4 1 3 3265 6421 7268
4 1 3 4537 5900 6465
4 2
5 1 3 4944 5465 6676
5 1 3 6688 6877 6895
4 1 3 5164 5858 6646
4 1 2 5622 6120
4 2
5 1 2 5769 6493
5 1 2 6294 6379
3 15
4 3
5 1 4 39 3703 4017 4814
5 1 3 3060 5226 5296
5 2
6 1 2 3926 5360
6 1 2 6545 7709
4 2
5 1 3 166 3025 4471
5 1 5 457 724 5592 5926 7476
4 2
5 1 4 274 4479 4891 5854
5 1 3 4902 5150 5614
4 1 3 294 3601 5835
4 1 4 357 3366 6043 6473
4 4
5 1 2 564 5332
5 1 2 923 5189
5 1 3 3295 5020 7913
5 1 2 4784 5198
4 2
5 1 4 630 6546 6600 6766
5 1 3 5501 6269 6529
4 1 3 651 3500 3740
4 2
5 1 2 2350 6362
5 1 3 4633 5329 7456
4 2
5 1 2 3146 4614
5 1 2 5623 6307
4 2
5 1 3 3424 6850 7885
5 1 3 5002 5064 5749
4 2
5 1 4 3670 4637 5546 5606
5 1 3 5817 6225 6430
4 1 3 3868 4511 5654
4 3
5 1 2 4723 7308
5 1 3 4797 6643 6795
5 1 3 5195 6885 7562
4 1 2 5552 6195
3 4
4 1 3 103 5660 5911
4 1 2 3300 4422
4 1 5 5183 5320 6025 6056 6458
4 1 2 5788 6845
3 4
4 1 8 170 2565 2621 5074 5451 5967 6262 6363
4 1 2 2057 3850
4 1 3 3139 5879 5887
4 1 2 5761 6623
3 2
4 1 4 185 914 6090 6371
4 1 3 3321 5318 5767
3 2
4 1 11 222 2619 2865 5117 5674 6165 6377 6522 6763 6837 7083
4 1 2 597 2512
3 6
4 1 5 329 1644 5275 6149 8008
4 1 2 4518 5706
4 1 4 5145 5464 6242 6890
4 1 3 5423 5637 6331
4 1 2 5595 6396
4 1 3 6321 6323 6706
3 8
4 1 3 474 5685 6037
4 1 2 609 5163
4 2
5 1 2 2180 5771
5 1 2 3650 3805
4 1 2 2464 5802
4 1 3 4153 4474 6295
4 1 3 5373 6152 6827
4 1 2 5997 6597
4 1 3 6053 6066 6279
3 1 12 503 903 4715 4742 5008 5556 6235 6337 6360 6961 6985 7481
3 6
4 1 2 1214 3739
4 1 3 1721 5271 6381
4 2
5 1 2 3220 5687
5 1 3 5533 6248 6385
4 1 5 3460 4963 5686 6240 6260
4 1 2 4188 6693
4 1 2 6119 6367
3 2
4 1 3 1218 3086 5301
4 1 2 5193 5514
3 2
4 1 2 1690 4167
4 1 11 2116 2577 5298 5629 5846 5859 5948 6073 6281 6861 7024
3 2
4 1 6 2306 2551 6163 6213 6268 6366
4 2
5 1 2 4791 6654
5 1 4 5208 6155 6803 6939
3 1 3 2365 5305 6744
3 1 15 2615 3970 4102 4338 5678 5927 6234 6244 6500 6560 6661 6872 6953 6984 7209
3 1 2 2746 9183
3 3
4 1 4 3071 5966 6521 6859
4 1 4 4731 5715 6370 6555
4 1 4 5589 5681 6782 7144
3 3
4 1 3 3222 5844 5870
4 1 7 3322 4887 6725 6873 6889 6913 6987
4 1 3 3924 7549 7573
3 4
4 1 5 3312 4997 5014 5545 6030
4 2
5 1 2 4054 5328
5 1 2 5003 5137
4 1 2 4124 5820
4 1 3 5910 6003 6726
3 5
4 1 2 3395 4023
4 1 2 4747 5937
4 1 3 4991 5359 5633
4 1 2 5214 6641
4 1 3 5246 5257 5741
3 1 3 3471 5603 6432
3 1 2 4190 4967
3 1 10 4388 4688 5095 5106 5351 5429 5535 5544 5704 6433
3 1 2 4553 5732
3 2
4 1 6 4664 4865 5308 5872 5958 6249
4 1 2 5668 6134
3 2
4 1 3 4847 5572 5856
4 1 3 5018 5569 6327
3 1 3 5069 6064 6161
3 1 2 5539 8349
3 1 2 5608 6217
3 1 3 5688 6835 6875
3 1 3 5742 5750 6409
3 1 2 6061 6778
3 1 2 6208 6236
3 1 3 6250 6254 7132
3 1 3 6526 6679 7553
3 1 3 6622 6855 7031
2 5
3 2
4 1 4 15 6428 6780 6847
4 1 2 7215 8289
3 1 14 142 321 845 1840 5142 5374 5680 5888 6157 6420 6813 7065 7732 8167
3 2
4 1 3 304 4214 8232
4 1 2 5200 5671
3 1 2 5315 5356
3 1 2 6335 9416
2 1 15 44 1759 5086 5177 5484 5518 5782 6255 6266 6479 6610 6779 7009 7266 7627
2 1 2 46 8700
2 1 31 56 2513 4657 4733 5110 5441 5902 6060 6147 6283 6319 6374 6497 6578 6607 6739 7111 7161 7210 7224 7276 7293 7296 7298 7317 7320 7321 7343 7403 7861 8065
2 4
3 1 57 73 396 567 1512 1925 2316 2519 2585 3031 3070 3111 3368 3566 3961 4168 4187 4207 4434 4441 4868 5073 5149 5187 5267 5289 5399 5491 5550 5659 5718 5724 5772 6036 6122 6224 6320 6338 6537 6542 6568 6710 6721 6846 7000 7011 7019 7414 7437 7496 7723 7751 7820 7890 7976 7979 8215 8269
3 1 4 553 4770 6762 6896
3 1 2 6618 7550
3 1 2 7612 8212
2 6
3 1 30 75 132 141 572 700 1196 1457 2828 2931 3112 3151 3188 3361 3401 3587 3829 4442 4928 5181 5201 5216 5747 6383 6387 6405 6932 7043 7457 7511 8694
3 1 4 2177 4377 6423 6733
3 2
4 1 2 3187 7676
4 1 5 3252 3603 4882 5342 7693
3 1 2 3392 4755
3 1 2 4576 6840
3 1 3 6696 7686 8222
2 1 2 78 7396
2 3
3 1 4 80 4197 7243 8821
3 1 3 2916 3382 7140
3 1 2 4346 6925
2 1 49 86 95 175 781 786 1094 1238 1287 1898 2904 3484 3629 3952 4274 4308 4379 4415 4691 5062 5311 5390 5472 5618 5797 5828 6185 6265 6510 6694 6755 6804 6956 7147 7193 7194 7220 7228 7262 7315 7464 7504 7533 7837 7838 8266 8293 8453 9112 9944
2 2
3 1 3 88 1614 6995
3 1 2 7008 7569
2 5
3 1 3 92 4071 5838
3 1 3 5174 7327 8278
3 1 2 5437 8557
3 1 5 5511 6018 6040 6113 6173
3 1 4 7186 7422 7808 8297
2 3
3 1 52 105 259 296 671 1008 1675 2301 2517 2529 3001 3183 3483 3633 3790 3860 4117 4402 4464 4533 4833 5035 5372 5444 5480 5502 5520 5532 5585 5669 5770 6082 6232 6494 6503 6730 6865 6944 6993 7258 7685 7692 7758 7763 7781 7785 7864 7870 7934 7977 8320 8383 8540
3 1 2 5661 7255
3 1 2 6988 7049
2 1 70 120 428 472 692 800 1004 1634 1732 2479 2488 3207 3421 3477 3551 4050 4165 4708 4761 4778 5032 5155 5242 5391 5516 5578 5751 5878 5995 6246 6288 6675 6740 7036 7084 7087 7106 7113 7245 7260 7373 7446 7447 7502 7602 7670 7671 7674 7687 7697 7803 7932 8027 8038 8097 8237 8246 8265 8296 8326 8333 8369 8388 8545 8656 8865 8869 9012 9167 9409 9918
2 26
3 1 3 131 7063 8058
3 7
4 1 2 135 6777
4 1 3 211 6541 6955
4 2
5 1 3 2637 6071 7148
5 1 2 7919 8431
4 1 2 5395 7663
4 1 2 5840 5906
4 1 3 5841 5994 6469
4 1 3 6276 6536 7643
3 1 3 190 4763 6468
3 2
4 1 3 286 370 4539
4 1 3 5426 5721 5944
3 2
4 1 4 640 4430 5631 7989
4 1 2 4073 4893
3 6
4 2
5 1 3 662 3328 3696
5 1 2 5924 6656
4 1 3 698 4858 6630
4 1 3 726 5341 7165
4 1 4 3671 5277 5363 6010
4 2
5 1 2 4743 6227
5 1 2 5365 7645
4 1 2 4783 7675
3 2
4 1 13 836 2630 3171 4470 5258 5524 5877 6042 6109 6222 6303 7121 7431
4 1 2 847 6670
3 1 3 1041 3672 7336
3 2
4 1 2 1791 4142
4 1 2 2819 7960
3 4
4 1 3 2829 5355 5712
4 2
5 1 2 4277 5412
5 1 2 4504 8339
4 1 3 4583 4881 5852
4 3
5 1 3 5084 6404 6936
5 1 2 5439 6308
5 1 4 5626 5806 5973 6562
3 4
4 1 3 3022 5907 6080
4 2
5 1 2 3434 7438
5 1 3 3666 7494 7636
4 1 4 3774 4104 6613 7182
4 1 3 4985 6828 7661
3 1 4 3249 3554 5813 6642
3 2
4 1 2 3793 7093
4 1 2 5709 5714
3 1 4 3992 4605 5283 7558
3 4
4 2
5 1 2 4412 4988
5 1 3 4788 5794 7178
4 1 2 5651 7668
4 1 2 5707 7425
4 1 3 5923 5940 6621
3 2
4 1 2 4419 4615
4 1 2 4810 8172
3 2
4 1 2 4429 5562
4 1 2 5551 7877
3 3
4 1 3 4466 5500 6687
4 1 2 6126 6512
4 1 2 6558 6590
3 1 4 4540 6411 7705 7923
3 1 2 4685 7353
3 1 6 5218 6287 7303 7577 8039 8193
3 1 8 5232 6829 6834 6878 6931 7582 7931 8012
3 1 6 5244 5645 5805 5895 6219 6511
3 1 2 5375 7041
3 1 3 5829 6011 7463
3 1 3 7064 7439 7834
2 3
3 1 52 134 156 354 539 2680 2763 3435 3455 3768 3846 4258 4513 4627 4948 5001 5045 5122 5302 5582 5720 5765 6078 6701 6722 6992 7070 7088 7756 7770 7827 7831 7881 7936 8020 8034 8077 8124 8136 8156 8179 8189 8243 8248 8255 8257 8304 8307 8365 8541 8574 8723 8766
3 1 2 3175 5554
3 1 2 7177 7277
2 6
3 1 16 136 393 1026 4378 5889 5968 6280 6617 6937 7071 7101 7280 7334 7480 8114 9757
3 1 3 492 7599 7815
3 1 2 730 5798
3 1 2 5034 6677
3 1 2 5646 6014
3 1 2 6095 6382
2 3
3 1 21 140 878 2158 2212 2823 3818 3946 4792 5460 6551 6941 7079 7108 7382 7394 7445 7738 8016 8151 8233 8350
3 1 3 542 3531 8200
3 1 2 5166 8092
2 15
3 1 11 151 4793 4935 5021 6125 6333 6579 6951 7472 7479 7998
3 1 3 351 2026 7264
3 1 3 809 3004 5818
3 1 3 1236 7950 8019
3 2
4 1 3 1387 4830 5468
4 1 3 3190 5071 8050
3 1 4 2202 5588 7737 7812
3 2
4 1 4 2405 4116 5483 6394
4 1 2 6046 6450
3 2
4 1 3 3935 7432 8387
4 1 3 4624 4835 6735
3 1 2 3957 7129
3 2
4 1 2 4686 6167
4 1 3 4769 5941 6460
3 2
4 2
5 1 2 4738 5983
5 1 2 6425 7617
4 1 3 6238 6947 8633
3 1 2 4910 6259
3 1 3 6318 6784 7722
3 1 2 7241 7366
3 1 3 7682 7867 7920
2 1 3 154 426 7010
2 7
3 1 44 179 1069 3496 3579 3623 4780 5745 5795 5826 5831 5847 5965 5979 5985 6020 6031 6137 6140 6168 6180 6191 6226 6275 6277 6284 6285 6293 6301 6328 6329 6364 6384 6407 6419 6508 6559 6624 6652 6788 6825 6854 6898 6908 6909
3 1 3 495 852 5812
3 1 5 3386 5247 6750 6905 8851
3 1 2 4160 6257
3 1 3 5717 6111 6671
3 1 2 5928 6131
3 1 2 6067 6488
2 15
3 1 9 188 3517 5515 5864 6638 6912 7408 7590 7609
3 1 3 356 3572 6746
3 1 3 920 4734 5553
3 2
4 1 9 1743 4668 5530 5728 6187 6264 7824 8477 8567
4 1 2 4497 4592
3 1 3 1846 3690 5777
3 1 3 3244 5786 5842
3 1 2 3293 6116
3 1 3 4131 5602 6700
3 1 2 4151 6627
3 1 2 4216 5658
3 1 3 4531 5779 6738
3 1 2 5993 7991
3 1 3 6539 6570 6938
3 1 3 6743 7114 7237
3 1 3 7104 7371 7402
2 1 60 226 257 607 626 1083 1087 1225 2475 3276 3875 4372 4438 5039 5368 5377 5446 5583 5620 5703 5843 6017 6023 6049 6062 6063 6245 6315 6378 6775 6844 6856 6864 7030 7067 7069 7127 7254 7471 7520 7648 7724 7733 7742 7782 7802 7822 7825 7959 8166 8168 8188 8201 8271 8393 8409 9274 9596 9604 9861 9972
2 10
3 3
4 1 2 238 2720
4 1 3 337 1285 4564
4 1 3 3997 5792 6462
3 2
4 1 3 398 2946 6648
4 1 4 3966 5286 5932 6218
3 1 2 967 3374
3 3
4 1 2 2331 2358
4 1 3 3840 7203 7852
4 1 2 5617 7090
3 1 4 3905 4162 5322 8537
3 1 7 4389 5112 5815 6576 7023 8158 9738
3 1 3 4645 5101 6272
3 1 4 5089 5915 6917 6920
3 1 2 6183 7367
3 1 2 6797 7118
2 2
3 1 4 253 3758 5215 5421
3 1 3 6009 6395 7046
2 3
3 1 17 263 1805 2395 2561 5430 6414 6426 6437 6516 6793 7035 7054 7077 7190 7257 7927 8288
3 1 2 6182 7239
3 1 2 7760 8018
2 11
3 2
4 1 2 266 6737
4 1 3 5560 6317 8129
3 2
4 1 4 298 2822 3642 4215
4 1 3 477 5156 6897
3 1 2 451 3895
3 1 2 540 8122
3 1 3 784 3727 8443
3 2
4 1 2 1695 6114
4 1 3 4869 6566 6629
3 1 2 1762 5987
3 2
4 1 3 2886 3851 7993
4 1 3 5459 6708 7387
3 1 2 5253 5571
3 1 3 6586 6603 6888
3 1 2 6601 6606
2 3
3 2
4 1 2 319 4185
4 1 2 1538 7604
3 1 2 5634 8642
3 1 2 5785 7761
2 2
3 1 37 331 1642 2092 2307 2401 3412 4024 4382 5361 5488 5755 6136 6471 6819 6958 6967 6999 7034 7134 7163 7249 7381 7474 7557 7696 7698 7807 7846 8107 8127 8286 8300 8335 8466 8468 8513 9212
3 1 2 6772 6943
2 20
3 1 2 355 6977
3 1 7 611 7267 7304 7335 7586 7605 8441
3 1 6 649 4517 4826 5447 7593 8042
3 2
4 1 3 669 7683 8415
4 1 2 7365 7488
3 3
4 1 3 1357 7814 8079
4 1 4 1998 2665 5567 7195
4 1 2 6832 7026
3 1 6 2685 4629 6811 6914 7810 9499
3 4
4 1 3 3486 6153 6486
4 1 3 3810 7579 7765
4 1 4 4118 5489 6635 7833
4 1 2 6717 7944
3 1 6 3869 5577 6401 6459 7719 7869
3 1 3 4004 4663 5823
3 3
4 1 2 4147 8140
4 1 2 5270 6758
4 1 2 6929 6948
3 1 3 4298 6099 6525
3 1 5 4482 7518 7628 7647 7904
3 2
4 1 4 5115 5192 7665 8216
4 1 4 5182 6640 7776 7866
3 1 2 5479 6297
3 1 4 5884 7773 7792 7940
3 1 2 5977 6800
3 1 3 6416 6904 7512
3 2
4 1 2 6453 7614
4 1 2 7418 7551
3 1 5 7078 7503 7530 8144 8159
3 1 3 7745 7797 7799
2 6
3 1 24 407 691 4198 4381 4790 5548 6038 6184 6325 6553 6565 6612 6657 6786 6818 6964 7002 7082 7136 7322 7341 7415 7788 7826
3 1 3 3148 4313 7801
3 1 2 3528 7095
3 1 2 4401 5504
3 1 2 5652 7721
3 1 2 6884 7319
2 2
3 1 4 433 5307 5574 7017
3 1 2 1843 4038
2 1 3 454 6206 7892
2 1 16 494 1156 1335 1691 2642 2837 3051 3437 3772 6050 6501 6544 7133 7506 7859 7921
2 4
3 1 62 527 1128 1561 2157 3234 3269 3571 3982 4006 4494 4528 4651 5099 5352 5692 6069 6192 6300 6449 6631 6689 7032 7080 7116 7199 7201 7208 7226 7364 7452 7637 7641 7669 7767 7839 7871 8037 8040 8099 8109 8128 8131 8141 8183 8251 8285 8313 8332 8341 8374 8406 8447 8454 8728 8737 8820 8848 8868 8870 8874 8900 9410
3 1 2 4828 6143
3 1 2 6457 6805
3 1 2 6674 7704
2 1 3 562 6950 7653
2 2
3 1 2 575 7146
3 1 2 4922 5601
2 2
3 1 25 580 758 1338 1479 1911 2548 3128 3344 4380 4459 4952 5624 5697 5804 5873 6021 6215 6239 6291 6483 6615 7157 8163 8338 8419
3 1 2 5383 6118
2 20
3 1 2 588 9740
3 1 4 621 4251 5827 6577
3 2
4 1 3 675 6079 6093
4 1 4 714 4342 5000 8117
3 1 3 805 7123 8100
3 2
4 1 3 867 4621 5526
4 1 2 3174 6427
3 2
4 2
5 1 2 1955 7500
5 1 2 6175 6723
4 1 4 3796 6585 6810 7160
3 1 2 2352 7358
3 1 3 2402 5381 7045
3 1 2 2624 8204
3 2
4 1 2 3077 7413
4 1 2 8171 8236
3 2
4 1 2 3991 6790
4 1 3 5466 5959 6233
3 1 3 4154 7331 7450
3 1 3 4805 4962 6732
3 2
4 1 2 5038 7162
4 1 6 6072 6076 6088 6506 7598 8096
3 1 3 5431 6946 7401
3 1 3 5951 7607 8155
3 1 3 5991 6171 8191
3 1 3 6068 7477 8153
3 1 3 6713 6836 9040
3 1 2 7465 8396
2 1 2 592 7112
2 1 4 620 3773 6336 8562
2 2
3 1 3 625 4026 5522
3 1 22 658 1173 1301 1677 1812 2285 2368 2841 2971 4202 4392 5124 5386 5825 6059 6375 6446 6528 6662 7285 7897 9044
2 3
3 1 4 632 4085 6838 7347
3 1 12 1687 5400 6027 6058 6199 6448 7169 7740 7783 7900 7935 8664
3 2
4 1 2 4660 4932
4 1 2 6211 6339
2 2
3 1 3 719 1429 3900
3 1 3 744 4954 6926
2 2
3 1 10 874 3090 4811 5059 5758 5787 6085 6197 6341 8582
3 1 2 7055 7893
2 1 32 1100 1993 2123 3420 4262 4319 4845 4880 4983 5349 6092 6392 6596 6952 7103 7310 7383 7453 7461 7527 7707 7865 7910 7942 7961 7962 8006 8011 8086 9367 9737 9882
2 1 2 1102 6971
2 4
3 1 4 1132 2795 6517 6921
3 1 2 2218 6523
3 1 5 5371 6711 7061 7191 7284
3 1 2 5796 6645
2 5
3 1 2 1513 6665
3 1 2 2683 6166
3 1 3 5309 5882 6728
3 1 2 5434 7297
3 1 2 5933 6556
2 1 2 1535 7225
2 1 2 1618 6978
2 3
3 1 17 1785 1954 4260 4820 5405 5599 5711 6123 6212 6588 6619 6704 7350 7416 7535 7588 7672
3 1 2 3896 7575
3 1 3 4837 5920 6843
2 1 3 1858 5640 6924
2 3
3 1 3 1938 5670 8548
3 1 3 4134 6139 6690
3 1 2 6907 7971
2 1 2 2196 7089
2 1 2 2302 9993
2 1 6 2508 6593 6930 7490 7505 8175
2 1 3 2735 4765 7784
2 1 4 3271 6188 7100 7316
2 1 3 3348 5731 5754
2 2
3 1 2 3546 4839
3 1 3 4687 5729 5952
2 1 4 3635 5904 6055 7728
2 1 3 3759 4237 7529
2 4
3 1 2 3852 7062
3 1 4 4047 6100 6101 6127
3 1 2 6220 7747
3 1 2 7047 7901
2 1 3 3984 5282 7307
2 3
3 1 13 4144 4443 5094 5600 5821 6649 6719 6940 7052 7181 7261 7329 7451
3 1 2 4863 6305
3 1 2 7287 7348
2 2
3 1 22 4205 4404 5312 5800 5934 6658 6673 6727 6918 6975 7073 7809 7829 7844 7856 7868 7876 7879 8181 8254 8259 8260
3 1 2 5175 7192
2 1 3 4365 4898 6373
2 2
3 1 3 4449 5565 7835
3 1 3 6306 6869 7102
2 2
3 1 2 4476 4662
3 1 4 4972 6814 7473 7673
2 1 3 4515 7300 8322
2 4
3 1 3 4610 6900 7543
3 1 2 4998 6749
3 1 2 6442 7171
3 1 3 6751 7167 7440
2 1 3 4667 5604 7142
2 1 2 4968 5644
2 1 3 5118 6582 6705
2 1 4 5225 7048 7183 7678
2 1 2 5259 7397
2 1 3 5503 6911 7883
2 1 2 5964 8643
2 1 2 6016 6203
2 1 3 6159 6669 8160
2 1 3 6353 7211 7749
2 1 2 7081 8281
2 1 2 7185 7830
2 1 3 7306 8267 8352
2 1 2 7339 7360
2 1 2 7774 7796
1 48
2 17
3 1 45 1 270 320 1021 1117 1161 1227 1331 1446 1601 1738 1784 2021 2201 2208 2311 2399 2400 2465 2514 2543 2693 2748 2794 2802 2840 2964 3002 3041 3354 3370 3387 3431 3439 3555 3647 3663 3744 3830 3837 3930 4008 4028 4043 4575
3 1 3 67 1064 4199
3 1 2 109 3304
3 1 44 249 335 364 406 720 849 934 1118 1158 1534 1572 1602 1988 2240 2392 2438 2489 2509 2562 2745 2767 2810 2844 2845 2880 2891 2930 3015 3016 3105 3115 3224 3287 3611 3775 3788 3886 3919 3986 4538 4632 6761 7388 8747
3 1 2 739 3580
3 2
4 1 4 894 1422 2376 2955
4 1 2 2104 2111
3 1 7 898 1284 1640 1697 1736 3014 4078
3 1 4 1150 2273 4877 5044
3 1 5 1170 1897 2482 2649 2716
3 1 2 1295 3903
3 1 3 1465 1682 3541
3 1 2 2112 2406
3 1 2 2226 3078
3 1 2 2466 2556
3 1 2 2511 4371
3 1 2 3063 3415
3 1 3 3137 3556 3574
2 19
3 4
4 1 3 2 2635 4003
4 1 23 125 1930 1939 2998 3335 3376 3575 3803 3891 4045 4178 4265 4329 4375 4398 4562 4960 5061 5120 5197 5211 5942 8745
4 1 2 3141 4157
4 1 3 3454 4407 4541
3 3
4 1 2 20 4037
4 1 10 911 1891 2785 3103 3388 4705 4823 4859 4892 4965
4 1 2 4077 4986
3 21
4 11
5 2
6 1 2 27 2729
6 1 3 3048 4565 5764
5 2
6 1 3 530 4019 4310
6 1 3 1205 3519 3800
5 1 3 531 536 3055
5 1 3 2149 3536 3728
5 1 2 2528 4659
5 2
6 1 2 2830 4447
6 1 2 2831 5612
5 1 3 3172 5055 5281
5 1 3 3444 4706 4907
5 1 2 3521 4937
5 1 3 4156 4699 5458
5 1 2 4628 4760
4 7
5 1 3 32 1510 5482
5 1 3 3832 4535 4600
5 1 3 4031 4970 5384
5 1 4 4499 4834 5121 5576
5 1 2 4757 5849
5 1 3 4832 5474 5547
5 1 3 4933 4961 5376
4 4
5 2
6 1 2 64 4825
6 1 2 344 1171
5 1 5 642 3280 3765 4926 5657
5 2
6 1 3 2349 4931 4995
6 1 3 3178 4413 4440
5 1 2 2576 5260
4 2
5 1 3 248 4148 5323
5 1 2 4904 7616
4 7
5 2
6 1 2 462 5091
6 1 3 877 4108 4993
5 3
6 1 4 517 663 4560 4827
6 1 3 605 3203 4806
6 1 2 4143 4359
5 3
6 1 3 1109 3095 4309
6 1 2 1245 2002
6 1 3 3716 4248 4750
5 2
6 1 5 1216 3490 5763 6916 7526
6 1 2 4522 4990
5 1 3 2789 3130 5169
5 1 3 2872 4246 4454
5 1 2 3812 4548
4 2
5 1 5 568 2667 4555 5414 5538
5 2
6 1 2 3977 4956
6 1 2 4270 5420
4 1 7 577 2932 4639 5019 5029 5243 5398
4 2
5 1 2 636 5493
5 1 4 2398 2766 5151 5791
4 9
5 1 4 1189 2460 3461 5090
5 1 3 2908 4094 5295
5 1 3 3523 4445 5542
5 2
6 1 2 3783 4212
6 1 4 4328 5065 5134 5209
5 1 3 4150 4848 5047
5 1 3 4987 5188 5339
5 1 2 4994 5461
5 1 2 5168 5409
5 1 2 5231 5392
4 2
5 1 3 1361 4602 4646
5 1 2 5249 5263
4 1 2 2100 3067
4 3
5 1 3 2122 3680 5230
5 1 2 2996 4866
5 1 3 4060 4831 4888
4 1 5 2396 4596 5396 5454 5746
4 2
5 1 3 2847 4946 5037
5 1 2 4400 5648
4 1 3 3784 5563 5897
4 1 5 4204 4435 4878 4925 5839
4 1 3 4245 4460 5024
4 1 2 4661 4789
4 1 4 4683 4870 5345 5370
4 1 2 5154 5378
4 1 2 5248 5364
3 8
4 1 5 33 5293 5684 5874 5881
4 1 3 276 4055 5422
4 1 4 881 3636 3999 4571
4 2
5 1 3 1413 1493 3981
5 1 5 4919 5321 5494 5789 5830
4 1 3 2951 5475 5988
4 1 10 3525 4132 4448 4636 5202 5334 5477 5605 5938 8636
4 1 5 5025 5473 5476 5513 5699
4 1 2 5158 5337
3 16
4 1 2 42 2294
4 4
5 1 4 254 687 955 3514
5 1 3 947 2725 3921
5 1 4 1895 4317 4406 4762
5 1 2 3182 5362
4 4
5 1 2 300 3400
5 1 2 2339 4339
5 1 2 3081 5067
5 1 3 3965 4766 5387
4 2
5 1 4 375 485 2976 4092
5 1 2 3430 3502
4 2
5 1 3 405 1061 5252
5 1 2 1951 4243
4 2
5 1 3 886 3544 3709
5 1 4 2633 2833 3827 4177
4 1 2 896 1179
4 2
5 1 3 1289 4226 5456
5 2
6 1 3 2442 4746 5104
6 1 2 4238 4689
4 2
5 1 3 2031 2947 4068
5 1 3 2695 3459 3644
4 1 2 2484 3902
4 2
5 1 2 2736 4862
5 1 2 4444 4465
4 1 4 3185 3239 3877 4630
4 1 3 3428 3658 6138
4 1 3 3466 3659 3842
4 1 5 3996 4455 5656 5759 6278
4 1 3 4093 4235 4343
3 22
4 2
5 1 3 45 1412 3969
5 1 2 525 3820
4 4
5 1 4 70 532 910 4360
5 1 3 519 3476 3631
5 1 3 2523 2879 3817
5 1 2 3610 3692
4 3
5 1 3 203 2305 2988
5 1 3 994 3568 4369
5 2
6 1 3 2598 3028 3569
6 1 3 3072 3756 4169
4 1 4 289 2426 3443 4210
4 5
5 1 3 309 4860 5291
5 2
6 1 2 827 3329
6 1 4 1195 3204 3710 5190
5 2
6 1 3 1164 3283 3567
6 1 2 2836 3416
5 1 4 1529 2443 2704 3413
5 2
6 1 3 2155 3479 3648
6 1 2 2697 5108
4 1 2 317 4477
4 2
5 1 3 383 3652 3948
5 1 5 535 1536 3712 4561 7635
4 1 3 502 3349 3798
4 3
5 1 2 653 2898
5 1 2 963 4302
5 1 2 2189 8881
4 2
5 1 3 778 1571 1827
5 1 2 3550 5147
4 3
5 1 3 1199 3481 3745
5 1 2 1786 3867
5 1 2 3385 3892
4 2
5 1 2 1394 2304
5 1 3 3258 3730 3959
4 1 4 1983 3341 3960 4186
4 2
5 1 4 2222 2515 3656 3806
5 1 3 4087 4173 4183
4 5
5 1 3 2478 3036 3315
5 1 2 2596 3912
5 1 2 2966 4035
5 1 3 3267 3365 3675
5 1 2 3562 3699
4 2
5 1 2 2505 3290
5 1 3 3298 3857 4070
4 1 7 2600 4049 4227 4234 4267 4492 4598
4 1 2 2620 2900
4 2
5 1 3 3121 3804 4122
5 1 3 3189 3616 5850
4 1 3 3216 3369 3429
4 1 4 3547 3872 4011 4088
4 1 2 3625 3695
3 3
4 1 6 59 117 760 3409 4013 4264
4 2
5 1 2 225 4106
5 1 2 2710 3597
4 1 2 4097 4953
3 29
4 4
5 1 3 83 2902 3417
5 1 2 2858 3906
5 1 5 4206 4256 4414 4433 4495
5 1 2 4261 4325
4 2
5 1 2 85 2553
5 1 2 3091 3432
4 1 7 127 551 4239 4634 5126 5278 7385
4 2
5 1 6 200 534 3687 4489 4992 5125
5 1 2 4574 4736
4 1 7 240 2709 2970 4490 4568 4580 8336
4 4
5 1 5 308 4100 4403 4640 5102
5 1 4 1234 1554 3724 4069
5 1 3 2015 4141 4437
5 1 2 4320 4589
4 3
5 1 4 340 2909 4326 5079
5 1 2 997 4653
5 1 2 4874 5276
4 1 4 341 1377 3904 4505
4 6
5 1 3 389 1346 3974
5 1 3 529 1730 3423
5 1 2 1122 2411
5 1 2 3452 3600
5 1 2 3614 4364
5 1 2 4002 4557
4 2
5 1 5 432 484 674 2084 3140
5 1 3 1657 3281 4674
4 2
5 2
6 1 2 559 4315
6 1 2 3769 4146
5 1 6 1509 2453 2546 2868 3102 3337
4 1 3 585 2937 3858
4 1 3 811 2393 3126
4 2
5 1 2 1059 4159
5 1 5 2326 3524 4042 4110 4439
4 1 3 1107 3718 4180
4 6
5 1 4 1299 2146 3885 4356
5 2
6 1 2 1705 3893
6 1 2 3909 4029
5 1 2 2378 2792
5 1 3 2773 4720 5229
5 1 4 3109 3701 4509 4697
5 1 3 3396 3668 3673
4 3
5 1 4 2160 2165 4255 5186
5 1 2 2648 4801
5 1 2 4324 4702
4 1 3 2195 4079 5005
4 2
5 1 2 2412 3029
5 1 3 3512 4606 4836
4 2
5 1 4 2525 2775 3738 3816
5 1 3 2677 3043 5070
4 1 5 2589 3314 3463 3782 4756
4 1 2 2739 3888
4 1 3 3168 4091 4542
4 2
5 1 3 3198 3301 3474
5 1 2 4812 4908
4 1 5 3282 3622 3878 4370 4559
4 1 2 3564 3871
4 1 4 4232 4678 4773 4971
4 1 2 4473 4813
4 1 2 4551 4735
3 1 2 106 5790
3 4
4 1 3 113 4089 4500
4 1 3 369 499 2451
4 1 4 3678 4276 4344 4694
4 1 2 3780 4900
3 3
4 1 10 144 2927 3024 3958 4080 4099 4550 4696 4800 4955
4 1 2 2953 4520
4 1 3 3674 4347 4426
3 3
4 1 5 235 1097 2049 3599 3907
4 1 3 488 2817 4666
4 1 3 2952 4209 4231
3 7
4 1 3 314 3456 3865
4 1 4 475 1522 3268 4297
4 2
5 1 3 1104 2605 4340
5 1 2 3465 4512
4 1 4 1417 3651 3849 4294
4 1 3 1949 3720 5566
4 2
5 1 2 2494 4341
5 1 3 2799 4139 4984
4 1 2 3094 4250
3 5
4 1 2 378 2639
4 1 3 453 4362 4626
4 1 3 2408 3084 3201
4 1 3 2579 4121 4588
4 2
5 1 2 3154 4349
5 1 2 3339 4795
3 1 7 479 3657 3884 4463 4607 4643 5072
3 14
4 3
5 1 2 514 4247
5 1 5 1254 3559 4113 4152 4284
5 1 5 2043 3713 4196 4224 4289
4 1 5 682 2838 3011 4427 4649
4 1 2 871 4290
4 1 2 949 4007
4 1 3 2721 3228 4095
4 2
5 1 4 3161 3223 3967 4424
5 1 3 3628 3962 4064
4 1 3 3243 3762 4420
4 1 2 3324 3911
4 1 2 3441 4253
4 1 3 3667 3777 4690
4 1 2 3807 4192
4 1 2 3883 4010
4 1 3 4158 4767 4850
4 1 2 4348 4450
3 5
4 1 6 828 3613 4030 4506 4577 5335
4 1 4 927 2497 3585 3831
4 1 5 2117 2413 3442 4909 5068
4 1 2 2923 3677
4 1 5 4175 4311 4316 4498 4824
3 1 3 3494 3605 4867
3 1 2 3754 4367
2 48
3 6
4 1 2 4 112
4 1 3 697 1157 1190
4 1 3 869 1700 1720
4 1 2 1188 1767
4 1 2 1255 1994
4 1 2 1932 2009
3 5
4 1 22 11 448 930 1016 1099 1349 1372 1404 1559 1674 1678 1688 1703 2161 2229 2250 2266 2409 2467 2800 2960 5693
4 1 5 297 1213 1647 2150 2219
4 1 2 400 1869
4 1 3 638 1075 2820
4 1 2 1459 1905
3 20
4 6
5 2
6 1 2 13 806
6 2
7 1 2 227 2167
7 1 2 1159 2534
5 1 4 236 1416 1473 1542
5 1 4 690 1824 2791 2959
5 1 2 793 1787
5 2
6 1 2 833 1511
6 1 2 1040 2521
5 2
6 1 2 1347 2608
6 1 3 1570 1587 2651
4 3
5 1 2 16 2496
5 1 2 169 230
5 1 2 284 660
4 3
5 1 3 35 2099 2717
5 1 3 215 745 5237
5 1 3 1460 1723 2545
4 2
5 1 3 108 1685 1860
5 1 2 2369 2580
4 3
5 1 8 159 2013 2105 2159 2441 2755 2860 2938
5 1 2 377 1143
5 1 2 1443 2214
4 2
5 1 4 181 819 1385 2375
5 1 2 1209 2718
4 1 3 209 770 1563
4 2
5 1 5 216 895 1116 1355 2404
5 1 2 2011 2298
4 3
5 2
6 1 2 465 1054
6 1 4 1741 1794 1856 1912
5 1 3 862 1484 1903
5 1 3 2186 2234 2456
4 2
5 1 3 547 966 1487
5 1 4 1772 1876 1899 1933
4 2
5 1 3 561 2162 2204
5 1 3 661 998 2279
4 1 8 650 1882 1890 2173 2289 2588 2623 2712
4 1 2 860 2663
4 2
5 1 2 905 2209
5 1 3 1873 1976 2420
4 2
5 1 2 907 2036
5 1 2 2069 2351
4 1 5 1878 2281 2495 2672 2807
4 2
5 1 4 1888 2336 2502 3191
5 1 4 2217 2356 2360 2377
4 1 2 2269 2921
4 1 3 2353 2370 6429
4 1 2 2569 2662
3 5
4 1 22 18 94 234 779 866 1068 1129 1276 1280 1340 1374 1445 1461 1475 1548 1578 1615 1622 1648 1737 1848 1849
4 1 3 591 1617 7552
4 1 2 617 1540
4 1 2 704 1123
4 1 3 1029 1367 1774
3 3
4 1 16 22 325 482 554 929 1086 1096 1235 1257 1292 1326 1352 1497 1531 2220 3155
4 1 3 628 1134 1980
4 1 2 1310 1433
3 16
4 5
5 2
6 1 3 25 678 1409
6 1 2 336 3719
5 2
6 1 2 47 1533
6 1 3 1063 1541 1566
5 1 6 218 446 772 1307 1356 2065
5 1 2 768 1151
5 1 2 1282 2230
4 3
5 1 4 157 291 1169 1230
5 1 5 933 945 1024 1162 1399
5 1 4 976 1135 1317 1408
4 1 5 160 986 1003 1368 6456
4 1 2 205 1364
4 3
5 1 2 258 1715
5 1 4 411 1336 2472 4612
5 1 2 1397 1466
4 1 4 310 421 2906 5319
4 1 5 414 954 1229 1337 1419
4 2
5 1 2 452 1449
5 1 2 1217 1386
4 2
5 1 4 634 1275 1363 1406
5 1 2 1228 1251
4 1 3 826 1176 1309
4 3
5 1 2 841 1339
5 1 2 1248 1701
5 1 2 1270 1311
4 1 2 917 1212
4 1 2 938 1388
4 2
5 1 2 960 1380
5 1 2 1148 9751
4 1 3 1226 1231 1314
4 1 3 1464 1576 1907
3 1 34 29 161 221 223 232 360 424 659 713 735 783 1038 1066 1111 1182 1233 1348 1383 1432 1471 1683 1844 1852 1853 1968 1971 2022 2059 2242 2248 2254 2287 2292 3169
3 14
4 1 3 40 1485 1597
4 2
5 1 3 178 1393 1396
5 1 3 665 1312 1414
4 1 5 191 883 1154 1283 2536
4 2
5 1 3 231 731 740
5 1 4 290 1089 1498 3596
4 1 2 301 2714
4 1 2 497 699
4 1 3 589 1896 1997
4 1 3 940 1452 1887
4 2
5 1 4 990 1252 1631 2000
5 1 3 1440 1788 6880
4 1 5 993 1470 1754 1945 2261
4 3
5 1 2 1166 1333
5 1 2 1543 2644
5 1 2 1680 8355
4 1 2 1180 1574
4 1 3 1269 1415 1635
4 1 2 2474 2549
3 16
4 3
5 1 4 49 1000 2006 2584
5 1 2 814 1354
5 1 2 1262 1982
4 1 2 71 928
4 2
5 1 3 91 1114 1376
5 1 3 1009 1242 2083
4 2
5 1 4 118 1324 1792 2114
5 2
6 1 2 1676 2407
6 1 2 1734 2061
4 2
5 1 3 146 1056 1592
5 1 2 1710 2193
4 2
5 1 2 387 2058
5 1 3 418 508 2440
4 4
5 1 3 447 1247 1555
5 1 3 769 988 2770
5 1 2 1302 1981
5 1 2 1553 1821
4 1 2 526 1920
4 1 3 615 1152 1178
4 3
5 1 3 673 1273 2329
5 1 3 1539 1704 1847
5 1 2 1969 2391
4 1 4 710 983 1014 1407
4 1 3 725 1454 1467
4 2
5 1 2 1108 3913
5 1 2 1291 1854
4 1 2 1702 1783
4 1 3 1830 2148 2312
4 1 2 2259 2260
3 3
4 1 33 55 397 644 681 888 904 979 1057 1092 1125 1308 1526 1670 1679 1959 1960 1967 1972 1973 1979 2005 2239 2245 2290 2587 2647 2701 2769 2788 2813 3355 4001 4195
4 1 3 631 728 1300
4 1 4 1707 1902 2199 2207
3 2
4 1 46 77 961 1137 1206 1267 1278 1304 1447 1463 1525 1527 1528 1537 1557 1560 1562 1575 1579 1580 1588 1589 1595 1599 1600 1605 1612 1616 1621 1632 1633 1645 1650 1659 1660 1661 1663 1681 1684 1708 1778 1781 1790 1799 1801 1804 1813
4 1 2 558 1770
3 14
4 2
5 1 4 79 1260 1483 6894
5 1 3 138 150 376
4 2
5 1 3 228 736 1850
5 1 3 1076 1325 1626
4 1 3 386 1436 1551
4 2
5 1 3 437 487 2032
5 1 2 2008 2101
4 2
5 1 4 450 1297 1652 6340
5 1 4 1546 1651 1868 2631
4 1 3 516 1608 1807
4 1 4 546 1604 1643 2133
4 1 4 600 1692 1957 2034
4 1 3 648 2609 3157
4 1 2 1006 2604
4 2
5 1 2 1020 1810
5 1 3 1221 1438 1773
4 2
5 1 3 1140 1917 2039
5 1 2 1256 1748
4 1 3 1437 1488 1806
4 1 4 1507 2796 3164 3778
3 2
4 1 12 104 247 586 689 802 1552 2278 2342 2455 2607 2653 5534
4 1 5 293 496 1649 1822 1952
3 4
4 1 2 124 1716
4 1 16 299 709 747 775 1211 1350 1523 1524 1928 1956 2042 2153 2333 3257 3306 6413
4 1 2 664 1293
4 1 2 2089 2486
3 2
4 1 4 129 1800 2276 2586
4 1 3 627 1828 2073
3 2
4 1 39 193 326 390 1007 1207 1450 1725 1817 1820 1829 1880 1900 1909 1915 1921 1924 1944 1946 2052 2070 2127 2132 2241 2243 2251 2253 2277 2322 2323 2324 2325 2327 2389 2433 2764 2805 3338 4895 6132
4 1 3 1127 1329 1992
3 1 9 197 281 1017 1133 1564 1724 2095 2124 2687
3 7
4 1 3 217 830 1646
4 1 2 399 1430
4 2
5 1 2 741 839
5 1 2 1864 2715
4 1 2 792 1962
4 1 4 922 1078 1272 2889
4 1 3 1172 1500 2018
4 1 3 2191 2560 2678
3 3
4 1 31 252 501 578 743 842 1044 1638 1696 1709 1823 1874 1919 1963 2010 2017 2054 2096 2152 2197 2198 2210 2271 2272 2295 2318 2320 2321 2410 2424 2652 2655
4 2
5 1 3 712 2079 2264
5 1 2 2228 2297
4 1 3 1426 2071 2086
3 2
4 1 6 267 623 820 1191 1769 2738
4 1 4 518 1240 2166 2705
3 10
4 1 2 278 2427
4 1 2 468 2067
4 1 2 493 541
4 1 2 773 1845
4 2
5 1 3 798 2227 2989
5 1 2 1798 2238
4 1 3 829 1382 1713
4 1 2 1441 1594
4 1 3 1565 1577 1758
4 1 2 1620 2265
4 1 3 2237 2382 2457
3 3
4 1 3 327 1740 1837
4 1 3 1185 1403 1918
4 1 2 1401 1698
3 2
4 1 3 333 951 1609
4 1 2 761 1402
3 1 8 367 980 1362 1492 1694 1718 2435 8920
3 4
4 1 3 456 1136 3083
4 1 6 696 885 957 978 1197 1706
4 1 12 1153 1210 1220 1332 1353 1428 1545 1607 1699 1750 1831 1855
4 1 2 1439 6102
3 2
4 1 7 500 782 959 1590 1623 1742 1760
4 1 2 672 1474
3 2
4 1 2 512 1501
4 1 6 1215 1991 2255 2256 2267 2283
3 2
4 1 4 590 1573 1816 2403
4 1 2 1167 1281
3 1 5 645 748 1499 2445 2500
3 2
4 1 21 666 843 856 952 1001 1115 1181 1321 1370 1613 1779 1965 2334 2436 2783 3475 4604 5463 6081 6146 6435
4 1 2 1761 2050
3 1 2 683 757
3 1 12 708 1011 1375 1495 1627 1693 1793 1819 1826 1832 1990 1996
3 1 4 759 2563 2595 2657
3 1 2 764 1593
3 2
4 1 6 780 831 1177 1305 1434 1505
4 1 3 1477 1733 1746
3 1 4 790 892 1258 3100
3 1 2 795 2679
3 2
4 1 2 835 1515
4 1 3 1606 2062 2668
3 1 22 890 943 1035 1130 1142 1175 1198 1249 1261 1286 1384 1391 1405 1490 1549 1569 1766 1875 1989 2041 4818 5415
3 1 4 913 916 1012 3027
3 2
4 1 2 1018 1655
4 1 4 1319 1776 2046 2076
3 1 3 1110 1654 1669
3 1 3 1183 1222 1722
3 1 6 1373 1389 1765 1775 1795 1975
3 1 2 1421 1881
3 1 3 1494 2268 2366
3 1 2 1825 2183
3 1 2 2001 2361
2 44
3 7
4 1 2 6 1942
4 2
5 1 2 210 595
5 1 2 233 409
4 1 3 282 2343 3232
4 1 2 490 1313
4 1 3 695 893 2842
4 1 2 2671 2987
4 1 3 2757 3108 3134
3 1 3 8 3791 4018
3 4
4 1 2 10 953
4 1 3 752 2602 2765
4 1 5 1639 3007 4581 4681 5325
4 1 2 1731 3129
3 3
4 1 2 28 2861
4 1 2 2882 2941
4 1 2 2924 3399
3 8
4 2
5 1 3 36 2857 2973
5 1 4 968 1894 1985 2674
4 1 4 153 2749 2760 2982
4 1 4 513 985 3026 4170
4 1 2 2310 2981
4 1 3 2394 2762 2954
4 1 2 2439 3064
4 1 4 2522 2532 2666 3124
4 1 4 2751 3074 3225 3427
3 4
4 1 3 48 694 2645
4 1 3 489 2345 2778
4 1 3 935 1995 2632
4 1 3 3275 3297 3358
3 1 3 57 2003 3313
3 1 8 61 2038 3053 3107 3261 3350 4233 5433
3 5
4 1 2 139 2994
4 1 3 1290 1908 2303
4 1 4 1814 1950 3194 3342
4 1 4 2056 2601 3101 3273
4 1 2 2090 2437
3 2
4 1 2 174 187
4 1 6 1168 2933 3230 3250 3302 3488
3 2
4 1 5 241 2611 2681 2936 3209
4 1 4 2616 2859 2939 3360
3 3
4 1 3 287 363 2883
4 1 3 544 1378 2728
4 1 3 2703 3167 3317
3 2
4 1 8 350 2091 2743 2885 2890 3153 3445 3591
4 1 2 601 2571
3 7
4 1 3 441 2733 2999
4 1 2 876 2087
4 2
5 1 2 965 3033
5 1 2 2129 3213
4 1 2 1033 1491
4 1 3 1712 2315 2963
4 1 3 2419 2742 3202
4 1 2 2874 2920
3 2
4 1 3 458 711 2233
4 1 3 3181 3237 3345
3 2
4 1 3 498 1458 2252
4 1 5 2354 2942 3159 3612 7491
3 1 3 550 3152 3373
3 2
4 1 2 556 1568
4 1 5 1556 2856 3343 3549 3751
3 1 5 576 803 3145 3162 3241
3 2
4 1 2 584 2922
4 1 4 987 995 2694 5279
3 2
4 1 7 652 1013 2106 2337 2975 3303 3752
4 1 6 2174 2754 3538 3570 3589 3662
3 1 4 693 999 2530 2928
3 1 3 707 1916 2893
3 1 6 796 1978 2997 3422 3508 3664
3 1 4 936 1673 3242 3262
3 2
4 1 3 964 1780 2638
4 1 3 2415 2487 2993
3 2
4 1 2 1005 2863
4 1 3 1131 3469 3470
3 1 2 1146 1581
3 2
4 1 3 1155 1478 3098
4 1 4 2314 3008 3353 3359
3 3
4 1 4 1271 2185 3379 3410
4 1 4 1341 2319 2673 3407
4 1 5 1838 2873 3296 3333 4879
3 1 3 1586 2141 2610
3 1 4 1987 3211 3231 3485
3 2
4 1 4 2110 2669 2700 2870
4 1 2 2447 2503
3 2
4 1 2 2284 2839
4 1 3 2758 2943 4701
3 1 2 2384 3019
3 1 3 2463 2741 2949
3 1 5 2504 2603 2636 3017 3289
3 1 5 2542 2985 2991 3495 4107
3 1 2 2753 3120
3 1 2 2848 2849
3 1 2 3040 3059
3 1 3 3177 3449 3576
3 1 7 3245 3617 3619 3838 4033 4039 4052
3 1 2 3634 4208
2 2
3 1 3 17 1343 4034
3 1 61 72 184 347 684 854 906 1081 1303 1480 1558 1717 1747 1753 1763 1808 1940 2016 2205 2417 2501 2850 2968 3020 3149 3197 3254 3332 3530 3543 3665 3705 3722 3734 3927 3942 4057 4129 4213 4281 4321 4395 4585 4809 4856 4897 4912 4940 4981 5016 5140 5160 5184 5239 5411 5559 5855 5925 6089 6741 6957 6970
2 5
3 1 42 30 31 171 250 255 469 566 571 832 1186 1365 1424 1585 1802 2037 2171 2520 2744 2827 3047 3089 3156 3166 3173 3729 3787 3876 3988 4056 4098 4119 4145 4149 4163 4268 4376 4452 4599 4623 5410 5455 5647
3 1 2 330 1889
3 1 4 480 622 1665 5028
3 1 3 2225 2698 3240
3 1 2 2919 3144
2 5
3 1 45 51 53 163 655 868 870 1077 1082 1316 1379 1628 2075 2119 2135 2142 2179 2188 2381 2490 2507 2895 2911 2978 3227 3482 3520 3545 3590 3786 3815 3949 4016 4041 4128 4242 4332 4451 4729 4730 4884 4936 4982 4996 4999 5427
3 1 2 155 2380
3 1 2 2821 3088
3 1 2 3535 4586
3 1 2 4067 4491
2 10
3 1 3 65 1943 3975
3 3
4 1 3 76 1201 2262
4 1 5 194 473 815 1274 1451
4 1 3 395 549 4295
3 2
4 1 2 115 1547
4 1 6 123 1084 1093 1323 2060 2421
3 4
4 1 5 244 2559 2784 2914 3236
4 1 2 1877 1893
4 1 3 2708 3057 4299
4 1 4 3978 4115 4312 4840
3 4
4 1 4 261 429 1947 2793
4 1 4 342 2544 3118 3390
4 1 5 1030 2048 2064 2747 4203
4 1 2 1836 4182
3 3
4 1 3 366 4044 4221
4 1 3 481 3087 5217
4 1 3 2344 2786 4081
3 3
4 1 4 438 875 991 1502
4 1 3 909 2777 4048
4 1 3 1870 3259 4698
3 1 7 524 1028 1583 3136 3941 4025 4552
3 2
4 1 3 685 1037 3707
4 1 2 2737 3215
3 3
4 1 3 804 1124 1567
4 1 5 1351 1469 1482 1629 3045
4 1 3 1550 2422 3397
2 3
3 1 13 74 2650 2808 2862 3010 3046 3291 3582 3584 4855 5508 6514 7836
3 1 2 1727 4713
3 1 2 1884 3681
2 6
3 1 60 102 302 467 633 738 771 1521 1883 2355 2804 2864 2866 2871 3018 3117 3123 3158 3160 3184 3199 3246 3294 3372 3378 3464 3487 3491 3511 3557 3839 3901 3983 4058 4059 4111 4171 4229 4279 4322 4358 4594 4597 4712 4716 4816 4821 4853 4875 4939 4942 4966 5015 5082 5096 5157 5167 5191 5254 5413 5416
3 1 2 430 3096
3 1 2 1504 3208
3 1 3 2145 2713 2958
3 1 2 2843 5575
3 1 2 3256 4475
2 2
3 1 27 110 763 1062 1398 1886 2247 2371 2470 2641 2944 3278 3310 3331 3346 3389 3394 3398 3447 3548 4291 4590 4608 4864 4916 4917 4941 5173
3 2
4 1 3 359 756 4275
4 1 2 1266 1371
2 3
3 1 27 119 186 273 306 618 657 702 818 992 996 1002 1101 1192 1431 1442 1689 1923 1974 2182 2286 2480 3542 3638 3928 4280 4744 4974
3 1 2 1934 2926
3 1 2 2190 3539
2 1 4 130 2077 2373 2566
2 14
3 1 3 145 950 3922
3 1 2 147 2682
3 2
4 1 3 177 3226 3683
4 1 2 1050 4857
3 1 13 237 288 1113 1603 2137 2147 2340 2658 3206 3247 3607 4425 6129
3 1 4 246 1315 5046 6273
3 1 3 334 2905 4693
3 1 3 425 863 1224
3 1 6 476 3021 4072 4303 4620 5871
3 1 2 515 3066
3 4
4 1 2 705 3082
4 1 2 794 1074
4 1 4 1141 1929 2613 3561
4 1 2 2826 3598
3 1 3 788 3050 3749
3 1 2 1208 4976
3 1 2 1598 2945
3 1 2 2270 3061
2 1 57 148 262 361 629 722 810 882 1764 1885 2477 2485 2583 2614 2661 2724 2740 2759 2779 2787 2853 2935 2950 2962 2965 3097 3104 3330 3426 3438 3697 3811 3863 3880 3917 3925 4051 4219 4374 4563 4617 4751 4796 4841 4871 5030 5165 5210 5268 5288 5330 5402 5449 5492 5496 5507 5734 5863
2 3
3 1 23 162 192 201 706 733 912 932 944 977 1049 1193 1503 1984 2120 2499 2564 2656 2707 3606 3626 4123 4456 4644
3 1 2 2128 4271
3 1 3 2156 3694 4176
2 1 2 167 972
2 3
3 2
4 1 3 198 2425 3506
4 1 2 285 1630
3 1 10 1342 1658 3609 4136 4174 4595 5207 5866 6443 6633
3 1 2 3453 5241
2 5
3 1 60 204 343 353 970 1410 1872 1879 1926 1936 2206 2263 2299 2364 2374 2448 2625 2646 2699 2752 2875 2878 2888 3054 3106 3125 3186 3218 3264 3446 3560 4096 4335 4748 4754 4872 4920 4978 5076 5127 5136 5139 5290 5350 5435 5457 5490 5509 5512 5702 5799 5833 5848 5853 5880 5921 5922 5986 5992 7789 8022
3 1 2 824 5950
3 1 2 2121 2348
3 1 2 3676 5481
3 1 2 3686 4408
2 2
3 1 2 295 5129
3 1 5 415 594 3212 4890 4975
2 4
3 1 53 307 463 466 1200 1223 1253 1508 1910 2138 2446 2458 2814 2980 3219 3272 3367 3440 3577 3588 3608 3621 3632 3637 3661 3693 3717 3767 3770 3792 3794 3814 3835 3845 3862 3954 3985 3990 4000 4020 4022 4062 4184 4225 4278 4292 4386 4488 4527 4529 4532 7739 8043 8910
3 1 2 381 2606
3 1 2 2567 3005
3 1 2 2726 3615
2 2
3 1 25 332 362 510 840 1244 2357 2516 2731 2798 2815 3075 3122 3133 3143 3513 3553 4682 4745 4950 5051 5052 5054 5056 5057 5317
3 1 2 2654 3003
2 5
3 1 3 348 2115 3279
3 2
4 1 3 727 2428 3914
4 1 2 751 2570
3 1 3 1067 2168 3976
3 1 2 1241 2081
3 1 2 1486 3233
2 2
3 1 3 365 3039 3147
3 1 2 3639 5172
2 2
3 1 2 372 4549
3 1 2 2072 4126
2 3
3 1 2 401 3972
3 1 2 2897 3956
3 1 2 4675 6190
2 6
3 1 2 412 3799
3 1 3 483 1423 5203
3 1 3 766 3890 3923
3 1 2 1322 3708
3 1 2 1656 3058
3 1 2 2918 6390
2 4
3 1 3 560 3006 3217
3 1 2 753 2790
3 1 2 1088 3735
3 1 2 1811 2594
2 1 2 593 2169
2 1 9 715 1749 2481 2554 3251 3669 4391 4458 4759
2 1 2 1010 6270
2 1 5 1160 1637 1667 3263 3325
2 3
3 1 4 1202 1726 2033 2387
3 1 5 1857 2995 3979 4957 5130
3 1 2 2531 4951
2 1 2 1259 1395
2 1 2 1328 3771
2 1 3 1671 2797 4015
2 1 2 1777 2629
2 1 2 1803 2244
2 1 3 1999 2450 3065
2 1 2 2024 5760
2 1 2 2063 3425
2 1 2 2211 2756
2 1 5 2246 2540 2541 3288 5819
2 1 7 2257 3138 3311 3595 3654 3702 3994
2 1 3 2912 2957 2983
2 1 2 2915 3142
2 2
3 1 4 3645 4901 5114 5204
3 1 2 5299 8671
2 1 2 4283 4530
1 26
2 2
3 1 7 3 460 846 4411 5161 5975 6742
3 1 2 7158 10254
2 2
3 1 9 97 667 962 2894 3195 3515 3848 4396 5536
3 1 2 4794 4945
2 1 13 199 1055 1755 1958 2082 2538 3340 3711 3964 4938 5083 5442 6765
2 5
3 1 3 242 613 2555
3 2
4 1 3 1358 2877 3200
4 1 3 2539 5085 5297
3 1 3 1892 1904 3747
3 1 4 3352 3898 4656 4979
3 1 2 6587 7487
2 3
3 1 7 272 1768 3362 3882 4012 7524 7689
3 1 3 3080 3653 9361
3 1 2 6202 7646
2 4
3 1 9 279 2224 2338 2526 2575 2772 2974 3052 3649
3 1 10 1456 1584 1714 1782 1835 1953 2213 2574 2972 3038
3 1 5 1906 3356 3501 3723 6935
3 1 2 2660 3307
2 7
3 4
4 1 5 346 2550 3473 3870 8905
4 1 4 358 2774 3093 3750
4 1 3 776 2068 2471
4 2
5 1 3 2782 2835 3533
5 1 3 3309 3725 4913
3 4
4 1 2 491 3069
4 1 3 2892 4654 8721
4 1 3 3383 3704 5471
4 1 2 4861 6169
3 4
4 1 3 777 1455 1711
4 1 2 1530 7611
4 1 3 2051 2612 3853
4 1 2 2194 4053
3 3
4 1 3 1072 2493 3013
4 1 5 1518 2125 2317 2390 3253
4 1 3 2876 2929 4084
3 2
4 1 3 1366 2809 5346
4 1 2 4130 5774
3 2
4 1 4 1664 3743 5394 5775
4 1 3 4288 5783 5801
3 1 3 1789 4046 4704
2 2
3 1 3 352 3375 6466
3 1 3 6628 7168 8608
2 1 37 435 767 1757 2035 2280 2388 3326 3357 3706 3781 3915 4741 4829 4980 5010 5510 5594 5664 5869 6096 6282 6290 6346 6564 6572 6756 7880 7917 8015 8069 8094 8104 8143 8194 8362 8505 8509
2 1 3 455 6736 8072
2 1 9 523 1264 1279 2181 2397 3113 4658 5580 6879
2 9
3 2
4 1 3 573 1079 9817
4 2
5 1 2 6731 8325
5 1 2 8294 8760
3 6
4 1 3 918 3509 5939
4 1 3 5103 9121 9253
4 1 2 7007 8319
4 1 2 7242 9205
4 1 3 8312 8480 9263
4 1 2 8331 8591
3 3
4 1 2 3684 8655
4 1 4 3821 6841 8863 9810
4 1 2 4296 9753
3 1 3 3742 4405 7915
3 1 3 4009 5138 6177
3 3
4 1 4 4781 5875 6133 8797
4 1 2 7906 9320
4 1 2 8532 8726
3 2
4 1 2 5700 8593
4 1 2 6798 9019
3 1 2 7352 10221
3 1 3 7766 8663 10239
2 2
3 1 2 677 9509
3 1 6 816 3897 4074 4665 6044 9446
2 1 3 734 6991 7768
2 1 5 817 3789 3943 4673 7730
2 1 4 941 981 1120 1496
2 2
3 1 2 1400 4282
3 1 7 3205 3285 4501 4695 5250 6207 7109
2 1 3 2012 4709 5525
2 2
3 1 2 2093 3056
3 1 2 2518 2592
2 1 3 2362 2558 10182
2 2
3 1 2 2568 3163
3 1 2 5170 6418
2 1 11 2768 2934 3099 3214 4236 5041 5379 7528 8428 9790 9999
2 1 2 4752 7013
2 1 2 6773 6853
2 1 2 7153 7990
2 1 2 7735 8597
1 74
2 40
3 11
4 2
5 1 2 5 8302
5 1 2 7596 9475
4 2
5 1 2 114 10045
5 1 2 3586 8098
4 2
5 1 5 915 4885 9031 9826 9855
5 1 2 7823 9456
4 1 3 4949 8351 9233
4 1 5 5043 8623 9524 9621 9878
4 1 4 5780 8487 9202 9802
4 1 3 5962 9792 9883
4 1 3 6324 9052 9889
4 2
5 1 2 7020 9382
5 1 4 7021 7726 8845 9369
4 1 4 7443 8729 9872 10089
4 1 2 8847 9269
3 9
4 1 4 24 2030 9634 9958
4 1 4 87 3319 5978 9656
4 3
5 1 2 2578 8041
5 1 2 8826 9667
5 1 2 9319 9564
4 1 2 3062 10033
4 1 2 3968 4726
4 1 3 5397 7842 9823
4 1 3 6229 8917 10030
4 1 4 6391 9780 9963 10265
4 2
5 1 3 8817 9692 10052
5 1 3 9576 10042 10145
3 2
4 2
5 1 2 81 9339
5 1 2 180 9103
4 2
5 1 2 3558 8055
5 1 2 5179 8854
3 1 9 208 5696 5899 6831 7951 8758 9510 9869 10158
3 3
4 1 4 214 3819 9079 10110
4 1 3 701 6162 9072
4 1 2 8087 9624
3 9
4 2
5 1 5 224 315 382 1268 6128
5 1 3 7233 9675 9748
4 2
5 1 4 1624 3602 5919 9678
5 1 3 3741 9152 9815
4 1 2 2113 9960
4 2
5 1 2 2776 9684
5 1 2 3766 9353
4 2
5 1 2 2780 4352
5 1 2 4397 9313
4 1 3 4086 7980 9546
4 1 3 4361 9844 10093
4 1 3 5424 7681 8432
4 1 3 9928 10081 10096
3 1 7 277 6747 7780 9182 9194 9672 10072
3 13
4 2
5 1 4 322 608 2901 9480
5 1 2 8472 9311
4 1 3 324 9444 9495
4 2
5 1 3 373 9236 9323
5 1 3 931 7819 10109
4 3
5 1 2 404 6910
5 1 2 449 8648
5 1 2 9210 9654
4 3
5 1 4 718 6748 9436 9575
5 2
6 1 3 1489 7525 9123
6 1 2 8750 9066
5 1 2 9160 10003
4 1 4 2524 9423 9459 9548
4 4
5 1 4 3689 5836 9237 9338
5 1 3 5238 7996 8485
5 1 3 6968 7757 8822
5 1 2 8937 9033
4 2
5 1 2 4889 9544
5 1 2 9260 9745
4 4
5 1 2 5075 9161
5 1 2 5784 8284
5 1 3 7354 7514 8811
5 1 3 9013 9245 9451
4 1 3 5171 8506 9226
4 1 3 6531 9231 10062
4 2
5 1 2 6980 8918
5 1 2 8353 8986
4 1 2 9014 9417
3 5
4 1 3 339 9368 9549
4 1 2 1472 9903
4 1 3 4959 7314 9090
4 1 3 6365 8762 9186
4 1 2 10013 10061
3 4
4 1 2 374 8961
4 1 3 4061 8890 9032
4 2
5 1 2 5963 7059
5 1 2 7703 8247
4 1 2 7455 8616
3 1 4 394 8113 8775 9808
3 12
4 2
5 1 2 565 9658
5 1 2 9197 9638
4 1 3 616 1970 5663
4 1 5 858 3859 5917 7075 9630
4 1 3 900 6892 10035
4 1 4 3624 5255 9900 10272
4 3
5 1 3 4732 6858 9045
5 1 2 5543 5573
5 1 2 6355 8430
4 1 2 5264 8451
4 1 4 5722 6792 7271 10108
4 1 3 8088 10057 10219
4 1 2 8483 9645
4 1 2 9067 9897
4 1 3 9987 10124 10311
3 10
4 1 3 587 3507 8916
4 1 5 2028 3433 7493 7764 8638
4 1 4 2249 3150 6077 7988
4 1 4 5358 5810 7853 9372
4 1 5 5448 6776 7680 8052 9049
4 2
5 1 2 6221 9411
5 1 2 9230 9482
4 1 3 7926 9603 9991
4 1 4 8240 8360 8860 8921
4 1 2 8411 8943
4 1 2 9794 9847
3 3
4 1 11 825 5098 8802 8933 9129 9725 9774 9996 10000 10007 10104
4 1 4 2103 7720 9126 9349
4 1 4 7068 8753 9784 10067
3 2
4 1 7 1047 7005 7591 10228 10263 10267 10270
4 1 2 3721 10155
3 6
4 1 5 1058 6045 8883 9582 9652
4 1 2 6097 9970
4 1 3 6474 9600 9940
4 1 3 7141 8378 9221
4 2
5 1 2 7597 9494
5 1 2 8074 9569
4 1 3 9141 9761 10234
3 1 4 1462 2727 4483 8558
3 3
4 2
5 1 3 1611 1739 7684
5 1 2 7613 8377
4 1 2 8399 10086
4 1 4 8461 8523 8755 9590
3 1 7 2288 3641 5832 6821 8433 8666 9171
3 1 4 2308 7965 8674 8898
3 10
4 1 3 2640 8224 9606
4 1 2 4241 9430
4 2
5 1 4 4943 8919 10082 10288
5 1 3 10249 10260 10298
4 2
5 1 2 5469 8581
5 1 2 8555 9620
4 2
5 1 2 7762 8526
5 1 3 9696 10243 10262
4 1 2 7886 9832
4 1 4 9586 9616 9708 9709
4 1 2 9717 10285
4 1 3 9886 9914 10133
4 1 2 10056 10122
3 3
4 1 3 3327 4137 9649
4 1 3 4883 8030 8533
4 1 2 8759 10198
3 3
4 1 3 3527 5143 5206
4 1 3 4101 8981 9217
4 1 3 7933 9011 9871
3 1 3 3826 4462 8323
3 1 6 3995 7948 9297 9442 9848 10224
3 2
4 1 2 4252 10290
4 1 4 7197 8929 9288 10102
3 3
4 1 5 4519 5234 8992 9407 10044
4 2
5 1 2 8914 9469
5 1 2 9764 9846
4 1 3 9904 10058 10264
3 2
4 1 5 4619 8026 8520 9788 10139
4 1 2 5007 9777
3 1 3 4719 7143 9577
3 1 5 4894 6573 8111 9657 10099
3 3
4 1 3 5111 8242 8975
4 1 3 9477 9497 9880
4 1 2 9526 9747
3 2
4 2
5 1 3 5219 9155 9453
5 1 2 6611 7600
4 1 9 5388 5662 5945 7632 7750 9010 9053 9796 9990
3 4
4 1 2 5453 9722
4 1 2 5753 9284
4 1 2 8816 9961
4 1 2 9433 9602
3 1 5 6424 8954 10048 10142 10247
3 1 6 6507 7033 7380 7563 8720 9179
3 1 2 6709 9698
3 1 4 7485 7594 7650 9968
3 1 2 8690 9317
3 2
4 1 2 9220 10130
4 1 4 10078 10080 10103 10167
3 1 3 10172 10304 10310
2 14
3 2
4 1 4 9 8416 9340 10282
4 1 4 173 7214 8607 8852
3 1 3 533 7294 8803
3 1 2 889 4523
3 4
4 1 2 3450 6681
4 1 2 3764 6241
4 1 3 4521 6351 8948
4 1 2 6104 8119
3 2
4 1 3 3593 6110 6189
4 1 2 8752 9108
3 1 2 3753 8770
3 2
4 1 4 5425 8618 9251 9387
4 1 2 8968 8980
3 3
4 1 2 5814 8102
4 1 3 7578 8813 9259
4 1 3 8687 8923 9287
3 1 4 5914 7014 8089 8263
3 2
4 1 3 6532 7189 9822
4 1 2 6915 9632
3 1 2 6589 9859
3 1 3 8363 8429 9466
3 1 2 8376 8536
3 1 3 8857 9965 10194
2 70
3 5
4 1 3 14 6314 7699
4 1 2 3411 8013
4 2
5 1 2 3700 5176
5 1 3 7234 8788 8951
4 1 4 4334 6887 7954 9298
4 1 2 5901 9957
3 3
4 1 15 38 6919 8230 8886 9125 9216 9668 10024 10060 10152 10171 10251 10268 10283 10299
4 1 3 5053 6650 10084
4 1 2 9863 10074
3 1 4 89 9555 9694 10011
3 1 3 90 8064 10088
3 4
4 2
5 1 2 101 8699
5 1 3 3643 7120 8268
4 1 5 891 3419 5353 10204 10223
4 1 4 1184 8078 8400 9159
4 1 2 9452 10281
3 3
4 2
5 1 2 133 9296
5 1 2 6634 8894
4 1 2 328 6261
4 1 2 8615 9006
3 2
4 1 3 149 8763 9435
4 1 2 8559 9589
3 2
4 1 2 172 6715
4 1 5 1204 4958 5615 8470 9277
3 3
4 1 4 245 5701 7378 7973
4 1 9 6186 8228 8572 8668 9131 9223 9648 9976 9980
4 1 2 9946 10005
3 2
4 1 9 264 5153 5822 8301 8583 8598 8855 9003 9188
4 1 3 807 8275 10125
3 14
4 2
5 1 6 413 7060 8473 8658 9088 10148
5 1 2 8486 10094
4 3
5 2
6 1 3 2732 6712 8316
6 1 2 9530 9923
5 1 3 4314 7170 10293
5 2
6 1 2 6962 7333
6 1 2 10041 10271
4 1 5 2913 7548 8524 8602 8627
4 4
5 2
6 1 2 3229 8707
6 1 2 8849 10128
5 1 2 4416 7634
5 2
6 1 2 6876 7470
6 1 2 7964 9805
5 1 2 8210 9397
4 1 5 3578 6070 7072 9887 10183
4 1 3 3854 8149 8936
4 2
5 1 2 4514 9545
5 1 3 9204 9470 10141
4 1 4 4929 5245 7798 8922
4 1 5 5587 9172 9641 9967 10218
4 1 3 5683 6454 9180
4 1 5 6005 7937 8823 9310 9896
4 2
5 1 2 6720 8850
5 1 2 7576 7813
4 2
5 1 3 7400 8528 10107
5 1 3 8424 9538 9558
4 1 3 8930 9158 9627
3 5
4 1 3 423 552 2535
4 1 9 1053 5506 5778 6461 7393 7618 8542 9061 9279
4 1 3 2811 8274 8381
4 1 7 5677 6028 6934 7131 9060 9845 9937
4 1 3 6098 8997 9535
3 1 6 439 5445 7096 8767 8964 9001
3 1 5 443 3987 8634 8856 9321
3 2
4 1 19 445 729 1091 2178 3993 4383 5272 5665 5708 6616 7631 8356 8777 9303 9550 9723 9864 9978 10213
4 1 2 8828 9047
3 1 5 507 581 6533 6808 8738
3 1 5 643 732 8214 8287 8713
3 2
4 1 8 857 5519 6347 7219 7619 8877 9128 10014
4 1 2 6609 10076
3 2
4 1 2 975 7066
4 1 3 4911 7164 8670
3 1 4 1052 8621 8768 9925
3 1 3 1098 8076 9135
3 1 9 1420 4774 5261 5478 6664 6990 7302 7581 8793
3 1 3 1619 4737 7786
3 1 10 1625 1861 4217 4363 5240 7151 7787 8514 9154 9773
3 1 2 1728 4138
3 1 2 2335 4905
3 4
4 1 2 2367 8417
4 1 3 4436 6682 7902
4 1 10 4650 6974 7212 7532 8110 8521 8612 8746 8835 8895
4 1 3 7356 8455 10161
3 4
4 1 4 2431 4240 4286 6965
4 1 3 4076 5269 6605
4 2
5 1 3 7556 8303 8819
5 1 3 8735 8893 9102
4 1 3 8190 8653 8872
3 1 10 2483 7022 7218 7392 8563 8698 9092 9566 9783 9840
3 2
4 1 2 2506 7924
4 1 2 4409 9305
3 2
4 1 4 2618 6451 8093 8512
4 1 2 2684 4613
3 1 2 2846 8547
3 2
4 1 6 3012 4567 5236 8573 9568 9691
4 1 2 6172 6604
3 1 3 3448 7469 8227
3 1 11 3522 4609 5596 6412 8202 8347 8440 9199 9238 9379 10101
3 1 15 3761 4846 6181 8063 8327 8611 8824 8873 8901 8956 9206 9388 9419 9981 10199
3 1 3 4323 9143 9637
3 1 2 4366 9771
3 1 4 5066 9370 9608 9643
3 1 7 5653 7448 8031 8456 8551 9050 9157
3 1 12 5705 5766 9020 9038 9076 9232 9389 9644 9677 9681 9867 10227
3 1 2 6012 9037
3 2
4 1 3 6054 7955 9898
4 1 2 7717 9029
3 1 3 6489 6839 9824
3 2
4 1 2 6569 10208
4 1 4 9255 9304 9401 9772
3 1 2 6599 8942
3 2
4 1 2 6639 7507
4 1 3 7122 7176 7398
3 1 3 6799 8161 8305
3 1 2 6817 8785
3 1 3 6866 8054 9163
3 1 3 7003 7731 8815
3 2
4 1 3 7200 8556 9457
4 1 2 8238 9807
3 1 2 7895 10138
3 1 2 7963 9333
3 1 2 8014 8631
3 1 2 8154 10233
3 1 4 8493 8958 9147 10043
3 2
4 1 3 8517 9471 9949
4 1 2 9117 9977
3 1 3 8649 8825 9599
3 1 3 8749 9009 9057
3 1 2 8781 9418
3 1 2 8799 9554
3 1 2 8983 10176
3 1 2 9089 9355
3 2
4 1 3 9239 9341 9415
4 1 2 9280 9508
3 1 2 9371 9518
3 1 3 9642 10131 10244
3 1 2 9837 10046
3 1 2 9924 10190
3 1 3 10232 10256 10305
2 9
3 1 3 21 9752 10225
3 1 5 99 785 1686 3405 9440
3 1 30 1060 1139 2027 2126 3179 4307 4934 5196 6574 6781 7097 7583 8205 8683 8907 8953 9035 9087 9273 9465 9474 9594 9715 9988 10147 10184 10222 10231 10306 10308
3 1 2 1105 4641
3 1 3 5691 7987 10140
3 2
4 1 2 6823 10193
4 1 2 10174 10257
3 1 2 7051 9424
3 1 3 7891 8842 9375
3 1 2 10021 10040
2 5
3 1 59 23 974 1065 1818 2258 2383 3035 3828 3889 4368 4373 4989 5809 6075 6271 6309 6870 7117 7166 7180 7206 7269 7426 7459 7484 7862 7974 8250 8370 8439 8446 8667 8692 8974 8985 9081 9292 9400 9405 9441 9460 9500 9506 9527 9581 9584 9587 9671 9816 9827 9865 9892 9927 9931 9953 9955 10075 10150 10291
3 1 2 1071 9849
3 1 2 8946 9272
3 1 3 8955 9224 9806
3 1 2 10087 10091
2 3
3 1 13 26 3825 5768 5776 8978 9025 9687 9902 9956 10002 10032 10127 10300
3 1 2 6478 8620
3 1 3 9662 10034 10090
2 22
3 1 7 41 5087 5180 7625 8708 9463 9525
3 2
4 1 3 98 9008 9084
4 1 2 8231 8565
3 1 4 182 2097 8309 8744
3 1 2 213 4393
3 1 9 239 3646 4579 4819 7462 8164 8226 8484 8899
3 1 5 323 436 5579 8780 9809
3 1 2 1121 8586
3 3
4 1 2 1243 7652
4 1 2 4287 8234
4 1 3 5638 7274 9005
3 2
4 1 2 1544 8941
4 1 3 6685 7429 8343
3 1 9 2144 6034 7038 7407 8412 8711 8741 9257 9591
3 1 2 3210 8714
3 2
4 1 5 4083 4417 7968 9354 9804
4 1 2 5557 6807
3 2
4 1 4 4647 8489 8757 9647
4 1 2 5077 8105
3 1 4 5564 7560 7690 9312
3 1 3 5816 5903 9651
3 3
4 1 2 6083 9133
4 1 2 6253 8391
4 1 3 8196 8348 10197
3 1 2 7289 8772
3 2
4 1 2 7644 8778
4 1 3 8529 8722 9363
3 1 3 7985 8418 8838
3 2
4 1 2 8390 9511
4 1 3 8449 8584 9468
3 1 2 8995 9145
3 1 2 9380 9567
2 2
3 1 2 52 2907
3 1 4 9169 9716 9934 10153
2 1 4 58 2430 9309 9706
2 24
3 3
4 1 3 60 128 9795
4 1 3 3458 3715 8497
4 1 2 8585 8791
3 8
4 1 4 69 4534 6949 7571
4 2
5 1 2 2020 7804
5 1 3 2711 8420 9503
4 3
5 1 3 2098 9789 10068
5 1 3 3947 4220 4254
5 1 2 7925 8491
4 1 3 2537 8386 8535
4 2
5 1 2 5627 9588
5 1 2 9493 9801
4 1 3 5649 8938 8998
4 2
5 1 2 6299 6802
5 1 2 8195 8463
4 1 2 8652 10248
3 4
4 1 2 206 7712
4 1 2 313 10132
4 2
5 1 2 7911 9768
5 1 3 8676 9454 9561
4 1 6 8273 8299 9754 9998 10216 10296
3 3
4 1 5 219 2510 8306 9104 9173
4 1 3 1390 9051 9532
4 1 2 8337 9398
3 8
4 1 3 251 1411 8488
4 1 6 5428 6041 6505 7638 7949 10168
4 1 2 6994 7290
4 2
5 1 3 7282 8871 10186
5 1 3 8646 8732 8926
4 1 4 7311 9733 9814 9888
4 1 3 7734 8056 8808
4 1 2 8147 8170
4 1 2 8736 9994
3 10
4 3
5 1 3 431 3489 8971
5 1 3 604 7227 8625
5 1 3 6945 7340 10143
4 4
5 1 2 646 4544
5 1 2 6019 9110
5 1 2 8223 9507
5 1 3 8844 9941 10097
4 1 2 1735 2055
4 1 3 2806 8904 10303
4 3
5 1 2 3866 5462
5 1 4 9207 9225 9541 9828
5 1 3 9776 9919 10202
4 1 3 7376 10049 10118
4 1 5 7534 8578 8840 9219 9646
4 1 3 8346 9181 9306
4 1 2 9533 9613
4 1 2 9935 9943
3 16
4 4
5 1 5 464 7217 7223 7640 7660
5 1 4 6852 7292 7624 7857
5 1 3 7128 7748 7848
5 1 2 8637 8786
4 2
5 1 2 505 9162
5 1 3 1330 7204 8295
4 1 8 610 6039 7701 8025 8272 8442 8495 9743
4 1 4 2884 6032 8534 10115
4 1 4 3000 7092 7929 8425
4 1 3 4200 8373 8579
4 1 3 5586 6487 8002
4 1 5 5666 5931 7229 7564 8276
4 4
5 1 4 6231 6768 6893 7561
5 1 5 6256 6464 8083 8444 8527
5 1 2 7691 8498
5 1 2 8465 8549
4 1 4 7291 7584 8120 8121
4 2
5 1 4 7495 7736 8053 8192
5 1 2 8358 8588
4 1 3 8017 8095 8207
4 1 3 8115 8422 8697
4 1 3 8221 8359 9069
4 1 3 8494 8889 9073
4 1 2 9676 10207
3 2
4 1 9 737 4573 6176 6684 7486 8475 8592 9425 9437
4 1 3 1265 8314 8731
3 1 4 1043 4487 8082 10126
3 7
4 1 5 2781 7427 8421 9383 10226
4 2
5 1 4 4222 6107 8680 9540
5 1 3 7139 7700 8924
4 2
5 1 4 4432 6543 9091 10019
5 1 3 4578 7753 8317
4 2
5 1 3 5695 9039 10255
5 1 2 8389 8795
4 2
5 1 4 6237 6806 6820 9666
5 1 2 8996 10106
4 1 4 8490 9485 9563 10123
4 2
5 1 2 9574 9736
5 1 2 9964 10017
3 2
4 1 3 3049 7330 8258
4 1 2 7231 8626
3 3
4 1 6 3079 8977 9516 9565 9912 10036
4 2
5 1 2 4554 10259
5 1 3 7791 8345 8994
4 1 3 9113 9639 9913
3 1 3 3192 9366 9573
3 3
4 1 10 3381 6087 6151 6554 7135 7874 8075 8125 8135 8966
4 1 2 4582 8311
4 1 2 8080 8927
3 2
4 1 3 5916 7986 8662
4 1 4 8138 8209 8261 8809
3 2
4 1 2 6492 6954
4 1 2 8715 8796
3 2
4 2
5 1 2 6547 8560
5 1 2 8944 9690
4 1 3 7053 8510 9122
3 2
4 1 2 6707 10015
4 1 2 8600 9835
3 2
4 1 2 7386 9472
4 1 2 9356 9512
3 2
4 1 2 7428 8298
4 1 2 8709 8751
3 2
4 1 3 7694 8169 8438
4 1 2 9119 9396
3 2
4 1 3 7725 8427 8885
4 1 2 8407 9336
3 3
4 1 2 7790 10253
4 1 3 8450 10178 10212
4 1 2 10135 10275
3 2
4 1 2 8070 9884
4 1 3 8880 9100 9137
2 12
3 3
4 1 2 66 8764
4 1 2 2533 8818
4 1 5 4707 5690 8218 9301 9945
3 2
4 2
5 1 2 873 3918
5 1 2 8945 9211
4 1 3 7253 8814 10273
3 1 3 1666 6024 9248
3 1 6 4854 7058 7559 8157 8499 9107
3 1 2 5432 9271
3 1 3 5568 7412 9492
3 1 2 6106 10250
3 1 2 7188 8292
3 1 4 7537 8784 8884 9017
3 1 4 7806 8553 8689 9203
3 1 3 7849 8909 9026
3 1 3 8599 8790 8913
2 26
3 1 4 82 9359 10047 10054
3 1 20 229 4648 5031 5655 5824 7198 7498 8047 8571 8610 8724 8861 8867 9201 9365 9551 9622 9664 9938 10085
3 1 4 1174 9246 9770 9775
3 5
4 1 5 1288 3408 4496 8973 9519
4 1 4 2418 6891 7006 9631
4 5
5 1 4 2956 4269 7939 9700
5 1 2 3492 9478
5 1 2 4844 5834
5 1 3 5100 5505 9560
5 1 2 7361 9707
4 4
5 1 2 3526 9729
5 1 3 5743 8684 9739
5 1 5 6406 7970 8522 9315 9704
5 1 2 8552 9749
4 3
5 1 3 7755 9710 9926
5 1 2 9136 9427
5 1 3 9562 9609 9786
3 1 4 1796 7286 8372 9501
3 4
4 1 2 2040 9910
4 1 6 7372 9093 9198 9293 9373 9490
4 1 3 8073 9531 9856
4 1 2 8862 9290
3 1 2 4181 7105
3 1 19 4638 4815 5886 7832 8106 8213 8543 8632 8774 9021 9055 9062 9174 9196 9539 9763 9973 10269 10286
3 1 2 4786 8967
3 1 2 4817 9517
3 2
4 1 3 4843 5716 6625
4 1 2 10266 10287
3 1 8 5023 7497 9150 9178 9458 9504 9665 9933
3 1 3 5128 8503 9750
3 2
4 1 10 6292 7501 8940 9347 9399 9402 9762 9825 10066 10112
4 1 2 8253 9727
3 1 3 7633 9064 9343
3 1 4 7714 9358 9842 10006
3 1 2 7896 8657
3 1 5 8165 9746 9890 9971 10113
3 1 2 8445 10136
3 1 3 8678 9473 9921
3 2
4 1 2 9300 9767
4 1 3 9660 9818 9917
3 1 3 9322 9529 9860
3 1 3 9328 9894 10189
3 1 2 9626 9699
3 1 2 10010 10028
3 1 2 10038 10179
2 5
3 1 4 84 2722 3176 6963
3 1 2 1862 9241
3 1 3 3299 4223 9043
3 1 2 3874 5009
3 1 2 5022 8291
2 1 2 96 10149
2 2
3 1 10 116 137 7424 8108 8644 9214 9377 9479 9670 10022
3 1 2 984 9140
2 8
3 1 3 121 220 9063
3 1 4 538 3308 5909 9895
3 3
4 1 2 1961 8262
4 1 3 8902 9793 9885
4 1 3 10301 10307 10309
3 1 2 4172 10029
3 1 3 4670 10119 10144
3 2
4 1 2 5630 8051
4 1 2 9906 10037
3 2
4 1 2 7716 9820
4 1 2 7983 10092
3 1 2 8897 9791
2 1 16 152 189 789 6029 6552 9028 9138 9449 9570 9811 9874 10018 10025 10100 10173 10278
2 12
3 1 2 165 8589
3 1 31 303 1448 5597 6402 7338 7679 7805 7855 8035 8290 8575 8606 8717 9094 9127 9191 9264 9536 9556 9653 9713 9714 9726 9731 9850 9862 9911 9962 10160 10245 10276
3 1 2 822 10063
3 1 3 837 9821 10001
3 1 3 5194 9610 10258
3 1 2 7642 9705
3 1 2 8504 9920
3 1 2 9420 9655
3 1 2 9735 10069
3 1 2 9797 10206
3 1 2 9819 10252
3 1 2 10111 10292
2 1 3 202 4802 7540
2 4
3 1 2 283 10098
3 1 3 4603 6267 9378
3 1 5 6356 9853 9983 10137 10297
3 1 4 6663 8436 9346 9360
2 4
3 1 22 312 668 880 1344 3406 5113 5223 5316 6108 6160 6205 6499 8640 8686 8727 8853 8939 9146 9308 9332 9769 9932
3 1 2 434 8739
3 1 2 6228 8999
3 1 3 9002 9514 10134
2 3
3 1 66 318 861 1070 1112 3685 4244 4266 4337 4423 4740 5148 6141 6310 7482 7574 7710 7912 8010 8186 8318 8321 8330 8368 8404 8452 8516 8518 8561 8587 8594 8630 8639 8719 8754 8756 8783 8830 8947 9004 9015 9042 9078 9082 9116 9142 9185 9187 9234 9337 9381 9390 9450 9585 9614 9680 9697 9766 9858 9992 10117 10121 10146 10156 10196 10211 10236
3 1 3 2313 9101 9326
3 1 3 8367 8949 9496
2 18
3 1 2 379 7795
3 2
4 1 3 557 4090 8500
4 1 4 7908 7928 8206 9785
3 3
4 1 2 654 5984
4 1 2 4631 8832
4 1 2 6476 10192
3 1 3 2102 8410 8834
3 2
4 1 2 2557 7337
4 1 3 5613 6408 8091
3 1 2 2593 8580
3 2
4 1 2 4105 8061
4 1 4 6004 7442 9156 9391
3 4
4 1 2 4249 7489
4 1 3 6637 7355 7406
4 1 2 6902 9151
4 1 2 8603 8843
3 2
4 1 3 4753 8925 9184
4 1 2 9559 10083
3 2
4 1 3 5213 9376 10169
4 1 2 9800 10191
3 1 4 5528 7299 9629 9702
3 2
4 1 2 6033 10215
4 1 4 7875 8806 8957 9755
3 1 2 6230 8665
3 2
4 1 2 6393 8960
4 1 2 9115 9275
3 2
4 1 2 6632 8789
4 1 3 7536 8654 8989
3 1 3 6703 7029 7981
3 1 3 6757 7840 9486
3 2
4 1 4 7444 7454 7508 9195
4 2
5 1 3 8133 8384 8539
5 1 2 8208 9077
2 36
3 2
4 1 3 380 603 7713
4 1 3 8782 8962 9170
3 2
4 1 6 385 1468 4469 9384 9502 9578
4 1 2 9030 9428
3 5
4 1 3 537 6548 9325
4 2
5 1 2 6344 8139
5 1 4 8403 8437 9498 9607
4 1 3 6580 8609 9289
4 2
5 1 3 7124 9193 9464
5 1 4 8004 9086 9262 9352
4 1 2 7346 8357
3 2
4 1 7 787 6754 8812 8887 8990 9124 9286
4 1 4 6343 9483 9537 9765
3 2
4 1 4 1023 3973 8492 9959
4 1 5 7943 8950 8963 9357 9484
3 1 6 2088 3763 7657 8219 8531 10120
3 2
4 1 2 2824 4428
4 1 2 8876 9636
3 2
4 1 3 2967 5303 8397
4 2
5 1 2 3127 8696
5 1 2 7357 10295
3 2
4 1 2 3221 9240
4 1 2 7279 9120
3 1 2 3503 8519
3 2
4 1 3 3540 7982 8769
4 1 2 7903 9841
3 1 3 3980 8672 9324
3 1 3 4587 6734 8457
3 2
4 1 4 4822 8577 9669 9673
4 1 2 9036 9595
3 1 2 4969 5006
3 1 5 5060 6350 6594 7328 8199
3 3
4 1 2 5235 9299
4 1 3 6534 6602 8225
4 1 2 6942 8282
3 2
4 1 4 5292 6527 8576 9314
4 1 3 5727 9229 9522
3 1 5 5333 6927 8982 9285 9734
3 1 6 5336 5694 6644 8379 9386 9438
3 2
4 1 4 5876 7907 8134 9096
4 1 3 7916 8066 9130
3 1 8 6359 6718 8903 8934 8935 9074 9434 9803
3 1 4 6491 8882 9097 9192
3 1 3 6620 9432 10020
3 1 5 6812 8469 8546 8645 9995
3 2
4 1 2 7027 8217
4 1 3 9227 9258 9351
3 1 5 7130 8028 8364 8798 8911
3 5
4 1 3 7420 8508 9329
4 1 5 7466 8614 8991 9046 9975
4 1 2 8650 9165
4 1 3 8725 9109 9601
4 1 2 8864 8988
3 1 3 7629 8239 8932
3 1 3 7741 9295 10016
3 5
4 1 3 7850 8682 9448
4 1 3 8564 9348 9374
4 2
5 1 2 8952 9505
5 1 2 9247 9491
4 1 2 9283 9542
4 1 3 9547 9982 9985
3 1 3 7952 9282 9439
3 1 2 8029 9007
3 1 2 8118 8405
3 1 4 8401 8669 8837 9265
3 1 4 8481 9782 9870 9951
2 2
3 1 11 470 1345 1381 1859 1948 3323 4293 4327 6981 7953 9682
3 1 2 2688 4977
2 3
3 1 2 521 1839
3 1 6 4484 5212 6026 7202 8675 9833
3 1 5 7729 8460 9674 9758 9905
2 1 2 619 9954
2 1 5 639 4679 10154 10210 10214
2 16
3 1 52 742 1964 2812 3785 3843 4066 5327 5667 6439 6683 6842 6928 6959 7608 7727 7884 7992 8057 8148 8471 8550 8596 8685 8704 8765 8773 8787 8792 8800 8831 8858 8891 8912 9144 9242 9256 9385 9406 9429 9724 9728 9730 9756 9851 9879 9899 9950 10073 10079 10185 10203 10230
3 1 2 4140 8126
3 1 4 5123 8235 8280 9350
3 1 2 7155 10009
3 1 3 8021 8354 8703
3 1 2 8032 9105
3 2
4 1 2 8570 9984
4 1 3 9915 10165 10177
3 1 3 8730 9139 9952
3 2
4 1 3 8827 9732 9839
4 1 2 9111 9254
3 1 2 8984 9022
3 1 5 9175 9679 9929 10246 10284
3 2
4 1 3 9318 9455 9907
4 1 2 9557 10238
3 1 2 9334 9873
3 1 2 9408 10162
3 2
4 1 2 9868 10201
4 1 3 10205 10220 10229
3 1 2 10157 10294
2 3
3 1 3 850 9421 10105
3 2
4 1 2 1514 9153
4 1 2 2590 7601
3 1 3 7207 8402 9720
2 1 3 1073 8701 8804
2 2
3 1 25 1103 3044 6298 7076 7958 8112 8264 8279 8628 8693 9054 9056 9083 9392 9413 9798 9908 9974 10008 10012 10129 10163 10180 10242 10280
3 1 3 8150 9426 9515
2 2
3 1 4 1327 6760 8211 9489
3 1 3 1752 6204 8915
2 1 2 1369 5011
2 3
3 1 16 1519 1809 7759 8733 9134 9278 9294 9431 9695 9799 9829 9843 10026 10164 10181 10187
3 1 3 6193 8458 8619
3 2
4 1 2 9488 9930
4 1 2 9852 10114
2 3
3 1 2 1641 9688
3 1 2 5676 9065
3 1 3 8178 9023 10274
2 1 4 2045 8734 8892 10289
2 1 4 2130 2706 8641 8702
2 2
3 2
4 1 2 2347 9099
4 1 3 8024 8590 9291
3 1 2 9520 9891
2 2
3 1 7 2359 3274 5049 5313 6833 7001 7044
3 1 2 3498 9443
2 2
3 1 4 2416 8544 9721 9922
3 1 2 7873 7938
2 1 7 2462 5971 6470 9132 9208 9476 10116
2 3
3 1 18 2617 3910 3963 4461 6595 6862 7752 7863 8044 8146 9166 9215 9395 9487 9619 9813 9979 10151
3 1 2 8647 8688
3 1 2 9462 9618
2 1 2 3032 9016
2 1 5 3073 4569 5953 6520 8972
2 1 2 3836 7999
2 1 3 3934 9778 10023
2 1 2 3955 9633
2 1 2 4112 9893
2 4
3 1 2 4301 7639
3 1 3 7565 10053 10237
3 1 2 7626 9857
3 1 3 9612 10070 10095
2 3
3 1 2 4357 10055
3 1 7 5523 7475 8375 8993 9266 9834 9875
3 1 4 5527 8965 9209 9718
2 2
3 1 5 4680 6983 7236 7972 8718
3 1 2 7545 7743
2 3
3 1 3 4692 4758 6490
3 2
4 1 3 6296 9344 9521
4 1 2 8771 9611
3 1 2 8479 8568
2 1 2 5998 9177
2 1 3 6312 9068 9901
2 1 3 6357 7251 8476
2 1 3 6389 8691 9683
2 2
3 1 4 6477 8180 8836 9534
3 1 3 8501 8595 8712
2 1 2 6583 8062
2 1 3 7301 7404 8116
2 3
3 1 3 7399 9948 9989
3 1 3 8931 9838 10031
3 1 3 9070 9190 9881
2 1 2 7517 9969
2 1 3 7666 9481 9583
2 1 2 7779 7997
2 1 3 7845 9244 9947
2 2
3 1 2 7975 8695
3 1 2 9034 9866
2 2
3 1 3 8007 9148 9327
3 1 2 9235 9623
2 2
3 1 2 8245 9018
3 1 2 8398 8878
2 1 4 8413 8979 9041 9059
2 1 4 8604 9098 9345 9701
2 1 2 8761 9942
2 1 3 9552 9617 9712
2 2
3 1 2 9605 9939
3 1 2 9663 10071
2 1 2 9986 10004
1 14
2 1 4 12 1610 4764 7154
2 1 7 43 2154 2282 3938 5497 7918 8969
2 1 6 50 183 3552 5725 7370 7433
2 2
3 1 4 419 8394 9024 9461
3 1 3 7150 7587 8081
2 3
3 1 2 574 3737
3 1 2 765 8423
3 1 3 1867 3950 4808
2 4
3 1 2 582 3371
3 1 2 1015 2346
3 1 3 1833 4191 5487
3 1 2 2573 3037
2 1 5 717 3594 6035 7589 7858
2 2
3 1 2 919 5338
3 1 7 1797 2977 3377 3746 4014 5300 6047
2 2
3 1 3 1751 2341 3518
3 1 2 3480 9268
2 2
3 1 6 2750 2899 4718 5757 7250 7313
3 1 2 3844 5273
2 1 6 2961 5178 7620 7622 8005 8046
2 1 2 4779 6441
2 1 2 7843 8569
2 1 3 7851 7914 8249
1 52
2 14
3 1 4 19 853 8308 8462
3 1 2 243 6495
3 2
4 1 3 260 6475 7230
4 1 2 1048 8426
3 3
4 1 2 812 2990
4 1 4 1516 1517 2232 4724
4 1 2 3457 3698
3 1 7 1966 2675 3068 4410 4804 5080 5367
3 1 2 2274 4700
3 3
4 1 3 2643 3316 3347
4 1 4 2686 3472 4399 6592
4 1 3 5890 6223 6417
3 3
4 1 2 3284 6440
4 1 2 6535 7040
4 1 2 6868 7222
3 1 4 3583 5641 6484 6538
3 1 7 4305 4566 6065 6445 8270 8538 8716
3 1 6 5698 6302 6452 6571 9593 9936
3 1 2 6007 6170
3 1 2 6485 6686
3 1 2 7107 7205
2 1 60 34 54 280 721 939 958 1034 2094 2221 2552 2992 3165 3318 3336 3391 3462 3510 3691 3795 3847 4201 4211 4272 4300 4385 4625 4655 4728 4838 4923 5105 5144 5233 5306 5406 5407 5438 5531 5590 5609 5679 5744 5752 5756 5868 6022 6115 6311 6313 6518 7012 7119 7423 7449 7610 8060 8068 8103 8145 8801
2 2
3 1 4 62 4799 5185 6154
3 1 3 4467 6144 6982
2 18
3 4
4 1 5 122 275 1019 2300 7603
4 2
5 1 3 614 1237 5159
5 1 2 2134 7342
4 2
5 1 3 656 855 5981
5 1 2 3855 6105
4 2
5 1 3 926 2170 4524
5 1 2 971 2078
3 3
4 1 3 345 4285 4457
4 1 2 1668 5266
4 1 2 1977 5228
3 2
4 1 4 384 2527 4387 7568
4 1 3 797 2216 3384
3 2
4 1 2 511 9403
4 1 4 1729 3499 4914 5935
3 2
4 1 8 528 1392 1582 1636 2454 3030 4558 4635
4 1 2 2622 4418
3 2
4 1 3 570 3537 5990
4 1 4 1520 1851 2468 2834
3 3
4 2
5 1 2 723 969
5 1 2 1453 9685
4 1 3 1219 2581 2979
4 1 3 4263 4642 5883
3 1 8 762 989 1165 2881 4354 4390 5004 5419
3 1 4 774 3809 4259 10027
3 3
4 1 2 813 4886
4 1 3 4803 5803 8328
4 1 2 5972 9650
3 3
4 1 3 925 3833 7664
4 1 3 1927 6567 7137
4 1 3 2452 3248 5930
3 2
4 1 6 982 3493 7173 7326 7368 8059
4 1 2 7187 9916
3 1 2 1025 3731
3 2
4 1 4 1427 3755 5673 6345
4 1 4 2108 2969 4896 4947
3 1 2 2074 3565
3 1 5 2386 5357 5443 5949 5989
3 5
4 1 3 2855 3132 4584
4 1 4 3418 4807 6714 7156
4 1 2 3618 7483
4 1 2 4771 6973
4 1 2 6997 7265
3 1 2 6145 6380
2 1 21 168 563 680 1144 1246 2414 3292 3936 4036 4273 4331 4351 5262 5403 5436 5558 5584 5974 6243 6752 7270
2 7
3 1 5 212 486 1842 5616 5898
3 1 3 338 444 1418
3 1 2 887 7854
3 1 4 1481 4669 4676 4714
3 1 3 1672 7811 9075
3 1 2 5036 7263
3 1 2 6447 6496
2 2
3 1 3 265 3092 5078
3 1 2 8315 8987
2 4
3 1 3 311 4973 5380
3 1 2 2854 6651
3 1 2 3402 8229
3 1 3 4852 5740 6008
2 1 2 349 3834
2 6
3 2
4 1 2 440 2910
4 1 3 1653 3801 8048
3 1 6 2215 2449 3468 3953 4345 5650
3 2
4 1 4 2476 2627 5485 6480
4 1 2 4127 9071
3 2
4 1 3 4918 7516 7606
4 1 2 5625 8706
3 1 3 5042 5748 5762
3 1 2 6979 7711
2 2
3 1 3 471 2184 3180
3 1 2 3660 7566
2 3
3 1 12 509 2139 2192 2328 5885 6481 6519 6699 6764 7941 8177 8392
3 1 6 1119 2047 2492 3945 4772 4964
3 1 2 3305 4851
2 2
3 1 8 637 3529 4355 4480 5957 6996 7273 7411
3 1 3 676 2852 3393
2 1 2 647 8182
2 1 2 703 2771
2 3
3 1 6 801 1042 1147 1815 4510 4547
3 1 2 2719 6697
3 1 3 3920 6086 6716
2 3
3 2
4 1 2 834 3255
4 1 2 5287 5521
3 2
4 1 3 1320 3320 5326
4 1 2 3879 7984
3 2
4 1 4 2473 2659 5274 6801
4 1 2 6194 7410
2 2
3 1 3 1163 5344 8142
3 1 3 6584 6636 7649
2 1 12 1194 2291 3841 4075 5486 5913 6121 7244 7771 8009 8467 9625
2 3
3 1 3 1203 6247 6874
3 1 2 2151 2818
3 1 3 2372 6647 8090
2 1 2 1239 5347
2 3
3 1 2 1277 6923
3 1 2 5265 9693
3 1 2 6410 7930
2 1 3 1476 5611 9404
2 1 5 1506 3951 5162 6286 8256
2 1 3 1591 7898 7905
2 1 13 1756 3119 5452 6431 6434 6530 6783 7275 7570 7872 7882 8085 8173
2 1 2 1913 3861
2 1 2 1937 7221
2 1 5 1941 2107 4493 5498 5737
2 4
3 1 2 2231 7074
3 1 2 4040 4063
3 1 3 5811 6822 7252
3 1 4 6438 6455 7247 7281
2 1 3 2309 2692 8152
2 1 3 2429 3604 4155
2 1 3 2461 7922 8252
2 1 3 3034 6901 8382
2 1 6 3270 5199 5227 6057 6903 8203
2 1 3 3380 6561 9164
2 1 2 3504 5097
2 1 2 3908 5040
2 3
3 3
4 1 2 3916 5713
4 1 2 5205 8185
4 1 2 7179 7283
3 2
4 1 2 6013 6472
4 1 3 6415 7216 7688
3 1 5 6436 6672 7349 8478 8661
2 1 2 3937 7778
2 1 2 4027 6745
2 2
3 1 3 4384 4516 5222
3 1 3 4546 5012 9412
2 3
3 1 4 4507 5860 7519 8740
3 1 3 5440 7057 7595
3 1 2 7409 8833
2 1 4 4618 4711 7159 8677
2 1 2 4703 6361
2 2
3 1 4 5132 9781 10077 10302
3 1 3 6863 7509 7542
2 1 3 5621 7278 7651
2 2
3 1 3 5689 7305 9106
3 1 2 6196 7523
2 1 2 5808 5918
2 1 2 6826 7037
2 1 2 7016 10175
2 1 3 7659 8174 9703
1 35
2 1 3 37 8743 9719
2 9
3 1 4 93 126 8244 8385
3 2
4 1 3 478 2164 9394
4 1 3 9759 9779 9997
3 1 3 838 8651 9628
3 1 2 1745 8434
3 1 3 2275 8241 8705
3 2
4 1 4 3581 5970 7377 8660
4 1 2 5027 8344
3 1 3 4485 5861 8132
3 1 2 6787 7091
3 1 3 6960 7695 8283
2 1 88 111 176 545 755 821 908 1022 1039 1187 1931 2007 2118 2223 2491 2626 2869 2917 3467 4133 4164 4179 4257 4478 5119 5537 5837 5896 6135 6263 6774 7050 7256 7288 7363 7395 7405 7435 7460 7468 7492 7510 7513 7555 7677 7746 7754 7957 8084 8162 8220 8408 8464 8502 8507 8566 8617 8673 8679 8748 8810 8829 8879 8896 8976 9000 9027 9080 9085 9252 9267 9270 9276 9281 9316 9331 9393 9414 9543 9592 9598 9686 9760 9787 10051 10159 10188 10217 10235
2 6
3 3
4 1 2 256 368
4 1 2 1031 3620
4 1 3 4065 4622 8742
3 2
4 1 3 2053 8554 8710
4 1 3 4194 6769 8959
3 2
4 2
5 1 2 4228 6695
5 1 3 6358 7213 8000
4 1 2 8123 8371
3 2
4 1 2 5639 6666
4 1 2 6084 6614
3 2
4 1 3 5642 6886 8970
4 1 2 7715 8033
3 1 2 6608 7004
2 2
3 1 31 292 2235 6352 8277 8807 8841 8859 8866 8875 8906 8908 9095 9176 9189 9200 9213 9222 9228 9243 9249 9250 9261 9330 9364 9445 9513 9523 9553 9615 9741 9742
3 1 2 9218 9362
2 1 2 408 3404
2 5
3 3
4 1 4 420 6216 6463 6969
4 1 2 3478 9659
4 1 2 4446 6201
3 1 3 2696 5131 5781
3 2
4 1 2 2851 7777
4 1 4 4536 7662 8839 10050
3 2
4 1 2 4787 5980
4 1 3 6051 6563 6849
3 1 2 8130 8629
2 6
3 1 3 596 5540 10170
3 1 3 4330 6591 9118
3 1 4 4601 5636 8515 8525
3 1 4 6130 7324 7772 9831
3 1 3 7860 8805 8846
3 1 3 8635 9572 9640
2 2
3 1 3 598 4543 5417
3 1 3 2434 2903 7702
2 3
3 1 14 599 746 3732 4671 5348 5354 5954 7419 7818 7956 7967 7969 8198 8474
3 1 3 823 2014 2925
3 1 7 1532 1986 2236 2296 2986 3516 4193
2 2
3 1 18 612 1095 1834 2025 2572 2948 3076 3813 4915 5304 5385 5517 5549 5570 5894 6729 6809 6867
3 1 2 4109 10261
2 1 3 808 2634 7085
2 1 20 848 946 1027 1106 1662 1922 2029 2044 2172 2599 2690 2803 4304 4775 5116 5450 5591 5905 7351 7521
2 3
3 1 15 1032 1866 5314 5340 5999 6252 6509 6771 7572 8036 8624 8794 9422 9571 9836
3 1 2 3989 9114
3 1 2 4421 8001
2 2
3 1 5 1045 1771 2691 2816 3688
3 1 2 6103 6524
2 1 4 1138 9467 10065 10241
2 1 7 2066 3009 6091 6397 8928 9689 10059
2 4
3 1 3 2109 2140 8776
3 1 4 4672 5710 6770 7458
3 1 2 6258 6724
3 1 2 6444 8045
2 1 2 2136 3881
2 6
3 1 3 2363 5324 6074
3 1 3 2597 4906 7621
3 1 4 3532 6816 7546 8101
3 1 2 4572 6289
3 1 3 5857 5956 6540
3 1 2 8184 8496
2 1 2 2432 4125
2 1 3 2582 3277 4556
2 1 4 3114 3630 4899 5294
2 1 8 3266 3760 4135 4166 4453 4876 5220 6209
2 1 3 3363 5256 6502
2 1 3 3364 4394 4684
2 1 7 3679 4739 5133 5976 6164 7125 8049
2 1 5 3714 4545 5610 5619 7615
2 1 4 3808 5048 5470 5719
2 1 2 4468 5033
2 1 2 4768 10240
2 1 2 6006 7718
2 1 2 8613 9048
2 1 3 9168 10195 10209
2 1 2 9854 10277
1 16
2 1 8 63 371 2867 3023 3682 3822 4782 6668
2 3
3 1 3 143 2293 3573
3 1 3 2085 2163 5063
3 1 2 9149 9909
2 3
3 2
4 1 3 416 6348 9661
4 1 2 4336 5013
3 2
4 1 2 504 9711
4 1 2 4005 5960
3 1 3 4350 5146 5793
2 1 3 602 6698 7656
2 1 6 688 2676 2832 3894 4749 9876
2 1 5 851 1090 1425 3823 5408
2 4
3 1 3 884 948 6094
3 1 6 2423 4526 6334 7515 8888 10166
3 1 6 4502 5947 6759 8605 9447 10039
3 1 2 5026 6882
2 2
3 1 3 899 1435 3802
3 1 2 2801 7708
2 2
3 1 2 924 2723
3 1 3 3193 3797 5331
2 2
3 1 3 1126 1145 6794
3 1 3 2459 4318 9744
2 2
3 1 3 1744 3235 9877
3 1 2 5607 5738
2 3
3 1 4 1901 6848 7887 8071
3 1 3 4727 5280 8176
3 1 2 8334 8435
2 4
3 1 2 3170 6052
3 1 3 4353 6001 7658
3 1 3 4777 5982 7332
3 1 2 6557 7909
2 2
3 1 3 3726 6626 9528
3 1 2 9342 9635
2 2
3 1 3 4652 6482 9830
3 1 3 7086 8003 9580
2 2
3 1 2 6667 8659
3 1 2 9058 9302
1 14
2 3
3 1 3 68 942 8137
3 2
4 1 2 195 7042
4 1 2 864 3238
3 1 3 268 2628 6933
2 4
3 1 3 271 459 8023
3 1 2 1036 4710
3 1 7 2332 3260 4849 6998 7793 8414 8681
3 1 5 3864 7323 7547 7554 10064
2 3
3 1 2 316 7567
3 1 3 716 1306 5393
3 1 2 2689 5682
2 4
3 1 3 410 7240 8530
3 1 3 548 5943 6830
3 1 3 3414 7246 9812
3 1 2 3776 5251
2 1 2 641 3748
2 2
3 1 4 750 2023 3932 3944
3 1 3 1444 4591 5892
2 1 3 902 1149 7592
2 2
3 1 2 956 2702
3 1 3 1298 1863 2200
2 2
3 1 2 1080 3873
3 1 2 2734 4903
2 2
3 1 2 1085 4032
3 1 2 2825 4103
2 1 3 1294 3436 3824
2 2
3 1 2 1719 4472
3 1 3 2591 3196 3779
2 2
3 1 2 2080 6398
3 1 3 2444 2984 7184
2 1 4 3403 3998 4873 6400
1 2
2 1 3 100 7847 8197
2 1 4 5285 5561 6598 6986
1 5
2 1 3 269 2498 7039
2 1 5 427 3757 3887 5389 5418
2 1 3 901 6142 7817
2 3
3 1 2 1334 5961
3 1 2 3640 6399
3 1 2 4486 8622
2 1 3 3655 4481 9335
1 3
2 1 4 388 506 624 8310
2 1 2 844 937
2 1 2 2379 10279
1 1 2 402 3933
1 3
2 1 3 403 1232 4616
2 1 3 3286 5632 5723
2 1 4 4677 5675 7544 7769
1 1 15 679 973 1250 2330 3135 3929 3940 5058 5135 5807 6048 6422 7312 9307 9966
1 4
2 1 17 865 1871 1914 2131 2176 2887 2896 3451 3563 4306 5343 5598 5946 6148 6575 7434 7894
2 1 2 1360 7259
2 1 4 2385 5081 5867 6179
2 1 2 7655 10200
1 1 2 1051 6368
1 1 2 8511 8779
1 1 2 9579 9597
