0 22
1 79
2 33
3 4
4 1 3 0 3293 7018
4 1 4 393 6750 7071 7506
4 1 2 2331 6623
4 1 2 7047 7062
3 1 3 88 1614 6544
3 2
4 1 4 141 4342 4722 4792
4 1 3 7436 7607 7636
3 1 11 611 6751 7267 7280 7304 7586 7605 7728 7879 8103 8441
3 1 3 675 7185 7830
3 1 4 726 7165 7186 7480
3 1 2 744 6926
3 1 6 836 4189 4443 7121 7329 8366
3 2
4 2
5 1 2 848 4517
5 1 2 3066 7287
4 1 6 4624 4835 7129 7133 7220 7627
3 1 3 1998 7673 7960
3 1 5 2184 7148 7738 7844 8172
3 2
4 1 2 2630 5907
4 1 5 4047 6100 6101 6127 8042
3 2
4 1 2 2664 8100
4 1 2 4721 5147
3 1 3 3022 7008 7569
3 4
4 2
5 1 2 3386 6632
5 1 3 4998 6749 7536
4 1 2 4610 7543
4 1 4 7167 7440 7747 7901
4 2
5 1 3 7444 7454 9195
5 1 2 7508 8851
3 1 2 3420 8133
3 1 2 3627 5000
3 2
4 1 3 3733 6702 7145
4 1 2 6428 6780
3 3
4 1 2 3797 7174
4 1 2 5997 8397
4 1 2 7100 7316
3 2
4 1 2 4004 4663
4 1 3 5889 7195 7593
3 1 6 4633 6038 6180 6719 6921 7261
3 1 2 4667 5761
3 1 3 4700 6988 7049
3 2
4 1 2 4765 7784
4 1 3 6080 6900 7940
3 1 4 4805 5959 6233 8396
3 2
4 1 4 4847 5466 5821 7369
4 1 3 6743 6950 7358
3 2
4 1 4 5341 6200 6427 8117
4 1 2 7365 7488
3 2
4 1 2 5977 6800
4 1 2 6442 7463
3 1 3 6079 7260 9499
3 1 3 6210 6796 7334
3 1 2 6594 6836
3 1 4 6703 7029 7418 8164
3 1 2 7889 7899
2 26
3 14
4 4
5 1 2 7 3899
5 1 3 553 3265 5879
5 1 3 2057 3139 6458
5 1 3 3850 5900 6465
4 1 2 324 6276
4 2
5 1 3 392 4531 5093
5 1 2 5973 6206
4 2
5 1 4 511 872 6336 8562
5 1 2 5208 5465
4 1 3 579 6248 6381
4 1 3 1046 6117 7667
4 1 3 1938 5717 6111
4 1 3 2819 4927 6656
4 1 2 3739 5145
4 1 4 3931 5369 6498 6550
4 1 4 4230 5271 5773 5788
4 1 2 4553 5732
4 1 2 5539 8349
4 1 2 5622 6493
3 14
4 2
5 1 2 92 4504
5 1 3 3312 5318 5545
4 1 2 142 5257
4 2
5 1 2 457 609
5 1 3 2745 5633 5715
4 1 3 474 5373 5685
4 1 3 555 5631 5769
4 2
5 1 2 749 6706
5 1 2 6659 6679
4 3
5 1 2 3660 6621
5 1 4 4539 5829 5923 6011
5 1 3 5363 5660 6056
4 2
5 1 4 4412 5794 5988 7178
5 1 3 5651 5668 5911
4 1 4 4419 5084 6936 7425
4 1 3 4583 6066 6295
4 1 2 4985 7661
4 1 3 5244 6219 8039
4 2
5 1 3 5439 5626 6404
5 1 3 5806 6010 6562
4 1 2 5721 5813
3 1 2 103 2547
3 2
4 1 3 107 7467 8176
4 1 9 3970 5827 6174 6244 6303 6326 6984 7706 8656
3 5
4 1 5 131 5944 6119 6367 6511
4 2
5 1 2 3025 4988
5 1 2 4997 6385
4 2
5 1 4 3460 4963 6526 6889
5 1 3 5555 6421 6469
4 1 4 4662 5451 5840 6512
4 2
5 1 2 6610 6700
5 1 2 7009 7577
3 7
4 1 4 135 222 2472 4612
4 1 3 211 4151 6541
4 2
5 1 2 3500 3740
5 1 2 6155 6733
4 1 3 3643 4518 5733
4 1 4 3939 5908 6955 7025
4 1 2 5447 5706
4 1 2 5552 6195
3 3
4 1 3 185 1791 2971
4 1 2 3071 4142
4 1 2 5259 6379
3 2
4 1 3 451 540 3895
4 1 2 714 2829
3 1 7 472 3220 4153 5674 5966 6597 7083
3 9
4 3
5 2
6 1 4 543 5468 5483 7241
6 1 2 1387 6238
5 1 2 4116 8633
5 1 2 6394 6450
4 3
5 1 2 1041 6907
5 1 2 3315 5681
5 1 3 6130 6370 6877
4 1 3 1935 5232 6093
4 1 4 2730 3856 5936 7478
4 1 3 3774 7026 7553
4 3
5 1 3 4869 5366 6815
5 1 3 6211 6426 6976
5 1 3 7015 7099 7149
4 1 3 5253 6789 7102
4 3
5 1 3 5426 6046 7473
5 1 3 5818 6317 6947
5 1 3 5983 6425 7617
4 1 2 6388 6871
3 1 12 1561 4380 5298 5786 6260 6500 6560 6693 6725 6737 6827 6872
3 3
4 1 2 1843 4038
4 1 3 5307 5574 7017
4 1 2 7126 8140
3 2
4 2
5 1 2 2180 5533
5 1 2 6120 6208
4 1 3 2464 5032 5802
3 2
4 1 4 2306 6062 6213 6366
4 1 2 2711 6396
3 1 5 2619 6673 6931 6987 7582
3 7
4 1 2 2940 5779
4 1 4 3249 4429 4881 5562
4 1 2 3793 4893
4 1 3 5258 5551 6109
4 1 2 5709 5714
4 1 2 6281 6883
4 1 2 6828 7093
3 1 4 2991 4073 5819 6363
3 4
4 1 3 3321 5003 5137
4 1 2 4778 5767
4 1 3 5109 5283 5400
4 1 2 5687 6025
3 3
4 1 2 3550 5665
4 1 5 4470 4791 5117 5571 6331
4 1 2 5308 5858
3 1 5 3696 4389 6188 7023 9738
3 2
4 1 7 4082 4570 4828 5678 5873 6316 7371
4 1 2 4785 6581
3 1 3 4162 5460 5928
3 1 3 4377 6423 8012
3 2
4 1 2 4622 4782
4 1 4 5391 5804 6522 6763
3 3
4 1 2 4797 6330
4 1 3 6521 6536 6859
4 1 2 6688 6832
3 1 2 6250 6814
2 35
3 2
4 1 2 15 2886
4 1 2 370 7683
3 4
4 1 5 140 6088 8016 8020 8233
4 1 3 538 5152 7709
4 1 3 562 4218 5856
4 1 3 7814 8304 8459
3 7
4 1 4 207 1214 4516 7551
4 2
5 1 2 569 7816
5 1 2 6906 7808
4 1 3 3534 6977 7797
4 2
5 1 4 4431 7232 7238 7841
5 1 3 6112 6678 8395
4 1 4 5115 5192 6640 6972
4 1 3 5479 6297 6973
4 1 3 7518 7647 7904
3 6
4 1 4 245 2004 6150 7374
4 1 4 1911 5672 6952 7630
4 2
5 1 2 3497 6467
5 1 3 7110 7191 7345
4 1 4 3736 5107 7471 7522
4 1 4 5842 6647 7382 7585
4 2
5 1 2 6304 7744
5 1 2 7318 7389
3 3
4 1 3 461 6785 7094
4 1 10 635 2548 3592 4930 5205 5888 6590 6922 7322 7384
4 1 3 6824 6881 7272
3 6
4 1 2 588 7494
4 1 3 686 5929 6777
4 1 4 2637 4921 6670 8079
4 1 4 5404 5498 7538 7539
4 1 2 5541 6071
4 1 3 7519 7919 8431
3 3
4 1 3 662 2158 7931
4 1 3 1479 7541 7775
4 1 2 5652 7721
3 1 3 797 3085 6322
3 1 3 799 7432 7945
3 4
4 1 5 859 2187 5224 5841 7172
4 2
5 1 2 3276 6504
5 1 2 5529 6804
4 1 3 5284 7055 7893
4 1 2 6156 7978
3 2
4 1 5 1102 3051 4085 5635 5862
4 1 2 4932 6339
3 2
4 1 3 1246 6791 7878
4 1 3 5634 7778 8642
3 1 5 1357 2665 3171 5567 8324
3 1 10 1805 3183 4615 4627 4770 4863 5092 5141 5248 7341
3 1 5 1865 3042 6403 7248 7580
3 1 3 2202 8171 8236
3 1 5 2365 5912 6235 8067 8422
3 1 6 2904 5371 6376 8415 8448 8482
3 1 2 3434 7438
3 4
4 2
5 1 2 3505 6198
5 1 2 4503 5221
4 1 3 4114 6549 8361
4 1 4 5401 5845 6515 7866
4 1 3 7098 7579 7944
3 1 3 3531 7175 7654
3 2
4 1 3 4188 5729 6929
4 1 3 5785 7761 8222
3 1 9 4508 5577 6419 6937 7445 7719 8122 8243 8696
3 2
4 1 3 4725 7115 7295
4 1 3 5017 6513 6753
3 2
4 1 3 5050 6851 7966
4 1 3 5735 5893 8340
3 1 2 5166 8092
3 1 3 5499 7421 7947
3 1 3 5686 6353 7350
3 1 2 6124 8380
3 2
4 1 3 6360 6772 6943
4 1 2 7028 7610
3 1 2 6653 8187
3 1 2 6964 7994
3 1 2 7078 7609
3 1 5 7503 7530 7890 8144 8159
3 1 4 7531 7653 7773 7792
2 2
3 1 68 23 417 428 692 781 1338 1427 1634 1675 1966 2479 2488 3090 3207 3480 3551 4036 4050 4102 4165 4379 4708 5242 5516 5535 5578 5995 6196 6675 6740 6779 7036 7084 7106 7113 7157 7243 7245 7257 7284 7373 7447 7535 7670 7671 7687 7697 7801 7909 7932 8038 8060 8085 8097 8099 8246 8257 8265 8296 8326 8335 8388 8419 8545 8869 8874 9012 9918
3 1 3 7041 7335 7343
2 5
3 1 53 34 311 939 1034 1144 1993 2552 3165 3270 3336 3510 3573 3691 3847 4211 4272 4493 4655 4728 4838 4965 5045 5105 5144 5233 5306 5386 5403 5407 5438 5590 5744 5756 5868 6022 6401 6516 6518 6519 6699 6765 7268 7351 7423 7451 7817 7905 8011 8141 8145 8189 8567 8801
3 1 2 2314 6838
3 2
4 1 2 2692 8152
4 1 2 7123 7544
3 1 2 5982 7749
3 1 2 6797 7118
2 50
3 2
4 2
5 1 2 39 5226
5 1 2 5730 6053
4 1 3 294 724 3060
3 11
4 1 3 166 3852 5852
4 1 2 649 6790
4 1 5 1644 5038 6149 6529 6835
4 2
5 1 2 2350 6864
5 1 2 4614 5164
4 2
5 1 2 3868 4511
5 1 2 6687 6855
4 1 3 4198 6612 6985
4 1 3 4664 6030 6090
4 2
5 1 2 5002 5544
5 1 2 5749 6158
4 1 2 5915 7362
4 1 2 6037 6236
4 1 3 6655 7211 7332
3 2
4 1 2 196 658
4 1 3 5595 6641 7190
3 2
4 1 2 274 4422
4 1 2 5305 6744
3 3
4 1 2 329 4991
4 1 2 5018 6294
4 1 3 5150 6622 7031
3 5
4 2
5 1 3 357 4637 5572
5 1 5 4459 5624 6021 8048 8163
4 1 4 464 583 5906 7142
4 1 3 879 5282 6454
4 1 4 2537 5993 6321 6323
4 1 3 5844 5870 6553
3 5
4 1 5 477 5654 6885 7562 8008
4 1 5 630 3222 6558 7549 7573
4 1 3 967 5823 6600
4 1 2 2512 7430
4 1 2 3187 7367
3 1 6 503 5074 6453 6546 6766 7070
3 1 11 522 2865 3731 4164 4388 4688 5106 5351 5429 5704 6239
3 4
4 2
5 1 2 564 6369
5 1 5 2615 3322 4742 6818 7163
4 1 2 1841 6833
4 1 2 3546 7550
4 1 3 4190 4967 5952
3 9
4 3
5 1 3 640 4814 5546
5 1 2 2565 3424
5 1 3 3146 4717 6378
4 1 4 816 5218 5711 6723
4 2
5 1 3 1955 6576 7500
5 1 3 2177 3796 5688
4 3
5 1 3 2624 6175 6713
5 1 3 4154 6068 7450
5 1 3 4784 6850 7416
4 2
5 1 3 3703 5195 6847
5 1 4 4723 5175 6643 6795
4 1 3 5156 5431 7401
4 1 2 5329 7456
4 1 3 5360 5979 7359
4 1 2 5623 6307
3 1 12 651 903 2577 3366 4466 4513 5064 5198 5645 5967 6254 6837
3 1 4 754 2810 5014 8865
3 2
4 1 5 914 5381 5940 6371 6568
4 1 2 920 4734
3 6
4 1 2 923 6305
4 1 2 5020 5142
4 1 2 5332 6362
4 1 3 5606 6225 7913
4 2
5 1 2 5817 6430
5 1 2 6337 6917
4 1 2 6268 6279
3 2
4 1 2 1218 5846
4 1 2 3086 5301
3 2
4 1 2 1690 4167
4 1 6 2823 3650 3805 4731 5927 6555
3 2
4 1 3 1954 6064 6161
4 1 3 5069 5183 7512
3 1 2 2116 6134
3 2
4 1 2 2143 6251
4 1 9 2621 4338 5008 5039 5604 6311 6913 6961 7209
3 1 3 2203 6015 6291
3 2
4 1 3 2402 5750 6704
4 1 2 5742 6409
3 3
4 1 3 2746 4471 6217
4 1 2 3869 6259
4 1 3 4479 5368 6262
3 1 2 2761 5379
3 2
4 1 2 2916 4837
4 1 3 5920 6726 6843
3 1 5 3128 3992 5878 6618 7558
3 3
4 1 2 3295 4273
4 1 2 5163 5189
4 1 2 5771 7348
3 1 2 3421 5777
3 1 3 3471 5603 6432
3 1 4 3601 3670 7024 7481
3 1 4 3690 5569 5854 6354
3 3
4 2
5 1 2 4023 5514
5 1 2 5193 5741
4 1 3 4747 5246 5937
4 1 2 5328 9183
3 1 12 4134 4891 4948 5095 5800 5859 6437 6483 6793 7160 7298 7320
3 2
4 1 3 4251 4260 6545
4 1 5 4962 5926 6459 7476 7756
3 1 7 4715 6043 6473 6502 7035 7162 7266
3 1 4 4738 5214 5296 7308
3 1 6 4865 5405 5561 5872 5958 6249
3 1 11 4887 5359 5484 5556 6073 6165 6218 6433 6940 6956 7054
3 1 3 4924 5395 6537
3 2
4 1 11 5177 5524 6072 6076 6168 6506 6646 6878 7171 7259 7859
4 1 2 5412 5553
3 1 3 5178 5209 5321
3 1 2 5275 6875
3 1 4 5320 5501 5864 6269
3 1 3 5503 6911 7883
3 1 2 5592 6494
3 1 2 5609 5882
3 1 2 6016 6203
3 1 3 6882 6896 6953
3 1 2 6884 7319
3 1 2 7177 7277
2 1 17 44 700 1156 1691 2642 2837 3437 3772 4476 4714 6050 6082 6501 6932 7161 7897 7921
2 1 30 56 2513 4117 4657 4733 5110 5227 5441 5902 6060 6147 6319 6497 6578 6607 6739 7111 7144 7208 7210 7224 7225 7296 7317 7336 7383 7984 8065 9781 10077
2 4
3 1 73 73 396 620 867 958 1168 1512 1582 1851 1900 1925 2316 2519 2561 3031 3111 3148 3368 3462 3529 3566 3572 3961 4168 4187 4207 4385 4434 4441 4868 5073 5149 5187 5267 5289 5312 5399 5550 5659 5718 5724 5968 6036 6122 6224 6320 6338 6542 6696 6721 6825 6846 6890 6996 7000 7011 7019 7414 7417 7437 7496 7723 7751 7820 7979 8006 8009 8068 8096 8215 8269 8333 8369
3 1 3 5270 6758 6948
3 1 2 7612 8212
3 1 2 7760 8018
2 4
3 1 26 75 132 168 1196 1457 2476 2931 3112 3151 3188 3361 3401 3829 4442 4928 5181 5201 5216 5755 5782 6007 6383 6387 6405 7457 8694
3 1 6 3252 3603 4882 5342 5500 7686
3 1 2 6728 6895
3 1 2 7152 7511
2 1 2 78 7396
2 4
3 1 42 95 175 786 1094 1238 1287 1898 2221 3484 3629 3633 3635 3952 4274 4308 5062 5311 5390 5472 5618 5797 5828 6179 6185 6234 6265 6510 6755 7045 7147 7228 7262 7315 7464 7504 7603 7837 7838 7855 8266 8453 9112
3 1 3 2683 5933 6556
3 2
4 1 2 3034 3433
4 1 2 4878 7235
3 1 2 6000 8256
2 8
3 2
4 1 3 100 7847 8197
4 1 4 5285 6598 6986 7972
3 2
4 1 3 158 2358 6272
4 1 3 670 4021 6829
3 1 3 606 4161 8175
3 3
4 1 3 650 6680 7056
4 1 3 880 4798 5276
4 1 3 4525 4540 6966
3 1 2 3382 7140
3 1 4 6411 7490 7705 7923
3 1 4 6588 7044 7236 8716
3 1 4 6593 6930 7505 7877
2 1 63 105 136 254 259 296 671 721 1008 2301 2395 2517 2529 3001 3483 3790 3860 4144 4392 4464 4533 4833 5035 5372 5444 5480 5502 5520 5532 5585 5600 5913 6009 6059 6137 6222 6232 6283 6503 6730 6865 6925 6957 6993 7088 7181 7258 7325 7570 7672 7685 7692 7758 7763 7770 7785 7829 7870 7872 7927 8124 8248 8383 8540
2 3
3 1 38 134 156 269 494 2680 2763 3395 3455 3768 3773 3818 3846 4258 4799 5001 5122 5302 5582 5599 5697 6078 6701 6722 7598 7827 7831 7936 8077 8129 8136 8156 8179 8255 8307 8462 8574 8723 8766
3 1 2 3175 5554
3 1 4 3412 5934 6689 7922
2 1 15 151 3795 4793 4935 5637 5653 6125 6333 6579 7472 7479 7696 7737 7812 7998
2 1 3 154 426 7010
2 26
3 1 3 164 6944 7643
3 4
4 2
5 1 3 238 2720 3116
5 1 2 2946 5792
4 2
5 1 2 398 5080
5 1 2 1695 4215
4 1 3 1285 4564 5815
4 1 4 3840 3966 5286 5932
3 2
4 1 2 266 6691
4 1 5 791 5739 6457 6662 7002
3 3
4 2
5 1 2 305 6810
5 1 2 2795 4826
4 1 3 3131 5034 6677
4 1 2 4645 5101
3 2
4 1 2 356 3554
4 1 4 6629 6671 6697 6746
3 1 2 520 8342
3 1 3 730 5155 5798
3 1 5 784 1762 5310 5987 6665
3 2
4 1 5 805 3851 5322 6566 8443
4 1 3 6586 6897 8537
3 3
4 1 3 921 5969 6116
4 1 4 1100 3971 4331 6242
4 1 2 5495 5581
3 4
4 1 3 1058 5904 6764
4 1 4 3951 5162 6286 7193
4 1 2 5726 5996
4 1 2 6055 6606
3 2
4 1 3 1785 6183 6852
4 1 2 6708 6899
3 1 3 2175 5602 5991
3 1 2 2218 6523
3 1 4 2307 5464 6061 6778
3 3
4 1 3 3642 6332 8158
4 1 2 5617 7090
4 1 2 6603 6888
3 1 2 4120 6178
3 1 3 4124 5820 5884
3 2
4 1 2 4131 6374
4 1 2 5994 6857
3 2
4 1 3 4685 7353 8272
4 1 4 6372 7852 8387 8541
3 1 5 5375 5560 5629 6762 6905
3 1 3 5643 5770 7682
3 1 4 5948 6214 7192 7375
3 1 3 6131 6711 7391
3 1 3 6274 7993 8155
3 1 2 7867 7920
2 5
3 1 5 170 3517 3758 5215 5421
3 1 29 188 433 580 688 1513 1743 2475 3070 3344 3875 4378 4668 4952 5530 5620 5728 5796 5805 5847 6123 6245 6288 6301 6551 6710 7194 7824 8338 8477
3 1 2 4216 5658
3 1 2 4497 4592
3 1 2 5383 6118
2 5
3 1 53 179 442 1069 1662 2551 2828 3496 3579 3623 3727 4415 4691 5247 5309 5382 5720 5745 5752 5790 5795 5826 5831 5895 5965 5985 6031 6140 6171 6191 6226 6240 6246 6264 6275 6285 6293 6306 6308 6328 6329 6384 6407 6508 6559 6624 6642 6694 6788 6854 6898 6908 6909 6912
3 1 3 495 852 5812
3 1 2 5646 6692
3 1 2 6014 6126
3 1 2 6067 6488
2 2
3 1 4 190 4763 6284 6468
3 1 2 6182 7239
2 12
3 1 3 226 2670 6989
3 1 5 391 5851 6002 6342 7888
3 1 3 758 3110 3810
3 1 4 847 1263 7138 7800
3 1 5 1345 1381 1535 1948 5415
3 1 3 1359 6690 6735
3 1 3 3334 4293 6648
3 1 3 3672 5628 7794
3 3
4 1 2 4776 7196
4 1 2 5355 5712
4 1 3 5877 6327 8339
3 2
4 1 2 4842 5593
4 1 3 5891 6860 7995
3 1 2 4968 5644
3 1 2 5865 7465
2 39
3 4
4 1 5 243 440 5625 5860 7606
4 1 4 2627 4027 5485 6874
4 2
5 1 3 3666 5042 5762
5 1 2 4127 5748
4 1 2 7281 7516
3 2
4 1 3 253 6199 6782
4 1 2 7107 7205
3 3
4 1 3 260 5951 8251
4 2
5 1 2 4918 6636
5 1 3 5344 7649 8142
4 1 3 6745 6861 7523
3 8
4 2
5 1 3 275 345 4390
5 1 3 2969 4354 5419
4 1 5 801 2107 3418 4807 5737
4 2
5 1 4 813 3565 3855 7664
5 1 2 4524 7342
4 1 5 1977 4259 5228 5949 6410
4 1 4 2216 2527 6997 7568
4 1 3 4771 5990 6567
4 1 4 6266 6714 7156 7368
4 1 3 7187 7265 7483
3 1 9 310 1756 5452 6434 6530 6563 7043 7275 7882
3 3
4 1 2 355 5887
4 1 4 486 5459 6455 7387
4 1 3 887 5898 7854
3 1 2 444 1418
3 2
4 1 2 471 8191
4 1 2 5406 6613
3 2
4 2
5 1 2 676 2852
5 1 2 4480 7411
4 1 4 4355 4514 5910 7344
3 2
4 2
5 1 2 812 2990
5 1 3 2231 5811 7074
4 1 2 6783 6822
3 2
4 1 2 834 3255
4 1 4 4676 5689 6001 6539
3 8
4 1 2 982 7182
4 1 4 1913 2854 5380 7410
4 2
5 1 3 2452 3905 4973
5 1 2 6472 6495
4 1 2 2461 2719
4 2
5 1 3 2659 5287 6801
5 1 3 3320 5274 5326
4 1 4 4104 4384 6086 6716
4 1 2 6003 6592
4 1 2 6215 7064
3 2
4 1 7 1119 2047 2492 3536 3945 4772 4964
4 1 6 2139 5885 6645 7293 7941 8177
3 1 7 1147 1815 3248 3861 4510 4547 6105
3 2
4 1 3 1203 2372 6247
4 1 4 3092 6651 6903 7283
3 4
4 1 2 1237 7216
4 1 7 1481 3380 3499 3937 4546 4886 5222
4 1 2 3604 4155
4 1 3 4285 4457 5088
3 5
4 1 4 1517 5890 6223 6417
4 1 4 2643 2686 3316 3347
4 1 4 3284 5713 6013 6440
4 1 3 6535 6868 7222
4 1 3 7040 7057 8833
3 1 4 1591 6484 6557 7898
3 5
4 1 3 1672 6194 6471
4 1 2 3537 7053
4 1 3 3916 7252 7409
4 1 3 5118 6582 6705
4 1 3 6438 6672 7247
3 3
4 1 2 1721 7765
4 1 3 2232 6302 8270
4 1 2 4399 4724
3 1 4 1842 3119 5616 6431
3 2
4 1 8 2044 2599 5450 5612 5905 6920 7183 7453
4 1 2 6006 7718
3 2
4 1 3 2386 5357 5989
4 1 3 5443 5957 7499
3 2
4 1 2 2771 6114
4 1 2 6979 7711
3 1 9 3068 4410 4804 5367 5669 5886 6479 6661 7046
3 1 3 3305 4851 7651
3 1 2 3393 5589
3 1 2 3457 3468
3 1 10 3583 4507 5698 6377 6414 6452 6480 6571 9593 9936
3 3
4 1 6 4305 4566 6065 7431 7477 7834
4 1 2 5641 6538
4 1 2 6447 6496
3 2
4 1 3 4618 4711 7159
4 1 4 6057 6445 7305 7439
3 2
4 1 3 4810 6577 8288
4 1 2 6415 7688
3 2
4 1 5 4947 5004 5611 5673 6345
4 1 2 7326 9075
3 1 2 5036 7263
3 1 2 6395 6869
3 1 3 6436 7349 8661
3 2
4 1 2 6485 6686
4 1 2 7285 7542
3 1 2 6863 7509
3 1 2 7774 7796
2 1 60 257 263 337 607 626 1004 1083 1087 1225 1732 2508 3639 3946 4372 4438 4687 5112 5377 5430 5446 5583 5703 5843 6017 6023 6042 6049 6315 6615 6775 6856 7030 7067 7069 7127 7520 7614 7648 7676 7724 7733 7742 7802 7822 7934 7959 7989 8166 8167 8168 8188 8200 8201 8216 8393 8409 9596 9604 9861 9972
2 6
3 2
4 1 2 298 5876
4 1 3 4954 7422 8297
3 1 2 4071 5838
3 1 3 5174 7327 8278
3 1 2 5315 7203
3 1 2 5437 8557
3 1 4 5511 6040 6113 6173
2 3
3 2
4 1 3 304 4214 8232
4 1 2 5200 5671
3 1 21 321 845 1840 3374 3376 4820 5356 5374 5517 5518 5661 5680 5765 6157 6212 6420 6813 6873 7065 7132 7732
3 1 2 4401 5504
2 2
3 1 2 319 4185
3 1 3 1538 7604 8237
2 3
3 1 48 331 572 1642 1759 2092 2212 2401 4024 4382 5361 5488 6069 6136 6481 6676 6939 6958 6967 6999 7032 7034 7079 7116 7134 7201 7244 7347 7381 7474 7533 7557 7668 7769 7803 7807 7811 7846 7971 8107 8127 8131 8286 8300 8454 8466 8467 8468 9040
3 1 2 3896 7575
3 1 2 6819 6946
2 1 3 349 3834 5998
2 1 5 351 2026 6280 6596 7264
2 1 5 403 1232 1335 4616 4677
2 4
3 1 19 407 1026 3587 4381 4790 5548 5747 6184 6325 6565 6657 6786 7082 7119 7136 7254 7415 7788 7826
3 1 2 1318 3957
3 1 2 3528 7095
3 1 2 5434 7297
2 1 2 454 7892
2 1 3 492 7599 7815
2 4
3 1 9 539 4147 4629 4780 6255 6627 6652 6914 7810
3 1 5 1729 6585 6767 7237 7856
3 2
4 1 2 2685 6525
4 1 2 4298 6099
3 1 2 6811 6844
2 2
3 1 3 542 3759 7529
3 1 4 4237 7215 7861 8289
2 2
3 1 2 575 7146
3 1 2 4922 5601
2 1 2 592 7112
2 3
3 1 3 625 4026 5522
3 1 28 669 1173 1301 1677 1812 2285 2368 2841 3244 4202 4501 4777 4972 5089 5124 5191 5280 5723 5825 6386 6446 6517 6528 6975 7077 7390 7977 8151
3 1 2 719 1429
2 2
3 1 35 632 2123 3271 3318 4262 4300 4319 4333 4845 4880 4983 5060 5349 5772 6092 6163 6392 6995 7101 7103 7108 7310 7461 7527 7707 7865 7910 7942 7961 7962 7976 8086 8513 9367 9882
3 1 2 5808 6220
2 1 14 643 1687 3991 6027 6058 6448 6971 7169 7740 7783 7900 7935 8601 8664
2 1 2 647 8182
2 4
3 2
4 1 3 691 2790 3328
4 1 2 4858 6630
3 2
4 1 4 698 3671 4743 5277
4 1 3 5565 5924 6834
3 1 3 4783 6841 7675
3 1 3 5365 6227 7645
2 3
3 1 58 800 1128 2469 3269 3571 3982 4474 4528 4619 4651 5099 5352 5692 6192 6300 6449 6631 7080 7226 7230 7249 7255 7364 7502 7588 7602 7637 7641 7665 7669 7674 7698 7767 7839 7871 8027 8037 8040 8109 8128 8183 8271 8285 8313 8332 8341 8374 8406 8447 8728 8737 8820 8848 8868 8870 8900 9409 9410
3 1 2 6143 6805
3 1 2 6313 7199
2 1 4 809 3004 4727 7321
2 2
3 1 11 897 1296 4755 4839 6660 6738 7052 7309 7623 7663 7821
3 1 2 7745 7799
2 2
3 1 2 946 4902
3 1 3 6570 6938 7114
2 1 19 1132 4205 4404 6619 6658 6727 6918 7073 7331 7776 7809 7864 7868 7869 7876 7946 8254 8259 8260
2 2
3 1 5 1596 5736 6139 6617 8114
3 1 2 4611 5955
2 2
3 1 2 1618 6978
3 1 17 5515 6020 6638 6845 6992 7012 7087 7276 7397 7403 7408 7446 7449 7452 7590 7693 7782
2 1 3 1858 5640 6924
2 1 2 2196 7089
2 7
3 1 2 2405 7366
3 1 2 3141 8196
3 1 3 3190 4830 5071
3 2
4 1 2 4402 5608
4 2
5 1 2 4686 6167
5 1 3 4769 5941 6460
3 2
4 1 3 5588 6784 8350
4 1 2 6318 7722
3 1 2 6083 8050
3 1 3 6718 6951 8348
2 1 5 2735 2822 5225 7048 7678
2 1 2 3300 5679
2 1 3 3351 7061 8204
2 5
3 1 2 3486 6153
3 2
4 1 3 4118 5489 7833
4 1 2 6486 6649
3 1 2 4482 6717
3 1 3 4593 5086 5423
3 1 3 6635 6654 7628
2 1 2 3984 7307
2 2
3 1 2 4160 6257
3 1 2 4625 5467
2 1 3 4365 4898 6373
2 1 3 4449 7521 7835
2 1 3 4463 5670 8548
2 1 3 4515 7300 8322
2 1 2 4576 6840
2 1 2 4703 6361
2 2
3 1 2 5094 6159
3 1 2 6669 8160
2 1 4 5182 5740 6008 6154
2 1 2 5491 6732
2 1 2 5632 5675
2 1 2 6095 6382
2 1 2 6335 9416
2 2
3 1 2 6375 7902
3 1 2 6416 6904
2 1 2 6561 9164
2 1 3 6803 7104 7402
2 1 2 6826 7037
2 1 2 7063 8058
2 1 2 7081 8281
2 1 3 7306 8267 8352
2 1 2 7339 7360
1 35
2 8
3 1 53 1 249 308 335 406 527 594 601 720 849 898 934 1118 1158 1254 1534 1572 1602 1640 1682 1988 2104 2240 2392 2438 2489 2509 2562 2673 2700 2767 2844 2845 2891 3015 3016 3115 3224 3233 3287 3399 3415 3611 3673 3788 3886 3919 3986 4371 4538 4632 7388 8747
3 1 54 109 270 320 415 1021 1077 1117 1161 1227 1316 1331 1446 1738 2021 2112 2132 2201 2299 2311 2376 2399 2400 2490 2514 2540 2541 2543 2693 2794 2802 2840 3002 3041 3348 3354 3370 3387 3391 3555 3613 3647 3686 3830 3837 3930 4008 4028 4043 4122 4126 4242 4283 4451 4575
3 1 2 959 1884
3 1 2 1295 3903
3 1 3 2544 2875 2882
3 1 3 3137 3556 3574
3 1 2 3303 3775
3 1 2 3580 4290
2 42
3 6
4 1 5 2 3008 3262 3353 3407
4 1 3 342 2521 2933
4 2
5 1 3 466 1899 2611
5 1 3 2227 2936 3590
4 1 3 2185 2924 2941
4 1 3 2645 2861 3389
4 1 2 2715 3596
3 1 2 8 4018
3 13
4 3
5 1 3 36 2857 2987
5 1 2 748 2500
5 1 3 1313 2757 2954
4 4
5 1 2 174 187
5 1 4 584 1272 3589 3838
5 1 2 1864 2039
5 1 2 1962 2209
4 2
5 1 3 498 2155 2252
5 1 2 1458 6761
4 1 3 513 3014 4170
4 4
5 1 2 525 1894
5 1 2 550 3373
5 1 3 1324 1937 2522
5 1 4 1985 2439 2532 2666
4 2
5 1 6 827 968 1205 1947 2751 2836
5 1 2 1170 2482
4 2
5 1 3 963 1529 1786
5 1 3 1164 3567 3867
4 2
5 1 3 1195 2716 3948
5 1 2 2674 3083
4 1 2 1199 4661
4 2
5 2
6 1 3 2443 2704 3413
6 1 2 2906 2966
5 1 3 2973 3026 3124
4 2
5 1 4 2839 3385 3422 3815
5 1 2 3074 3675
4 1 2 2897 3956
4 1 2 3625 3695
3 8
4 1 3 57 2412 3029
4 1 3 922 2161 3488
4 1 2 1245 3289
4 1 3 2345 2571 3427
4 1 3 2616 2859 3185
4 2
5 1 2 2749 2786
5 1 2 3275 3617
4 1 2 2758 4701
4 1 3 2760 2928 2942
3 1 14 74 796 2241 2371 2650 2930 2964 3147 3294 3582 3584 3888 4029 7836
3 2
4 1 9 110 551 2470 3298 3447 3548 3839 3857 4291
4 1 3 2340 2635 4003
3 3
4 1 17 125 441 1930 2226 2998 3314 3341 3803 3820 4335 4375 4398 5211 5938 5942 6146 8745
4 1 2 636 3439
4 1 3 2848 2849 2939
3 5
4 1 3 139 2994 3358
4 1 3 210 233 595
4 1 2 1412 3144
4 1 2 2310 2792
4 1 2 2953 3091
3 6
4 1 2 198 3453
4 1 3 468 2067 2553
4 1 6 763 1062 1886 2247 3431 5172
4 2
5 1 2 1465 3134
5 1 3 2273 2922 4078
4 1 2 1478 3043
4 1 4 2649 2775 3145 9601
3 1 14 200 235 1244 1398 1939 2326 2748 2951 2955 3216 3288 3304 3335 3521
3 4
4 1 2 203 4369
4 1 2 2505 4370
4 1 3 2944 2988 3063
4 1 2 3343 3479
3 1 5 205 2260 2654 3003 4123
3 3
4 1 3 225 2671 3010
4 1 3 2447 2503 2669
4 1 3 2695 3098 3663
3 2
4 1 3 289 383 1140
4 1 2 2603 2694
3 2
4 1 5 302 1013 3538 3662 3693
4 1 2 378 2554
3 3
4 1 5 307 1078 1673 3365 3425
4 1 2 2003 3724
4 1 2 3050 3313
3 1 11 362 510 840 2357 3133 3143 3232 3513 3553 3577 4745
3 1 4 363 3263 3614 3787
3 2
4 1 9 375 687 1995 2779 2976 3152 3449 3891 4096
4 1 2 485 493
3 4
4 1 5 458 2893 3369 3410 3429
4 1 2 863 2343
4 1 2 1942 3017
4 1 4 2337 2981 3717 3752
3 8
4 1 3 489 694 2563
4 3
5 1 2 519 3476
5 1 2 2733 3101
5 1 2 3333 4879
4 1 3 811 2393 3728
4 1 2 1005 2863
4 1 4 1509 2902 3512 3622
4 1 4 1620 3610 3631 3692
4 1 2 2511 3909
4 1 2 3570 3576
3 5
4 1 3 532 3949 4284
4 1 3 1507 3359 3456
4 2
5 1 2 2129 3213
5 1 2 2494 3209
4 1 2 2523 3817
4 1 3 2596 2681 4992
3 3
4 1 2 544 3167
4 1 3 2504 2636 2703
4 1 2 2728 2870
3 2
4 1 5 556 2641 3331 4186 4267
4 1 2 3103 4247
3 1 2 593 2169
3 2
4 1 3 652 3211 3225
4 1 3 739 1736 2056
3 1 4 695 2657 2842 3890
3 9
4 1 3 705 1074 3561
4 1 4 1271 2697 3242 3349
4 1 6 2087 2579 2639 2793 3154 3707
4 2
5 1 2 2429 2613
5 1 2 2833 3827
4 2
5 1 2 2601 3273
5 1 2 3430 3782
4 1 2 2762 3360
4 1 3 2826 3297 3598
4 2
5 1 2 2999 3310
5 1 3 3118 3302 3390
4 1 2 3329 3791
3 5
4 1 3 756 2189 8538
4 1 2 994 3072
4 1 3 1266 1371 2739
4 1 2 2598 3028
4 1 3 2620 2900 4520
3 1 17 794 1976 2091 2743 2890 2975 3153 3199 3218 3291 3379 3438 3445 3494 4070 4092 4098
3 1 4 803 3162 3227 3241
3 2
4 1 4 1131 3469 3470 4045
4 1 2 3296 3687
3 1 5 1365 3547 3824 3872 4088
3 1 2 1777 2629
3 2
4 1 7 1928 2602 2721 3258 3730 3901 4642
4 1 2 2850 3237
3 1 2 1957 3053
3 1 2 2077 3441
3 1 4 2354 2985 3159 7491
3 1 4 2394 3245 4033 4039
3 1 2 2556 4006
3 1 3 2740 2945 3417
3 1 6 2997 3177 3367 3508 3519 3664
2 67
3 10
4 2
5 1 3 4 792 1932
5 1 4 1188 1767 1994 2009
4 1 8 104 247 586 689 712 1997 2455 5534
4 1 3 333 1255 1609
4 1 3 496 1169 1889
4 1 2 617 1540
4 1 2 697 1190
4 1 2 819 1248
4 1 3 869 1700 1720
4 1 6 1089 1166 1680 1880 1971 8355
4 1 3 1157 2069 2375
3 6
4 1 13 11 448 1016 1349 1372 1404 1674 1678 1688 1703 2266 2960 2962
4 1 5 297 1213 1647 2150 2219
4 1 3 399 1459 1905
4 1 2 400 1869
4 1 4 638 753 1075 2820
4 1 4 2191 2267 2560 2678
3 11
4 4
5 1 3 13 1099 1643
5 1 3 227 833 1511
5 1 4 516 546 806 1810
5 1 4 1794 1824 1912 2167
4 4
5 1 2 138 2651
5 1 4 883 1283 3105 6429
5 1 2 2384 3019
5 1 2 2420 3129
4 1 3 150 293 1856
4 2
5 1 3 178 665 1040
5 1 3 359 1162 1474
4 1 3 209 1281 1646
4 5
5 1 2 236 1473
5 2
6 1 2 261 1228
6 1 2 940 1416
5 1 3 447 1570 1587
5 1 2 512 1501
5 1 2 1347 2608
4 3
5 1 3 386 2281 2807
5 1 2 1393 1396
5 1 3 2713 2791 2959
4 2
5 1 4 500 782 1262 1362
5 1 3 1437 2549 2874
4 3
5 1 3 541 1054 2502
5 1 2 1159 2580
5 1 4 1355 1560 1697 2404
4 1 3 672 690 1563
4 3
5 1 2 839 2534
5 1 3 938 985 1251
5 1 2 1260 1741
3 3
4 1 2 16 1370
4 1 2 353 660
4 1 2 1461 2496
3 1 24 18 94 751 779 856 866 936 979 1020 1129 1367 1374 1466 1548 1578 1612 1613 1615 1622 1623 1648 1737 1848 1849
3 1 18 22 241 325 326 482 554 659 870 929 1235 1257 1326 1497 1531 1633 1708 2162 2220
3 11
4 4
5 2
6 1 4 25 336 678 1533
6 1 2 1923 3719
5 2
6 1 4 218 446 1307 1356
6 1 2 772 9751
5 2
6 1 4 452 1148 1282 1397
6 1 3 1151 1217 1386
5 1 3 1409 1541 1873
4 3
5 1 2 47 1063
5 1 2 615 1178
5 1 2 1730 2968
4 3
5 1 5 71 1592 1645 1740 1847
5 1 4 129 1154 1804 2204
5 1 2 369 2269
4 3
5 1 3 157 1212 1230
5 1 3 160 986 1364
5 1 3 1309 1399 1406
4 3
5 2
6 1 2 290 1325
6 1 2 301 2714
5 1 4 497 699 928 1333
5 1 3 1035 1576 1635
4 2
5 1 3 421 917 2474
5 1 2 768 1337
4 3
5 2
6 1 2 450 1652
6 1 2 1076 6340
5 1 4 1483 1546 1651 6894
5 1 2 1868 2391
4 3
5 1 5 725 1226 1704 2207 2770
5 1 2 829 1382
5 1 2 1539 1896
4 1 2 808 2634
4 3
5 1 2 841 1339
5 1 2 1270 1701
5 1 2 1311 1317
4 3
5 1 3 1229 1566 1758
5 1 3 1419 1790 2065
5 1 3 1452 1574 1783
3 6
4 2
5 1 2 28 590
5 1 2 1002 5319
4 2
5 1 2 35 3155
5 1 2 1231 2099
4 1 3 108 1860 2369
4 2
5 1 2 278 2427
5 1 3 2382 2457 2466
4 2
5 1 2 745 5237
5 1 2 1723 2545
4 1 5 1460 1878 2495 2647 2717
3 5
4 1 32 29 933 1007 1284 1471 1725 1817 1820 1859 1909 1915 1924 2052 2070 2127 2157 2242 2243 2248 2251 2254 2277 2322 2323 2325 2327 2389 2805 3206 3338 3676 5457
4 1 3 871 1819 1887
4 1 3 1127 1329 1992
4 1 2 2151 2253
4 1 2 2569 2662
3 3
4 1 3 40 1485 1597
4 1 4 631 728 1300 1902
4 1 25 644 762 783 904 1125 1679 1959 1960 1967 1968 1972 1973 1979 1989 2005 2239 2245 2448 2587 2701 2769 2788 2796 2813 3355
3 20
4 3
5 1 2 49 1350
5 2
6 1 2 814 1354
6 1 3 1000 1807 1945
5 1 2 2006 2584
4 2
5 2
6 1 2 91 1341
6 1 2 707 1114
5 1 5 983 1014 1407 2360 2595
4 3
5 1 4 118 2032 2114 2148
5 1 2 736 1897
5 2
6 1 2 1470 2199
6 1 2 1608 1626
4 3
5 1 3 181 1385 1982
5 2
6 1 3 770 1772 1787
6 1 2 793 2229
5 1 2 966 1464
4 2
5 1 3 216 998 1969
5 1 2 1273 2329
4 1 4 228 1850 2133 6270
4 2
5 1 4 387 508 2058 2440
5 2
6 1 2 418 3317
6 1 2 2090 2284
4 2
5 1 3 526 2259 2312
5 1 3 1676 1734 2407
4 3
5 2
6 1 2 547 1487
6 1 2 1180 1876
5 2
6 1 2 988 2186
6 1 2 1405 1484
5 1 3 1903 2071 2456
4 2
5 1 4 627 1800 1828 2073
5 1 2 1821 1933
4 3
5 1 2 648 3157
5 1 3 862 1712 2920
5 1 4 2419 2742 2963 3202
4 1 5 673 1685 1792 1920 2718
4 1 2 769 951
4 2
5 1 3 993 1702 2061
5 1 2 2011 2279
4 2
5 1 2 1108 2586
5 1 2 1291 3913
4 1 3 1146 1553 1581
4 1 4 1211 1488 1543 1565
4 1 2 1436 1551
4 1 2 2008 2265
4 1 5 2610 3021 3059 3164 3778
3 2
4 1 42 72 159 411 1086 1742 1760 1879 1916 2089 2182 2206 2263 2364 2409 2465 2467 2625 2655 2708 2885 3054 3078 3125 3169 3184 3215 3264 3446 3560 4219 4748 4912 4978 5139 5350 5693 5702 5833 5853 5880 7789 8022
4 1 2 2121 2348
3 2
4 1 17 77 976 1011 1375 1450 1482 1495 1590 1627 1683 1693 1754 1775 1784 1799 1826 1829
4 1 2 1029 1774
3 4
4 1 6 79 945 1451 1598 2086 3332
4 1 2 124 1141
4 1 8 246 515 708 1315 1476 2878 2888 6273
4 1 2 284 1929
3 8
4 1 4 169 230 1854 2672
4 1 2 377 1143
4 1 2 561 1422
4 1 7 798 952 2105 2374 2609 2860 3064
4 1 2 894 913
4 1 2 1006 2921
4 1 2 1443 2214
4 1 3 2278 2821 3088
3 1 3 191 1092 6456
3 2
4 1 37 193 252 743 842 1025 1044 1115 1638 1639 1684 1709 1823 1919 1927 1963 1996 2010 2017 2054 2096 2152 2197 2198 2210 2271 2272 2274 2276 2289 2295 2318 2320 2321 2324 2424 2425 2652
4 1 2 1696 2049
3 1 11 197 281 1017 1133 1336 1414 1564 1724 2124 2445 2687
3 1 2 217 830
3 4
4 1 17 221 223 232 360 713 735 1038 1111 1233 1348 1383 1844 1852 1853 2022 2059 2208
4 1 2 1018 1655
4 1 4 1319 1776 2046 2076
4 1 3 1494 1981 2000
3 1 4 231 731 740 2817
3 2
4 1 15 234 802 1269 1321 1882 1921 2173 2433 2536 2588 2607 2623 2644 2712 2764
4 1 2 860 2663
3 2
4 1 2 248 1010
4 1 22 414 634 681 888 1003 1057 1068 1135 1276 1308 1312 1340 1363 1368 1388 1389 1391 1408 1410 1432 1445 1475
3 3
4 1 3 258 1715 2095
4 1 17 299 709 895 1426 1523 1524 1907 1956 2013 2042 2153 2333 2441 2604 3257 3306 6413
4 1 2 664 1293
3 4
4 1 5 267 623 1167 1769 2738
4 1 2 291 1067
4 1 5 518 1240 1890 2166 2705
4 1 4 1172 1191 1500 1710
3 2
4 1 2 327 1837
4 1 3 1185 1403 1918
3 3
4 1 2 332 1376
4 1 2 1009 1242
4 1 2 1504 3208
3 1 11 367 775 980 1150 1302 1492 1694 1718 2387 2435 2880
3 4
4 1 2 390 1577
4 1 7 820 1449 1888 2287 2336 2377 3191
4 1 3 1594 1604 1698
4 1 2 1761 2050
3 2
4 1 6 397 456 885 957 1197 2018
4 1 3 501 600 1716
3 3
4 1 2 437 2353
4 1 2 711 1978
4 1 3 1310 1433 2217
3 2
4 1 2 465 1181
4 1 23 666 843 1001 1352 1779 1872 1926 1965 2024 2436 2783 2800 2889 3106 3475 4604 5463 5921 5922 6081 6129 6144 6435
3 1 4 487 759 2237 2566
3 2
4 1 2 558 1770
4 1 38 961 1137 1267 1278 1304 1447 1463 1525 1526 1527 1528 1537 1552 1557 1559 1562 1575 1579 1580 1588 1589 1595 1599 1600 1601 1605 1616 1621 1632 1650 1659 1660 1661 1663 1778 1781 1801 1813
3 1 3 578 1241 2356
3 2
4 1 4 591 1123 1617 7552
4 1 3 704 1415 3100
3 3
4 1 3 628 1256 1401
4 2
5 1 2 773 1845
5 1 5 1373 1707 1765 1975 2159
4 1 4 990 1096 1252 1631
3 1 6 645 960 1209 1498 1788 1944
3 3
4 2
5 1 2 661 1733
5 1 4 916 1012 1177 3027
4 1 6 780 831 1134 1305 1434 1505
4 1 2 1477 1746
3 1 2 683 757
3 2
4 1 4 710 1713 2292 2298
4 1 2 1499 2101
3 1 21 741 890 943 954 1130 1142 1175 1198 1249 1261 1275 1286 1384 1402 1490 1549 1569 1766 1793 1875 4818
3 1 2 764 1593
3 1 4 790 892 1258 2261
3 1 2 795 2679
3 1 3 826 1421 1881
3 2
4 1 2 835 1515
4 1 3 1606 2062 2668
3 1 2 905 2290
3 1 3 907 2036 2351
3 1 2 1048 1795
3 2
4 1 3 1110 1654 1669
4 1 3 1516 1681 2111
3 2
4 1 2 1176 1206
4 1 2 1297 1314
3 1 4 1183 1222 1380 1722
3 1 6 1215 1991 2234 2255 2256 2283
3 2
4 1 2 1221 1438
4 1 4 1773 1830 1832 2041
3 1 2 1439 6102
3 1 3 1440 1798 2238
3 1 2 1441 2064
3 1 3 1542 1990 2250
3 1 4 1649 1748 1822 1952
3 1 2 1653 2910
3 1 4 1731 1816 1941 2403
3 1 2 1825 2183
3 1 2 1874 3744
3 1 2 2001 2361
3 2
4 1 2 2079 2264
4 1 2 2228 2297
3 1 2 2268 2366
2 33
3 25
4 1 3 6 4522 4993
4 2
5 1 3 70 4077 4986
5 1 4 3121 4055 4827 5260
4 3
5 1 3 276 3832 5422
5 1 3 1224 3172 4757
5 1 3 4699 5799 5849
4 2
5 1 5 309 3204 5019 5281 5293
5 2
6 1 2 536 1568
6 1 2 3055 5764
4 2
5 1 4 488 3442 5151 5477
5 1 4 2398 3132 5266 5494
4 6
5 2
6 1 2 530 4310
6 1 3 585 2789 4019
5 1 4 605 3490 4560 5230
5 1 2 1189 5090
5 1 4 4359 4990 5339 5420
5 2
6 1 3 4535 4848 4984
6 1 2 4834 5121
5 1 2 4628 4760
4 1 7 577 1081 4683 4919 5055 5345 5370
4 2
5 1 3 910 2149 5992
5 1 3 2117 2413 3126
4 1 2 1259 1395
4 1 3 1413 1493 3981
4 2
5 1 4 1987 4607 5134 5746
5 1 2 2396 4309
4 4
5 1 3 2515 3459 4565
5 1 3 2528 4659 4907
5 1 4 2831 3612 4447 5120
5 1 2 3804 4430
4 1 6 2862 5387 5542 5699 5789 5791
4 1 6 2905 4600 4944 4960 5473 5559
4 2
5 1 2 3178 3960
5 1 2 3283 4108
4 1 3 3444 4148 5323
4 1 2 3716 5396
4 1 3 3745 5190 5458
4 1 3 4031 4970 5384
4 1 2 4265 5974
4 1 2 4706 5028
4 1 4 4832 5547 5576 5830
4 1 5 4961 4987 5188 5376 5474
4 1 2 5154 5378
4 1 3 5454 5684 5881
3 24
4 1 3 20 2497 4498
4 1 5 153 3628 3926 4042 4506
4 1 4 161 1097 3599 3907
4 2
5 1 2 300 2478
5 1 2 3962 3967
4 1 4 317 2084 2410 4326
4 2
5 1 3 340 4143 4146
5 1 2 2909 5079
4 1 3 405 1061 4037
4 2
5 1 3 425 1346 4079
5 1 3 476 674 5871
4 1 4 653 3656 3756 4620
4 2
5 1 3 927 3831 4823
5 1 2 3189 3585
4 1 3 950 2858 3906
4 1 3 995 4253 4426
4 1 3 1289 3082 4152
4 1 2 1657 4634
4 2
5 1 2 2043 3977
5 1 3 4175 4311 4316
4 1 3 2352 3400 5102
4 2
5 1 3 2406 3935 4183
5 1 2 4087 4224
4 1 3 2919 3109 4697
4 1 3 2952 4209 4231
4 2
5 2
6 1 2 3409 4264
6 1 2 4097 4953
5 1 2 4444 4465
4 1 2 3754 4367
4 2
5 1 2 4106 4325
5 1 3 4261 4495 4795
4 1 2 4303 4420
4 1 2 4349 4561
3 9
4 1 2 32 4277
4 2
5 1 3 85 517 949
5 1 2 2015 4156
4 1 2 147 906
4 2
5 1 3 475 4324 5481
5 1 3 3959 4255 4937
4 2
5 1 2 2146 4756
5 1 5 3784 4100 4636 5563 5897
4 1 2 2294 4248
4 1 2 3698 4606
4 1 2 4233 4956
4 1 2 5760 5850
3 7
4 1 5 33 706 4492 4598 4674
4 1 2 1417 4289
4 1 3 2165 4169 4460
4 1 6 3432 4440 4767 4831 4892 4931
4 1 2 3677 3681
4 1 2 4348 4450
4 1 2 4541 5072
3 16
4 2
5 1 2 42 3267
5 1 4 4212 4226 4246 4455
4 1 9 237 288 529 1113 1603 2147 2246 3607 4568
4 1 12 240 2589 2709 2970 3122 3168 4110 4158 4490 4696 4705 8336
4 1 2 389 3974
4 1 6 432 1116 2305 4232 4773 4971
4 1 5 876 3680 3765 4340 7394
4 1 2 953 3904
4 1 3 1554 4320 4589
4 1 2 2378 4853
4 1 4 2872 4750 4812 4908
4 1 2 2996 5065
4 1 2 3048 5456
4 1 3 3281 3564 3871
4 1 2 3668 4602
4 1 3 3720 4313 5249
4 1 3 4302 4806 5125
3 7
4 1 4 45 3239 3877 6278
4 1 4 177 453 2879 3226
4 1 2 1727 4238
4 2
5 1 5 2038 3261 4895 5127 6132
5 1 3 2463 2741 2949
4 1 3 3659 3842 4857
4 1 5 3976 4454 4766 5024 5068
4 1 3 4809 5158 5337
3 1 2 54 4530
3 13
4 1 5 55 2838 4064 4206 5082
4 4
5 1 2 83 1193
5 1 3 127 7385 8881
5 1 2 3102 4867
5 1 2 4574 4736
4 2
5 1 4 409 4850 4890 5130
5 1 2 3324 3911
4 1 4 997 3301 4007 4653
4 1 2 1361 4646
4 1 7 2160 2682 4113 4427 4649 4866 5202
4 2
5 1 2 2195 2656
5 1 4 2525 3738 3816 4862
4 1 3 2233 2937 3858
4 1 3 2576 4489 4505
4 1 3 3130 4093 5169
4 2
5 1 4 3243 3452 3600 4557
5 1 3 3667 3777 4690
4 1 2 3762 4213
4 1 2 4509 4951
3 4
4 1 3 59 4789 4859
4 1 7 130 344 999 2785 4011 5157 5734
4 1 2 2843 5575
4 1 2 4030 5252
3 14
4 6
5 1 3 64 568 1171
5 2
6 1 3 422 5047 5493
6 1 3 4555 5231 5538
5 1 2 3523 4445
5 1 4 3657 4150 4994 5168
5 2
6 1 2 4933 5295
6 1 2 5409 5461
5 1 2 5335 5392
4 2
5 1 2 761 955
5 1 3 930 2442 4762
4 1 3 886 3544 3709
4 1 2 896 1179
4 4
5 1 2 947 3965
5 1 3 1895 3514 4754
5 1 2 2431 3644
5 1 5 2725 2736 3783 3921 4406
4 1 5 1050 2031 2947 4068 4227
4 3
5 1 2 1280 3036
5 1 3 3502 4235 4343
5 1 3 4177 4339 5067
4 2
5 1 2 1951 4243
5 1 2 2633 2908
4 1 2 2100 3067
4 1 3 3173 5656 5759
4 2
5 1 2 3182 5362
5 1 3 3461 4746 5243
4 1 3 3428 3658 6138
4 1 3 3466 4094 4888
4 1 2 4689 5104
3 5
4 2
5 1 3 67 1064 4199
5 1 2 3651 4294
4 1 3 204 4060 4204
4 3
5 1 2 314 3465
5 1 2 1949 5566
5 1 2 2799 3849
4 1 5 1510 3616 4532 5005 5482
4 1 2 4341 5044
3 2
4 1 11 106 144 1122 2927 3024 3958 4080 4329 4347 4617 4955
4 2
5 1 4 760 3097 4297 4874
5 1 3 1486 2168 2570
3 20
4 1 4 113 4089 4407 4500
4 2
5 1 4 215 3530 3559 4433
5 1 2 2710 3597
4 2
5 1 3 341 3885 5334
5 1 3 1107 4180 5229
4 1 5 424 484 3282 3701 3713
4 1 4 559 3769 4239 4364
4 1 4 828 3568 4477 4720
4 2
5 1 3 1299 4250 4356
5 1 2 3094 4437
4 1 2 1394 4559
4 2
5 1 3 1454 3396 4439
5 1 3 2868 3337 5278
4 1 3 1536 2808 3712
4 2
5 1 4 1846 2304 2923 4414
5 1 3 3878 3893 4256
4 1 3 2484 2773 3605
4 1 2 2729 4141
4 1 3 2932 4002 4702
4 1 2 3140 3710
4 1 3 3416 4860 5291
4 1 3 3474 3652 4630
4 1 2 3883 4010
4 1 2 4091 4542
4 1 2 4473 4813
3 1 9 117 2319 2830 3268 3524 3549 4013 4049 4577
3 3
4 1 2 479 3798
4 1 2 502 5364
4 1 2 3780 4900
3 2
4 1 2 499 4877
4 1 4 3678 4276 4344 4694
3 5
4 1 3 531 4435 4925
4 1 3 1946 4551 4735
4 2
5 1 2 2648 3203
5 1 3 2677 4315 5070
4 1 2 4499 4596
4 1 3 4824 4926 4942
3 2
4 1 5 534 642 3280 4306 5657
4 1 2 1059 4159
3 1 6 535 3161 3223 3648 3884 4424
3 3
4 1 2 663 3231
4 1 6 1891 4403 4580 5186 5210 5455
4 1 2 3718 4643
3 6
4 1 6 882 3998 4909 4914 6916 7526
4 1 4 1109 3996 4571 5763
4 1 5 1216 3212 4950 4975 5129
4 1 3 2411 2460 3423
4 1 2 3095 3198
4 1 2 3812 4548
3 2
4 1 23 911 3372 3454 3525 3636 3702 4001 4072 4132 4195 4448 4550 4870 4875 5052 5167 5402 5433 5476 5512 5874 7635 8636
4 1 2 1208 4976
3 2
4 1 6 1377 3388 4245 4295 4328 5207
4 1 2 4825 5025
3 4
4 1 2 2270 3061
4 1 2 3279 4678
4 1 3 3543 4054 4660
4 1 3 4639 5029 5398
3 1 7 2349 2600 2982 3007 4563 4681 5325
3 2
4 1 2 2451 3482
4 1 6 2486 3011 3166 4666 4800 5279
3 2
4 1 2 3339 5263
4 1 2 3674 5061
3 2
4 1 2 3562 3699
4 1 2 4270 5414
3 1 2 3807 4192
3 1 3 4400 5037 5648
3 2
4 1 6 4836 4901 5046 5057 5114 5204
4 1 2 5299 8671
3 1 2 4904 7616
3 1 2 4995 5241
2 9
3 1 2 10 3136
3 2
4 1 3 65 1943 3975
4 1 2 685 1037
3 5
4 3
5 1 2 76 2422
5 1 3 395 549 1201
5 1 2 804 2262
4 1 3 194 2060 3045
4 2
5 1 3 438 1351 1550
5 1 3 909 1124 4840
4 1 2 473 1274
4 2
5 1 4 875 991 1502 3397
5 1 3 1870 2777 4048
3 2
4 1 2 115 1547
4 1 7 123 1084 1323 1469 1567 1629 2421
3 5
4 1 2 244 2832
4 2
5 1 2 815 4299
5 1 3 1893 3057 4203
4 1 2 1877 2344
4 1 4 2559 2784 2914 3236
4 1 4 3978 4115 4312 4360
3 5
4 1 3 366 2048 4044
4 1 3 481 1030 2034
4 1 3 1836 2222 4182
4 1 3 2747 3087 4221
4 1 2 4698 5217
3 1 6 524 1028 2778 3941 4025 4552
3 1 2 3259 4413
3 1 3 3495 4081 4107
2 4
3 1 2 17 4034
3 1 64 184 347 684 854 1303 1480 1558 1747 1753 1763 1808 1940 2016 2063 2137 2205 2417 2454 2501 2658 3149 3197 3254 3286 3665 3705 3722 3734 3892 3927 3942 4057 4129 4321 4395 4452 4585 4713 4855 4856 4897 4940 4981 5016 5051 5076 5140 5160 5184 5239 5290 5317 5411 5508 5509 5531 5605 5855 5925 5935 6089 6514 6741 6970
3 1 3 514 1343 2798
3 1 2 824 5950
2 21
3 5
4 1 3 27 4946 5159
4 1 4 656 2083 2300 3033
4 1 3 855 3228 4139
4 2
5 1 3 935 2632 3346
5 1 3 1247 2134 2170
4 1 3 1521 2847 4512
3 1 3 48 1522 2856
3 3
4 1 2 212 3801
4 1 2 989 3181
4 1 2 2818 3345
3 2
4 1 4 282 3030 3247 5173
4 2
5 1 2 1155 1917
5 1 2 1806 3108
3 2
4 1 3 287 1033 3481
4 1 2 3751 3969
3 1 12 361 1136 1153 1210 1332 1353 1545 1607 1699 1750 1831 1855
3 2
4 2
5 1 2 364 2072
5 1 2 372 4549
4 1 3 1491 2415 5091
3 5
4 1 5 376 774 1453 2487 6880
4 1 3 637 1586 4263
4 2
5 1 2 723 2631
5 1 2 969 2883
4 2
5 1 3 964 1780 2638
5 1 3 1219 2581 2979
4 3
5 1 2 1019 1520
5 1 2 1024 2834
5 1 2 1555 2074
3 3
4 2
5 1 2 429 2481
5 1 3 2002 4178 4588
4 1 4 682 877 2737 2935
4 1 3 1234 2230 2453
3 1 3 462 696 2516
3 1 7 528 1392 1636 2122 2815 4558 4635
3 1 2 693 2530
3 3
4 1 3 752 926 2078
4 1 3 2108 3979 4121
4 1 3 2408 3084 3201
3 1 2 965 8920
3 2
4 1 4 1093 1573 3755 4896
4 1 3 1152 1163 5012
3 2
4 1 3 1104 2110 3800
4 1 4 2605 2667 2766 3541
3 1 3 1182 2426 4210
3 2
4 1 4 1428 2881 3806 3999
4 1 3 2468 2993 4095
3 2
4 1 4 1668 2339 2622 4418
4 1 2 1706 3618
3 1 2 1827 4173
3 2
4 1 2 2141 2174
4 1 2 2855 4584
2 5
3 1 45 30 31 171 250 255 330 469 566 571 622 832 893 970 1186 1424 1585 1802 1838 2037 2171 2315 2370 2520 2731 2744 2827 3047 3156 3230 3463 3557 3575 3876 3912 3988 4056 4149 4157 4163 4425 4599 4623 4730 5410 5647
3 1 3 334 2765 3729
3 1 3 2225 2698 3240
3 1 2 2726 3615
3 1 2 4145 4562
2 6
3 1 40 51 53 163 655 1082 1379 2075 2119 2135 2142 2179 2188 2381 2507 2895 2911 2938 3040 3046 3107 3350 3520 3569 3786 4016 4041 4052 4119 4128 4332 4640 4729 4751 4884 4982 4996 4999 5427 5513 5986
3 1 3 145 868 3922
3 1 2 155 2380
3 2
4 1 2 343 1430
4 1 2 2898 3039
3 1 3 1378 3535 4586
3 1 2 1974 2887
2 5
3 1 2 61 3234
3 1 61 463 570 978 1200 1223 1253 1508 1628 1910 2138 2373 2446 2458 2699 2804 2814 2980 3018 3219 3272 3440 3545 3588 3608 3619 3621 3632 3637 3645 3661 3683 3767 3770 3792 3794 3814 3835 3845 3862 3902 3936 3954 3985 3990 4000 4020 4022 4058 4062 4225 4278 4281 4292 4386 4408 4488 4527 4529 7739 8043 8910
3 1 3 2156 3694 4184
3 1 2 2567 3005
3 1 2 3634 4208
2 4
3 1 69 102 467 490 633 738 771 1883 1983 2355 2754 2864 2866 2871 2873 3075 3117 3123 3186 3246 3250 3278 3378 3394 3398 3464 3487 3491 3511 3983 4099 4111 4171 4196 4229 4234 4279 4317 4322 4358 4362 4376 4590 4594 4597 4608 4682 4712 4716 4816 4821 4864 4872 4916 4917 4920 4939 4941 4966 5015 5054 5096 5136 5197 5254 5268 5413 5416 5435 5490
3 1 2 2145 2958
3 1 3 3160 3865 4069
3 1 2 3256 4475
2 2
3 1 32 119 273 306 384 657 702 818 853 992 996 1042 1101 1431 1442 1467 1689 2094 2286 2309 2480 2542 2675 3020 3081 3089 3443 3542 3638 3928 4275 4280 4744
3 1 2 5731 5754
2 6
3 1 2 146 1056
3 1 4 589 1908 2193 3138
3 1 6 747 1290 1814 1950 2303 2437
3 1 7 1066 2257 2614 3311 3595 3654 3994
3 1 5 1207 1670 2646 3194 3342
3 1 2 1328 3771
2 1 48 148 262 350 365 576 629 722 810 1192 1764 1885 2477 2485 2583 2661 2724 2759 2787 2853 2950 2965 3104 3330 3426 3591 3697 3811 3863 3880 3917 3925 4051 4374 4796 4841 4871 4936 5030 5056 5108 5165 5288 5330 5449 5492 5496 5507 5863
2 1 3 162 480 1665
2 1 2 167 972
2 4
3 1 25 192 201 733 912 932 944 977 1049 1194 1503 1556 1984 2029 2120 2499 2564 2707 2755 3606 3626 4176 4268 4456 4581 4644
3 1 3 381 2606 4035
3 1 2 2081 2342
3 1 2 2128 4271
2 8
3 1 3 285 1630 1936
3 1 3 412 1656 3799
3 1 3 483 766 3923
3 1 2 1322 3708
3 1 4 1423 4693 5203 5839
3 1 3 1506 3058 3158
3 1 2 2918 6390
3 1 2 4067 4491
2 4
3 1 2 295 2106
3 1 2 348 2115
3 1 4 727 2428 3914 5848
3 1 2 788 2752
2 2
3 1 2 401 3972
3 1 4 3485 4675 4974 6190
2 1 2 430 3096
2 3
3 1 3 560 3006 3217
3 1 2 1088 3735
3 1 2 1811 2594
2 1 12 618 1342 3506 3609 4059 4136 4174 4595 5475 5866 6443 6633
2 1 7 715 1749 3251 3669 4391 4458 4759
2 4
3 1 3 987 1658 3749
3 1 3 1202 1726 2033
3 1 3 1705 2531 2978
3 1 3 1857 2995 4957
2 1 5 1160 1220 1637 1667 3325
2 1 3 1671 2797 4015
2 2
3 1 3 1692 1980 1999
3 1 2 2450 3065
2 1 3 1717 2753 3120
2 1 2 1803 2244
2 1 4 1934 2926 2943 2989
2 1 2 2190 3539
2 1 2 2211 2756
2 1 4 2912 2957 2983 4923
2 1 2 2915 3142
1 35
2 2
3 1 4 3 846 4411 5975
3 1 2 7158 10254
2 1 33 97 435 1757 2035 2280 2388 3326 3357 3706 3781 3915 4741 5010 5510 5594 5869 6096 6282 6290 6564 6572 6756 7880 7917 8015 8069 8094 8104 8143 8194 8362 8505 8718
2 1 12 199 1055 1755 1958 2082 3711 3848 3964 4396 4938 5083 5442
2 5
3 1 2 242 10221
3 2
4 1 2 613 3723
4 1 3 677 703 9509
3 1 3 1664 5394 5775
3 1 3 1906 3356 6935
3 1 3 3898 5664 6346
2 1 9 272 1768 2397 2934 3362 3882 4012 7524 7689
2 5
3 1 3 279 3038 4626
3 2
4 1 6 667 941 2894 3195 3515 5536
4 1 6 1072 2224 2526 2972 3501 3649
3 1 11 1456 1584 1714 1782 1953 2213 2338 2574 2575 2772 2974
3 1 3 1892 1904 8331
3 1 2 2660 3307
2 2
3 1 3 346 4658 6736
3 1 6 523 1264 1279 3113 5580 6879
2 1 4 352 2555 5801 6466
2 3
3 2
4 1 2 358 2876
4 1 4 2125 2317 2390 3253
3 1 3 776 2068 2471
3 1 3 3013 3069 3725
2 8
3 1 6 460 1358 2877 4656 6991 7730
3 1 2 1789 3747
3 1 4 3383 4296 9753 9817
3 1 4 3742 3821 5138 6177
3 2
4 1 2 5161 6133
4 1 2 6798 9019
3 2
4 1 2 6731 8325
4 1 2 8294 9810
3 1 2 6742 8863
3 1 2 7007 8319
2 6
3 2
4 1 2 491 3750
4 1 3 962 3533 8726
3 1 3 971 1079 5170
3 1 3 4009 8663 10239
3 1 2 4046 5471
3 1 4 5875 7766 8760 8797
3 1 2 8591 9121
2 3
3 1 2 573 2835
3 1 3 2362 2558 10182
3 1 2 3214 3509
2 1 2 734 7768
2 2
3 1 2 737 7646
3 1 3 3080 3653 6202
2 4
3 1 5 767 3435 4980 5783 7168
3 1 3 918 5939 7915
3 1 5 3897 4074 4665 6044 9446
3 1 2 6587 7487
2 9
3 2
4 1 3 777 2546 2550
4 1 2 3093 3743
3 1 4 981 1120 1455 1496
3 1 3 1530 7611 8905
3 1 3 1711 2194 2782
3 1 2 1835 4053
3 1 2 2051 2653
3 1 3 2493 2929 4084
3 1 3 2612 2774 3200
3 1 2 3853 3870
2 1 6 817 3789 3943 4673 4752 6418
2 1 3 1239 4288 5347
2 4
3 1 4 1366 1518 2809 5346
3 2
4 1 2 2892 8721
4 1 3 4654 4861 6169
3 1 2 4130 5774
3 2
4 1 2 7352 8312
4 1 2 7906 9320
2 2
3 1 2 1400 4979
3 1 2 4794 4945
2 1 3 2012 4709 5525
2 1 2 2093 3056
2 2
3 1 3 2518 2592 3052
3 1 5 2538 3309 3340 4704 4913
2 1 3 2539 3684 8655
2 1 2 2568 3163
2 1 8 2768 3099 4236 5041 7528 8181 8428 9790
2 1 7 3205 3285 4282 4695 5250 6207 7109
2 1 3 3352 5085 5297
2 1 3 3375 6628 8608
2 2
3 1 3 3473 4781 7013
3 1 2 6773 6853
2 2
3 1 2 4405 9999
3 1 2 4829 8532
2 1 4 5103 8509 9253 9361
2 2
3 1 2 6312 7987
3 1 4 7242 8480 9205 9263
2 1 2 7153 7990
2 1 2 7735 8597
1 74
2 45
3 4
4 1 2 5 8648
4 2
5 1 3 382 8111 8923
5 1 2 5835 8856
4 1 4 3689 7690 9049 9067
4 1 2 8669 8968
3 12
4 1 5 9 3503 5213 8055 8644
4 1 3 173 9287 9431
4 1 8 563 2414 3044 3292 4351 5436 6243 6752
4 1 4 3527 5206 5899 6817
4 1 2 4417 8981
4 1 2 5148 7681
4 2
5 1 3 6831 9459 9548
5 1 2 8822 9179
4 1 3 7214 8093 8607
4 2
5 1 2 7578 8813
5 1 3 7965 8102 9259
4 1 5 7828 8758 9338 9417 9423
4 1 3 7853 8394 9372
4 1 2 9438 9495
3 3
4 1 6 41 2020 4534 6464 6949 7595
4 1 3 4815 6359 9074
4 1 2 6580 8882
3 1 7 60 3458 3715 6901 8497 8911 9033
3 4
4 1 2 66 8627
4 1 5 208 6176 8401 8475 9071
4 1 2 265 8752
4 1 2 5564 7357
3 9
4 3
5 1 2 81 8430
5 1 3 984 6104 9044
5 2
6 1 2 4521 8755
6 1 3 5425 7644 9226
4 2
5 1 2 533 8713
5 1 2 6634 7804
4 3
5 1 2 552 8376
5 1 2 614 3593
5 1 3 5930 6715 8998
4 2
5 1 2 732 9013
5 1 2 8353 8937
4 2
5 1 2 1098 9284
5 1 2 8064 8690
4 2
5 1 2 1611 8377
5 1 2 7657 8682
4 3
5 1 2 3319 8938
5 1 2 6637 8405
5 1 3 7489 8603 8989
4 1 4 3384 3764 6241 8980
4 1 5 6026 6355 6604 7907 8134
3 4
4 1 3 112 6499 8227
4 1 3 2113 8823 9684
4 1 3 4061 7014 8153
4 1 4 6968 8451 8860 8885
3 5
4 1 6 137 1265 8208 8901 9097 9355
4 1 3 213 7337 9100
4 1 5 603 7027 7713 8460 9203
4 1 2 6531 8782
4 1 3 6927 7806 9482
3 3
4 1 2 180 9103
4 1 2 4587 8503
4 1 2 6547 9296
3 2
4 1 5 182 4393 7426 8309 8687
4 1 2 5075 9161
3 5
4 1 3 219 8962 9532
4 1 8 280 2510 7412 7825 8612 8903 9104 9173
4 1 2 5113 8926
4 2
5 1 3 6228 7613 8999
5 1 2 6954 8769
4 1 2 7952 9282
3 1 3 220 9063 9752
3 2
4 1 2 264 8674
4 1 7 787 7130 8812 8887 9248 9286 9803
3 9
4 1 4 277 2618 8512 8950
4 1 7 354 4363 7532 8110 8521 8587 8746
4 2
5 1 3 621 7469 8007
5 1 4 1420 5478 6821 8573
4 2
5 1 2 2367 6682
5 1 2 4436 8560
4 1 2 2578 6644
4 1 5 3448 6664 7624 7955 8306
4 1 2 5916 6451
4 1 2 7560 8995
4 1 2 9602 9656
3 3
4 1 4 315 394 8113 8775
4 1 5 3507 5836 8767 9122 9131
4 1 2 6720 9360
3 1 10 318 2288 5690 6862 8373 8433 8666 8808 8898 9171
3 3
4 1 3 587 7354 9869
4 1 2 5784 9339
4 1 3 6748 8051 8768
3 4
4 1 5 608 1268 5336 7217 8080
4 1 4 2992 4707 8727 9096
4 1 2 3450 8382
4 1 3 4467 5185 6982
3 12
4 2
5 1 3 858 7128 9214
5 1 3 3127 7286 8494
4 3
5 1 2 1236 8019
5 1 2 3753 8416
5 1 5 7059 8282 9032 9265 9673
4 1 4 3221 8484 9258 9386
4 1 3 3973 6491 8402
4 1 2 5235 9299
4 3
5 2
6 1 3 7420 7466 8991
6 1 2 8599 8837
5 2
6 1 3 8028 8564 9283
6 1 2 8650 9165
5 1 2 9046 9109
4 2
5 1 3 7424 9479 10022
5 1 2 9036 9595
4 2
5 1 3 7850 8363 9505
5 1 4 8108 9247 9448 9491
4 1 3 8529 8722 9363
4 1 4 8614 8864 8988 9117
4 1 4 8778 9314 9354 9804
4 1 2 8913 8934
3 1 3 889 4523 9145
3 1 3 1243 7545 7652
3 2
4 1 2 1489 8672
4 1 2 3980 9324
3 7
4 1 4 1739 5814 8014 8247
4 1 3 4287 8026 8190
4 1 2 4494 8329
4 1 5 5358 7632 7764 7996 8305
4 1 3 5424 8234 8432
4 1 3 5662 8455 8638
4 1 2 7234 8327
3 1 8 2040 2483 5262 6478 7703 7757 8618 8809
3 4
4 2
5 1 2 2088 6812
5 1 2 6487 8602
4 1 2 3540 7982
4 1 3 8240 8508 9289
4 1 2 8411 8943
3 2
4 1 4 2533 3558 5179 8854
4 1 4 2967 5007 5303 8219
3 1 4 2585 4621 5526 9142
3 2
4 1 3 3763 5579 9542
4 1 2 5078 8531
3 1 3 4361 4519 8161
3 3
4 1 2 4803 7566
4 1 3 7137 8457 9010
4 1 3 7455 8616 9014
3 2
4 1 2 4958 6776
4 1 2 8261 8553
3 2
4 1 4 5171 8292 8506 8592
4 1 3 8725 8798 8889
3 1 2 5327 7704
3 1 2 5506 8986
3 1 2 5557 6807
3 4
4 1 2 5568 8252
4 1 3 5914 8263 8621
4 2
5 1 2 7514 9669
5 1 2 9245 9329
4 2
5 1 2 8284 8811
5 1 3 8410 8689 8834
3 3
4 2
5 1 2 6098 8628
5 1 2 8997 9535
4 1 2 8764 8890
4 1 3 8816 8818 8876
3 2
4 1 2 6357 7985
4 1 3 6734 7251 8476
3 1 3 6492 7559 8715
3 2
4 1 3 6534 6602 8225
4 1 2 6942 7124
3 1 3 6609 8770 9108
3 1 3 7779 7997 8360
3 1 6 7986 8025 8299 8523 8771 8803
3 2
4 1 2 8463 8825
4 1 2 8536 9493
3 1 3 8780 8790 8894
2 73
3 6
4 2
5 1 2 14 8013
5 1 2 6314 7699
4 2
5 1 2 423 3578
5 1 3 5176 8788 8951
4 1 3 3700 8707 8872
4 1 2 5701 9589
4 1 3 5901 7954 9298
4 1 4 6887 8138 8535 8653
3 6
4 1 2 19 8308
4 1 3 1625 5240 9496
4 1 2 2811 8274
4 1 2 7188 9341
4 1 2 8381 9154
4 2
5 1 2 9239 9415
5 1 3 9280 9508 9556
3 1 11 38 5655 6181 8230 9568 10024 10060 10101 10152 10268 10269
3 1 5 89 4240 6461 9668 9694
3 8
4 2
5 1 3 90 338 8470
5 1 2 8076 9135
4 2
5 1 3 2732 9530 9923
5 2
6 1 4 6712 6962 8316 9162
6 1 2 7333 10293
4 2
5 1 2 3229 7200
5 1 2 8849 10128
4 2
5 1 2 4314 7170
5 1 2 10041 10271
4 1 2 4801 6983
4 2
5 1 4 4911 7164 8932 9691
5 1 2 6012 9537
4 2
5 1 3 5245 8922 10131
5 1 3 6189 8238 8556
4 1 2 9300 9767
3 1 13 133 1204 3522 3910 5778 6412 6616 8228 8670 8735 9102 9866 10185
3 2
4 1 3 149 10232 10305
4 1 7 3073 4569 5261 5953 6520 7680 8972
3 2
4 1 11 189 251 1053 4461 7311 8386 8576 8634 8658 8893 10023
4 1 2 7346 7943
3 1 13 323 380 7328 8032 8473 8886 8967 9037 9224 9231 9232 9464 9517
3 2
4 1 10 439 4101 5705 9020 9076 9255 9644 9677 9681 9867
4 1 4 2313 6110 9101 9293
3 1 2 443 8561
3 2
4 1 5 507 581 6533 6808 8738
4 1 2 597 3174
3 2
4 1 3 807 8275 10125
4 1 8 4774 5822 7096 7486 8034 8301 8598 9003
3 3
4 1 3 850 9783 10105
4 1 2 7003 8210
4 1 3 7207 9720 9824
3 2
4 1 13 857 1796 5519 6347 6574 8400 8877 9128 9244 9550 9845 9911 10076
4 1 2 8757 9811
3 2
4 1 3 891 3419 5353
4 1 2 7122 7398
3 1 2 975 7066
3 1 9 1071 3843 4217 7302 8356 8524 8709 9648 9699
3 1 3 1619 4737 7786
3 1 2 1728 4138
3 2
4 1 2 1961 8262
4 1 9 7212 7372 8571 8583 9025 9093 9167 9204 9373
3 3
4 1 15 2178 2181 3761 4484 4638 8063 8611 9078 9089 9303 9388 9419 9981 10120 10199
4 1 3 5453 8785 9722
4 1 2 6261 8824
3 1 11 2535 3987 7022 7448 7819 7924 8031 8456 9001 9050 9157
3 2
4 1 3 2684 4613 9057
4 1 2 8749 9009
3 2
4 1 2 2846 8547
4 1 3 5614 10171 10234
3 3
4 1 6 2913 5445 5677 7393 7493 9389
4 1 3 4366 4929 9771
4 1 2 6489 6839
3 2
4 1 2 3077 9483
4 1 2 7413 8631
3 1 2 3299 9401
3 15
4 1 3 3854 8149 8365
4 2
5 1 2 4286 4416
5 1 3 7556 7634 9140
4 1 4 5683 6005 7787 9180
4 3
5 1 2 5696 10107
5 1 2 7400 9558
5 1 2 7798 8424
4 1 4 6070 6876 8815 8925
4 1 2 6170 8303
4 2
5 1 3 7060 9538 10148
5 1 4 8417 8930 9158 9627
4 1 2 7072 9888
4 1 2 7475 8517
4 1 4 7548 7937 8793 10183
4 1 3 7576 7813 8850
4 1 2 8649 9599
4 1 2 8819 9147
4 1 3 9088 9184 9805
4 1 4 9172 9641 9967 10218
3 1 3 4076 5269 6605
3 2
4 1 4 4323 4959 7314 8514
4 1 3 8763 9368 9549
3 1 3 4334 7618 9642
3 3
4 1 3 4409 6639 7507
4 1 2 5649 9279
4 1 4 7131 8620 8956 10283
3 1 14 4846 5596 5615 7151 8202 8440 8698 9199 9216 9501 9807 9937 10179 10251
3 1 4 5053 6650 9148 10084
3 1 4 5066 9370 9608 9643
3 1 2 5824 8572
3 3
4 1 2 6028 9178
4 1 2 6054 10244
4 1 2 9471 9949
3 2
4 1 5 6097 7356 8004 8730 9262
4 1 3 8357 8609 9073
3 1 2 6172 8217
3 1 3 6365 9125 9186
3 1 4 6552 9227 9351 9435
3 1 2 6599 8942
3 1 2 6611 9453
3 1 2 7021 8347
3 1 4 7038 7378 9223 9444
3 1 3 7051 7470 9865
3 2
4 1 2 7176 9552
4 1 2 9617 9712
3 1 9 7218 7392 8563 9061 9092 9159 9566 9837 9840
3 1 2 7594 8577
3 1 5 7631 9359 9902 9935 10047
3 1 2 7895 10138
3 1 2 7963 9333
3 1 3 7973 8293 8828
3 1 2 7975 8695
3 1 2 8154 10233
3 1 3 8287 10013 10061
3 1 3 8461 9510 9746
3 1 2 8486 10094
3 1 2 8493 8542
3 1 2 8551 9340
3 1 3 8559 9371 9518
3 1 2 8734 8892
3 1 3 8958 10043 10204
3 1 3 8983 9896 10176
3 1 4 9021 9139 9436 9457
3 1 2 9029 9193
3 1 3 9047 9235 9623
3 1 2 9060 9192
3 2
4 1 6 9077 9206 9378 9590 9793 9957
4 1 2 9863 10074
3 1 3 9143 9352 9637
3 1 3 9237 9716 9934
3 1 2 10281 10299
2 56
3 3
4 1 3 21 4086 9928
4 1 2 7980 9546
4 1 4 9269 9382 9683 9889
3 3
4 1 4 24 6033 9634 10052
4 1 2 9531 9856
4 1 2 9897 10004
3 1 5 26 8916 8992 9764 10044
3 12
4 1 4 84 2722 6963 9043
4 1 4 114 8917 10030 10180
4 1 3 122 10035 10045
4 1 7 825 9343 9725 9774 9996 10000 10007
4 1 2 1472 9903
4 3
5 1 2 1862 9241
5 1 4 3841 6121 7771 9323
5 1 2 4357 10055
4 1 4 2103 7720 9126 10256
4 2
5 1 3 3874 4223 5009
5 1 4 5022 8918 8974 10229
4 1 3 3968 4726 9734
4 1 3 6128 6892 6980
4 1 3 7253 9696 10153
4 1 2 10140 10225
3 3
4 2
5 1 3 87 7443 10288
5 1 2 5978 10198
4 2
5 1 3 616 9884 10122
5 1 2 1970 7933
4 1 3 822 2557 5663
3 7
4 1 2 172 701
4 1 3 373 8323 10191
4 1 3 3624 5255 5469
4 1 2 5962 9210
4 1 4 6162 9079 9539 9600
4 1 3 6391 8817 9784
4 1 2 9750 9947
3 1 3 224 10172 10304
3 3
4 1 4 322 9297 9442 10224
4 1 2 6792 7948
4 1 4 8472 9832 9914 10163
3 2
4 1 3 328 9254 10290
4 1 2 7197 10102
3 7
4 1 2 339 9090
4 1 3 1023 4567 8826
4 1 5 2901 7294 7981 9129 9480
4 1 3 4252 8399 10086
4 2
5 1 2 7428 9466
5 1 2 9160 9497
4 1 3 8847 9477 9575
4 1 2 9220 10130
3 9
4 1 3 374 7441 8961
4 2
5 2
6 1 2 404 9236
6 1 2 8098 9576
5 1 4 915 4885 9031 9826
4 1 3 2524 4949 8351
4 2
5 1 3 3741 7596 7726
5 1 4 6474 7964 9028 9855
4 1 3 4943 7020 9451
4 3
5 1 3 5006 7075 9657
5 1 3 8041 9141 9761
5 1 2 9780 9940
4 1 2 6349 9878
4 1 4 8052 8623 9524 9621
4 1 2 8845 9369
3 1 4 413 9484 9990 10108
3 9
4 2
5 1 2 449 9970
5 1 3 9603 9788 9991
4 3
5 1 4 718 9319 10093 10145
5 1 3 3062 9844 10033
5 1 3 3859 5111 7525
4 1 5 931 2640 8224 9606 10109
4 1 4 3995 9638 9871 10129
4 2
5 1 2 4889 9975
5 1 2 9544 9654
4 2
5 1 4 6910 9197 9658 9898
5 1 4 9586 9616 9708 9709
4 1 4 8919 9717 10285 10300
4 1 2 9260 10310
4 2
5 1 2 9564 10003
5 1 3 10082 10260 10298
3 3
4 1 2 565 9052
4 1 5 6424 9815 10048 10142 10193
4 1 2 10117 10274
3 2
4 1 2 837 6965
4 1 2 6532 7189
3 12
4 2
5 1 2 900 10272
5 1 2 4894 6573
4 2
5 1 2 1624 10099
5 1 3 3819 8935 10011
4 2
5 1 4 3602 4883 5722 9748
5 1 2 5919 9066
4 1 2 3826 10181
4 1 4 4462 6548 7143 7597
4 2
5 1 2 5238 9045
5 1 3 5638 7301 8485
4 2
5 1 3 5780 5917 8487
5 1 3 6620 9202 9211
4 1 2 5803 9872
4 2
5 1 2 6221 9411
5 1 4 8750 8759 9387 9692
4 1 3 6324 7233 9675
4 1 3 8963 9007 9357
4 1 3 9124 9251 10110
3 1 10 1047 4075 4605 6106 7005 7591 9907 10228 10263 10270
3 1 16 1103 7076 7958 8112 8264 8279 8693 8954 9054 9056 9083 9392 9413 9757 9908 10012
3 7
4 3
5 1 3 2028 3766 7141
5 1 2 4719 8378
5 1 2 9221 9577
4 2
5 1 3 2249 7271 7988
5 1 2 4241 9430
4 1 4 5043 5143 7951 9475
4 1 7 6507 7033 7380 7563 8720 9011 9233
4 2
5 1 2 8087 9799
5 1 2 8880 9916
4 2
5 1 3 8993 10103 10167
5 1 3 9349 10078 10080
4 1 2 9376 9952
3 3
4 1 4 2030 6193 9839 9958
4 2
5 1 2 7743 9645
5 1 2 8526 9772
4 1 2 9823 10072
3 2
4 1 7 2506 9328 9633 9904 9961 10264 10295
4 1 2 8501 8595
3 3
4 1 2 2593 8580
4 1 3 4732 6858 9317
4 1 4 5573 7762 10056 10282
3 1 5 2776 9582 9960 9989 10032
3 3
4 1 2 2780 5584
4 1 2 4352 7926
4 1 4 7120 8902 10158 10231
3 1 2 3180 9412
3 2
4 1 6 3274 3498 4197 5049 5313 9630
4 1 2 7068 10067
3 3
4 1 3 3308 5909 8483
4 1 3 3833 5543 9777
4 1 2 8555 9620
3 2
4 1 3 3327 4137 9785
4 1 3 5945 9649 9800
3 2
4 1 3 3586 9802 10089
4 1 2 6709 9698
3 4
4 1 4 3641 8729 8739 10267
4 1 3 5219 8581 9155
4 1 3 7886 8975 9880
4 1 3 8533 8945 10249
3 3
4 1 3 3721 7714 10155
4 1 5 7600 8520 8753 9796 10139
4 1 2 9886 10250
3 2
4 1 6 3836 6296 7759 9278 9829 9843
4 1 2 7903 9841
3 1 3 4083 7716 9820
3 1 2 4112 9893
3 2
4 1 5 4397 5832 9152 10223 10243
4 1 3 5972 8280 9650
3 1 4 5098 9529 9849 10062
3 1 3 5234 5448 9481
3 3
4 1 4 5264 9732 9987 10311
4 2
5 1 2 9624 10133
5 1 2 9900 10124
4 1 2 10057 10252
3 2
4 1 4 5527 8965 9209 9718
4 1 4 8375 9875 9980 10247
3 3
4 1 4 6045 8035 9115 9652
4 1 5 6747 7780 9182 9194 9758
4 1 2 9792 9883
3 2
4 1 4 6077 8914 9846 10058
4 1 2 8073 9848
3 2
4 1 2 6229 7684
4 1 4 7485 7650 9304 9968
3 1 2 7666 8921
3 1 2 7752 9948
3 2
4 1 2 8074 9569
4 1 5 9285 9353 9403 9494 9873
3 1 2 8165 9899
3 1 2 8445 10136
3 1 4 8852 8929 9288 9745
3 2
4 1 3 9325 9963 10265
4 1 3 9678 9791 9847
3 1 2 9327 9794
3 1 2 9685 10292
3 2
4 1 2 9765 9971
4 1 2 9860 9890
3 1 2 9868 10262
3 1 2 10036 10219
3 1 2 10081 10096
3 1 2 10220 10284
2 10
3 1 3 52 2907 10083
3 1 2 654 8832
3 1 3 4105 8061 8364
3 1 3 4249 6902 9151
3 1 3 5694 7355 9559
3 1 4 6004 7442 9156 9391
3 1 2 6148 6757
3 1 3 6476 8789 10192
3 1 3 7908 7928 8206
3 1 4 8384 8539 9068 10169
2 1 3 58 9309 9706
2 1 8 62 2102 7875 8957 9583 9755 9834 10215
2 36
3 1 3 69 7626 9857
3 1 3 121 789 10309
3 5
4 1 3 128 8407 8421
4 2
5 1 2 505 8795
5 1 3 8258 8358 8588
4 1 5 646 1330 7204 8359 9110
4 2
5 1 2 2884 8465
5 1 2 8534 9069
4 1 4 7292 8442 8665 8977
3 2
4 1 5 239 4579 4819 6941 8519
4 2
5 1 2 3192 9573
5 1 3 9366 9425 9754
3 1 2 286 3997
3 2
4 1 3 313 7911 9768
4 1 3 8504 9181 9207
3 11
4 2
5 1 3 379 4631 7795
5 1 5 5528 5984 6230 9490 9629
4 2
5 1 2 1121 8586
5 1 5 4220 5627 8180 8195 10248
4 2
5 1 2 1390 9997
5 1 2 6344 8139
4 2
5 1 3 2098 9789 10068
5 1 2 6569 10302
4 1 3 3947 4387 8314
4 1 3 4254 7925 8652
4 1 3 6475 8337 10063
4 1 2 7299 9702
4 1 3 7842 9310 9536
4 1 2 7999 9026
4 1 2 9797 10206
3 9
4 2
5 1 3 419 5695 8751
5 1 3 5428 6505 7231
4 1 4 3866 6019 7534 8924
4 1 2 5462 9801
4 1 3 7166 8637 8786
4 2
5 1 2 7640 8298
5 1 2 8002 9588
4 1 3 8170 8736 9926
4 1 3 8345 8791 8994
4 1 3 8814 10135 10207
4 1 2 9795 9994
3 2
4 1 4 431 8625 9150 9290
4 2
5 1 2 8239 9472
5 1 2 9306 9733
3 10
4 1 2 557 8578
4 1 3 1735 2055 9219
4 2
5 1 3 2430 8978 9123
5 1 2 5397 8223
4 1 3 6945 9915 10143
4 1 3 7340 9334 9943
4 1 3 7376 10049 10118
4 1 3 8604 9356 9701
4 1 4 8844 9230 9941 10097
4 1 4 9225 9776 9919 10202
4 3
5 1 2 9612 9910
5 1 2 9828 10053
5 1 2 10070 10095
3 1 11 604 5343 7291 7406 7584 8120 8121 8495 8883 9051 9819
3 13
4 1 6 610 7001 7691 7701 8221 9743
4 1 2 4200 8115
4 2
5 1 3 5666 5931 7229
5 1 2 7660 8498
4 1 6 5883 6039 6256 8083 8444 8527
4 1 2 6187 8207
4 2
5 1 2 6231 8840
5 1 4 6768 6893 7561 9626
4 1 2 6299 8311
4 2
5 1 2 7495 7991
5 1 3 7736 8053 8192
4 1 2 7717 8469
4 1 4 7748 8510 8676 8796
4 1 2 8017 8095
4 1 3 8295 8389 8438
4 1 2 8426 8662
3 4
4 1 3 2806 8088 9715
4 1 3 3489 8971 9336
4 1 2 4327 7227
4 1 3 8346 9533 9613
3 2
4 1 3 3000 9266 9398
4 1 3 4432 6802 9348
3 3
4 1 6 3079 4544 8427 9516 9565 9912
4 1 3 4554 10237 10259
4 1 3 9113 9639 9913
3 1 12 3381 6087 6151 6554 7135 7874 8075 8125 8135 8579 8966 9138
3 1 8 3825 5587 8273 9676 9998 10164 10216 10296
3 2
4 1 6 3955 7564 8276 8640 8697 10294
4 1 5 7725 8174 8491 8615 9005
3 2
4 1 3 4487 8082 10126
4 1 2 8398 9137
3 2
4 1 3 5265 7930 9693
4 1 2 8960 9275
3 4
4 1 4 5586 6462 7223 9930
4 2
5 1 3 6253 7729 8391
5 1 2 8420 9234
4 1 3 6685 8209 10073
4 1 2 7638 8827
3 3
4 1 2 5613 6707
4 1 2 6408 8091
4 1 2 7399 7840
3 3
4 1 2 5621 7278
4 1 8 6029 9449 9874 10018 10025 10100 10137 10278
4 1 2 9938 10211
3 1 4 5700 8367 8949 9512
3 3
4 1 2 5918 9084
4 1 2 7386 9521
4 1 6 7633 7694 8021 8169 8549 9305
3 1 5 6032 6063 6681 8762 10115
3 2
4 1 2 6351 8948
4 1 2 7565 9312
3 1 3 7016 7219 10175
3 2
4 1 3 7092 7753 9690
4 1 2 7929 8425
3 1 2 7659 10046
3 2
4 1 2 7873 7938
4 1 2 9721 9922
3 1 4 8600 9674 9835 10015
3 1 2 8904 9667
3 1 2 9229 9522
3 1 3 9646 10010 10028
3 1 2 10174 10257
2 5
3 1 3 80 7537 8821
3 1 2 1369 5011
3 1 2 4346 8126
3 1 8 4854 7058 8147 8157 8290 8499 9107 9492
3 1 2 6754 9891
2 53
3 1 2 82 7105
3 1 2 98 116
3 3
4 1 2 206 7734
4 1 2 6237 9540
4 1 3 6806 6820 8871
3 1 3 214 8479 8568
3 1 18 229 2359 3012 3411 4609 5031 6108 6309 7198 7459 8070 8343 8610 8724 8867 8897 9081 9463
3 7
4 1 2 436 9809
4 2
5 1 2 4758 9091
5 1 2 8528 9397
4 2
5 1 2 4817 9547
5 1 2 4905 9452
4 1 2 6018 8678
4 2
5 1 3 8645 9887 9917
5 1 3 9470 10141 10208
4 2
5 1 3 9473 9545 9660
5 1 3 9574 9964 10017
4 1 3 9665 9736 9921
3 1 14 445 1052 1091 1861 3993 4383 4648 5272 8214 8990 9038 9610 9864 10085
3 2
4 1 5 509 8632 8862 9421 9920
4 1 3 9605 9939 10071
3 4
4 1 6 729 3049 8940 9399 9762 10066
4 1 2 4222 9619
4 1 2 4578 4843
4 1 2 8253 9727
3 3
4 1 2 1105 2335
4 2
5 1 2 5292 6527
5 1 2 8781 9418
4 1 3 9082 9842 10006
3 2
4 1 7 1139 2144 5236 6034 8412 9345 9591
4 1 2 6959 8964
3 2
4 1 4 1174 8268 9246 9775
4 1 2 9723 9808
3 1 4 1292 7498 8680 9541
3 2
4 1 3 1411 6994 9120
4 1 3 6107 7290 8488
3 3
4 1 2 1544 2781
4 1 3 7282 9507 10186
4 1 4 7791 8186 8302 8732
3 1 3 1666 6024 10029
3 1 3 2291 4650 5766
3 1 7 3646 7270 8646 9551 9653 9798 10014
3 1 3 4582 8626 9402
3 1 6 4647 8489 8899 9437 9647 9682
3 1 11 4753 5087 7619 8106 8226 8439 9188 9443 9468 9469 9525
3 1 2 4788 8895
3 1 3 4822 8317 9995
3 3
4 1 6 5153 5316 6298 7700 8853 9198
4 1 5 5707 6287 7139 7303 8193
4 1 2 7330 8458
3 1 4 5180 7781 9396 9814
3 1 2 5630 10113
3 1 14 5708 6343 7949 8213 8250 8429 8543 8654 8774 9055 9277 9365 9973 10286
3 2
4 1 4 5716 6625 10001 10203
4 1 2 10266 10287
3 1 3 5816 5903 9651
3 1 5 5834 7274 7279 8719 9664
3 1 3 6204 7983 10092
3 3
4 1 3 6292 9383 9859
4 1 3 6543 9818 10019
4 2
5 1 2 8054 9666
5 1 2 8996 10106
3 1 4 6870 10154 10213 10214
3 3
4 1 2 6934 8403
4 1 3 8437 9607 10161
4 1 2 9086 9498
3 1 4 6990 7968 8372 9344
3 1 2 7289 8772
3 1 6 7407 7497 9311 9458 9504 9933
3 2
4 1 2 7427 9358
4 1 4 8056 8450 9956 10119
3 1 3 7501 7849 8861
3 1 3 7583 9454 9561
3 2
4 1 3 7731 7916 9130
4 1 3 8235 8500 8711
3 2
4 1 2 7790 10253
4 1 7 9196 9770 9786 9825 10112 10168 10275
3 2
4 1 2 7857 8089
4 1 4 9201 10178 10212 10226
3 1 2 7896 8657
3 1 2 8066 8936
3 1 3 8328 8449 8584
3 2
4 1 2 8481 9985
4 1 3 9782 9870 9951
3 2
4 1 3 8490 9485 10123
4 1 4 9039 9347 9563 10255
3 1 3 8492 9813 10054
3 2
4 1 4 8593 8927 9374 9503
4 1 2 9622 9740
3 2
4 1 3 9072 9257 10037
4 1 2 10021 10040
3 1 2 9380 9567
3 1 2 9894 10189
2 1 2 96 10149
2 1 4 99 1686 3405 9440
2 1 3 101 5964 8643
2 7
3 1 69 152 1964 2812 4066 4172 4692 5440 5667 6439 6584 6683 6781 6842 6928 7608 7727 7832 7884 7992 8057 8119 8148 8199 8291 8471 8550 8575 8596 8606 8619 8704 8733 8765 8773 8787 8792 8800 8831 8858 8891 8909 8912 9105 9111 9144 9191 9238 9242 9256 9377 9385 9625 9687 9724 9728 9730 9756 9851 9862 9950 9962 9974 10079 10088 10111 10116 10245 10280 10301
3 1 2 5432 9271
3 1 3 6589 9982 10008
3 1 2 8570 9984
3 3
4 1 2 9318 9455
4 1 2 9557 10238
4 1 2 10165 10177
3 1 2 9408 10162
3 1 2 9526 9747
2 11
3 1 2 165 8589
3 1 24 303 668 1448 2416 5023 5597 6402 7338 7379 7679 7805 8544 8717 9264 9570 9663 9714 9726 9731 9773 9821 9850 9944 10276
3 2
4 1 2 2449 9703
4 1 3 8185 8478 9462
3 1 4 3150 5753 8218 9433
3 1 3 3472 7221 9106
3 1 2 5194 10258
3 1 3 6799 8229 8740
3 1 2 7642 9705
3 1 2 8315 8987
3 1 2 8390 9511
3 1 2 9420 9655
2 1 3 202 4802 7540
2 4
3 1 2 283 10098
3 1 4 3451 6663 8436 9346
3 1 2 4603 6267
3 1 4 6356 9853 9983 10297
2 6
3 1 26 312 434 1060 1344 1519 3406 5388 5963 6160 7429 7462 7629 7750 8205 8630 8686 8802 8939 9062 9146 9174 9308 9769 9932 10236 10308
3 1 2 6141 9439
3 1 2 6583 8062
3 1 2 7484 9002
3 1 2 8941 9326
3 1 2 9514 10134
2 2
3 1 8 385 1468 4469 7950 9170 9384 9502 9578
3 1 3 9030 9424 9428
2 3
3 1 3 455 8072 9291
3 1 5 2347 8024 8590 8731 9099
3 1 2 4181 9520
2 5
3 1 4 470 7155 10009 10201
3 2
4 1 2 521 1839
4 1 2 5212 7202
3 1 5 4140 9175 9679 9929 10246
3 1 2 8354 8703
3 1 2 9833 10038
2 6
3 1 2 619 9954
3 1 57 974 1043 1065 1818 2045 2258 2383 2626 3035 3323 3828 3889 4368 4373 4679 4989 5486 5809 6041 6075 6271 6981 7117 7180 7206 7269 7625 7862 7974 8029 8446 8667 8692 8985 9274 9400 9405 9441 9460 9500 9506 9527 9581 9587 9671 9672 9816 9892 9927 9931 9953 9955 10002 10075 10150 10210 10307
3 1 3 3210 8675 8714
3 1 4 8784 9735 10069 10127
3 1 2 9584 10132
3 1 2 10087 10091
2 3
3 1 14 639 1871 2131 2176 3563 5199 5598 5946 6115 6575 7434 7894 9292 10042
3 1 2 3176 10289
3 1 2 4301 7639
2 2
3 1 6 742 7741 8118 8952 9295 10016
3 1 3 2824 4428 9636
2 1 3 785 6601 6823
2 2
3 1 71 861 1070 2308 3685 4244 4266 4337 4423 4740 5727 6205 6310 6919 7482 7571 7574 7710 7912 8010 8203 8318 8321 8330 8368 8404 8452 8516 8518 8594 8639 8677 8744 8754 8756 8777 8783 8830 8855 8947 9004 9015 9042 9094 9098 9116 9134 9177 9185 9187 9208 9212 9217 9294 9321 9332 9337 9381 9390 9450 9486 9585 9614 9670 9680 9697 9766 9858 9905 10146 10156 10196
3 1 3 9695 9906 10205
2 1 5 878 1112 4573 8030 9313
2 1 3 1073 8701 8804
2 1 3 1184 8078 9053
2 11
3 3
4 1 3 1288 9136 9427
4 1 3 2418 5505 9560
4 1 3 7939 7970 8522
3 2
4 1 5 2956 4269 9609 9700 9704
4 1 3 5100 8552 9749
3 3
4 1 2 3408 4496
4 1 2 7361 9729
4 1 2 9707 9986
3 1 4 3492 4844 5333 9478
3 1 2 3526 4786
3 1 3 5743 8684 9739
3 1 2 6406 9988
3 1 4 6891 7006 9315 9631
3 1 2 7755 9710
3 1 3 8973 9519 9763
3 1 2 9562 10303
2 2
3 1 3 1327 8211 9489
3 1 4 1752 3920 6760 8915
2 2
3 1 3 1360 3785 8843
3 1 3 8370 9406 9977
2 2
3 1 3 1462 2727 8558
3 1 2 5810 8242
2 1 3 1514 2590 9153
2 3
3 1 2 1641 9688
3 1 3 5676 9006 9065
3 1 2 8178 9023
2 3
3 1 2 1809 8982
3 1 3 2027 9127 9959
3 1 2 7712 10187
2 3
3 1 3 2097 8418 8838
3 1 38 2126 2328 3179 4307 4934 4969 5196 5223 5558 5691 5768 7097 7848 8683 8685 8708 8835 8907 8953 9064 9087 9273 9301 9407 9465 9474 9594 9713 9879 9895 9901 9925 10026 10147 10184 10222 10235 10306
3 1 3 7891 8842 9375
2 2
3 1 2 2130 10227
3 1 4 2706 8379 8641 8702
2 1 2 2302 9993
2 4
3 1 18 2617 3963 6595 6674 7863 8044 8047 8146 8699 8873 8944 9119 9166 9215 9395 9487 9979 10151
3 1 2 6684 9618
3 1 2 8647 8688
3 1 2 8955 9806
2 1 2 2688 4977
2 2
3 1 3 2896 5128 9404
3 1 2 8741 9322
2 1 2 3032 9016
2 1 5 3493 7173 7601 8059 9611
2 1 2 3879 9034
2 1 2 3908 5040
2 1 3 3924 8799 9554
2 1 2 3934 9778
2 2
3 1 4 4483 8931 9838 10031
3 1 3 9070 9190 9881
2 3
3 1 3 4537 6915 9632
3 1 4 8585 9822 9992 10242
3 1 3 9432 9945 10020
2 2
3 1 2 4641 10114
3 1 2 9488 9852
2 3
3 1 2 4670 10144
3 1 2 8857 10194
3 1 2 9379 9965
2 3
3 1 13 4680 6186 6974 8668 9434 9555 9827 9976 9978 10160 10173 10273 10291
3 1 2 5077 8105
3 1 2 9946 10005
2 1 3 4761 5523 8546
2 2
3 1 2 5123 9350
3 1 2 5776 6490
2 1 2 5132 10121
2 1 2 6350 10230
2 1 2 6389 8691
2 1 3 6477 8836 9534
2 1 3 6866 9163 9240
2 1 2 7273 10027
2 1 2 7404 8116
2 1 2 7517 9969
2 1 3 7581 9924 10190
2 1 2 7845 8933
2 1 3 8090 8884 9017
2 1 3 8150 9426 9515
2 1 4 8231 8565 9008 9429
2 2
3 1 2 8245 9169
3 1 2 8878 9018
2 1 4 8413 8979 9041 9059
2 1 2 8761 9942
2 1 3 8806 8984 9022
2 1 2 8946 9272
2 1 2 9035 10104
2 1 3 9662 10034 10090
1 15
2 1 4 12 1610 4764 7154
2 1 7 43 2154 2282 3938 5497 7918 8969
2 1 5 50 183 5725 7370 7433
2 1 3 574 3737 4808
2 4
3 1 2 582 3371
3 1 2 1015 2346
3 1 3 1833 4191 5487
3 1 2 2573 3037
2 1 5 717 3594 6035 7589 7858
2 2
3 1 2 765 8423
3 1 2 1867 3950
2 2
3 1 2 919 5338
3 1 8 1797 1914 2977 3377 3746 4014 5300 6047
2 2
3 1 2 1751 3518
3 1 2 2341 9268
2 2
3 1 6 2750 2899 4718 5757 7250 7313
3 1 2 3844 5273
2 1 5 2961 7620 7622 8005 8046
2 1 2 3552 4017
2 2
3 1 3 7150 7587 8081
3 1 2 9024 9461
2 1 2 7843 8569
2 1 3 7851 7914 8249
1 38
2 1 3 37 8743 9719
2 1 93 86 111 176 545 755 821 908 1022 1027 1039 1931 2007 2118 2223 2334 2491 2690 2869 2917 3392 3467 4133 4179 4257 4304 4478 4775 5116 5537 5591 5837 5896 6135 6263 6524 7050 7085 7256 7288 7363 7395 7405 7435 7460 7468 7492 7510 7513 7555 7677 7746 7754 7957 8084 8162 8220 8320 8408 8464 8502 8507 8566 8617 8673 8679 8748 8810 8829 8879 8896 8976 9000 9027 9080 9085 9252 9267 9270 9276 9281 9316 9393 9414 9543 9592 9598 9686 9760 9787 10051 10159 10188 10217
2 7
3 1 2 93 8385
3 3
4 1 2 1745 8434
4 1 2 2164 8660
4 1 2 6787 7091
3 2
4 1 5 2275 6152 8241 8244 8705
4 1 2 4601 8515
3 2
4 1 2 2432 8496
4 1 2 6103 8525
3 1 5 2434 2903 5861 7702 8805
3 2
4 1 3 3581 5970 7377
4 1 3 5027 7860 8344
3 1 3 6960 7695 8283
2 5
3 1 2 126 3266
3 2
4 1 2 838 6816
4 1 3 4906 7546 7621
3 1 3 2363 4787 6074
3 1 3 2597 5324 6277
3 1 3 2948 4572 6289
2 6
3 3
4 1 2 256 368
4 1 2 1031 2053
4 1 3 3620 4065 8742
3 3
4 1 2 4194 6769
4 1 2 6695 8959
4 1 2 8554 8710
3 3
4 1 2 4228 6358
4 1 2 7213 8000
4 1 2 8123 8371
3 2
4 1 2 4669 5642
4 1 3 6608 7004 8706
3 2
4 1 2 5639 6666
4 1 2 6084 6614
3 2
4 1 2 6886 8970
4 1 2 7715 8033
2 3
3 1 31 292 2235 6352 8277 8807 8841 8859 8866 8875 8906 8908 9095 9176 9189 9200 9213 9222 9228 9243 9249 9250 9261 9330 9364 9445 9513 9523 9553 9615 9741 9742
3 1 2 8635 9572
3 1 2 9218 9362
2 1 2 408 3404
2 6
3 1 2 420 6969
3 2
4 1 2 478 2851
4 1 2 4468 5033
3 1 4 3478 4446 6201 9659
3 1 2 4536 6463
3 2
4 1 3 5980 6051 6216
4 1 2 6849 7777
3 1 3 7662 8839 10050
2 3
3 1 15 567 599 746 2172 3732 4671 5354 5954 7419 7818 7956 7967 7969 8198 8474
3 1 3 823 2014 2925
3 1 8 1532 1986 2236 2296 2986 3516 3989 4193
2 4
3 1 3 596 5540 10170
3 1 3 4330 6591 9118
3 2
4 1 3 5636 9759 9779
4 1 2 8846 9394
3 1 3 7324 7772 9831
2 2
3 1 2 598 4125
3 1 3 3364 4394 4684
2 2
3 1 17 612 1095 1106 1834 2025 2572 3076 3813 4915 5304 5385 5549 5570 5894 6729 6809 6867
3 1 2 4109 10261
2 2
3 1 4 873 3918 5119 6091
3 1 2 6774 10157
2 1 17 1032 1866 1922 5314 5340 5999 6252 6509 6771 7572 8036 8173 8624 8794 9422 9571 9836
2 1 5 1045 1771 2691 2816 3688
2 1 5 1138 5619 9467 10065 10241
2 1 3 1187 8049 9133
2 2
3 1 3 1320 2473 5521
3 1 5 2215 3477 3953 4345 5650
2 1 7 2066 3009 6397 8928 9640 9689 10059
2 3
3 1 2 2109 6724
3 1 2 2140 8776
3 1 2 6444 8045
2 1 2 2136 3881
2 1 3 2582 3277 4556
2 1 3 2696 5131 5781
2 1 5 3114 3630 4899 5294 5610
2 1 2 3363 5256
2 2
3 1 3 3532 8101 8184
3 1 3 5857 5956 6540
2 1 6 3679 4739 5133 5976 6164 7125
2 1 3 3714 4545 7615
2 1 7 3760 4135 4166 4453 4876 5220 6209
2 1 4 3808 5048 5470 5719
2 2
3 1 2 4421 8001
3 1 2 8130 8629
2 2
3 1 6 4485 5348 7179 8132 9114 9331
3 1 2 8651 9628
2 1 2 4543 5417
2 1 5 4672 5710 6258 6770 7458
2 1 2 4768 10240
2 1 2 8613 9048
2 1 3 9168 10195 10209
2 1 2 9854 10277
1 1 2 46 8700
1 20
2 1 8 63 371 2867 3023 3822 6667 6668 9737
2 3
3 1 3 143 2085 2293
3 1 2 2163 5063
3 1 2 9149 9909
2 3
3 1 4 416 5146 6348 9661
3 1 2 865 4336
3 1 3 8659 9058 9302
2 2
3 2
4 1 2 504 9711
4 1 2 4005 5960
3 1 2 4350 5793
2 1 3 602 6698 7656
2 1 7 680 851 1090 1425 2192 3823 5408
2 4
3 1 3 884 948 6094
3 1 6 2423 5947 6759 8605 9447 9830
3 1 7 4502 4526 6334 7515 8888 10039 10166
3 1 2 4852 5026
2 2
3 1 3 899 1435 3802
3 1 2 2801 7708
2 1 3 924 2723 5331
2 2
3 1 3 1126 1145 6794
3 1 3 2459 4318 9744
2 1 4 1744 3235 5607 5738
2 2
3 1 5 1901 3402 6848 7887 8071
3 1 2 8334 8435
2 1 4 2676 3894 4749 9876
2 2
3 1 2 3170 6052
3 1 2 3193 5013
2 1 3 3682 4353 7658
2 2
3 1 3 3726 6626 9528
3 1 2 9342 9635
2 1 2 4652 6482
2 1 2 4910 9877
2 1 2 5021 5751
2 1 3 7086 8003 9580
1 19
2 5
3 2
4 1 3 68 942 8137
4 1 3 195 268 2628
3 1 2 410 5251
3 1 2 864 3238
3 1 2 7042 7885
3 1 2 7246 9812
2 3
3 1 2 271 6933
3 1 2 1080 3873
3 1 2 2734 4903
2 2
3 2
4 1 3 316 2444 7184
4 1 2 2080 6398
3 1 4 548 2689 4090 7240
2 3
3 1 3 459 1036 8023
3 1 7 2332 3260 4849 6998 7793 8414 8681
3 1 6 3864 7323 7547 7554 7881 10064
2 1 7 537 778 881 1571 3704 6393 10197
2 1 2 641 3748
2 1 3 716 1306 4103
2 2
3 1 4 750 2023 3932 3944
3 1 3 1444 4591 5892
2 1 3 902 7592 8392
2 2
3 1 3 956 1863 2702
3 1 3 1298 1583 2200
2 1 2 1085 4032
2 2
3 1 3 1149 3776 5943
3 1 2 5393 7567
2 1 3 1294 3414 3436
2 3
3 1 2 1719 4472
3 1 2 2591 3196
3 1 2 2825 3779
2 1 5 2984 3290 3403 4873 6400
2 1 2 4040 4063
2 1 4 4710 5682 7823 9456
2 1 2 6166 8712
2 1 2 6830 8530
1 1 3 120 3504 5097
1 1 11 186 2462 2803 4201 5971 6364 6470 7953 9132 9476 9885
1 2
2 1 4 388 506 624 8310
2 1 2 844 937
1 1 2 402 3933
1 6
2 1 5 427 3757 3887 5389 5418
2 1 2 901 6142
2 1 3 925 4481 5981
2 3
3 1 2 1334 5961
3 1 2 3640 6399
3 1 2 4486 8622
2 1 2 2498 7039
2 1 2 3655 9335
1 2
2 1 15 679 973 1250 2330 3135 3929 3940 5058 5135 5807 6048 6422 7312 9307 9966
2 1 2 4779 6441
1 3
2 1 13 874 1165 2019 3809 4811 5059 5126 5758 5787 6085 6197 6341 8582
2 1 2 1277 6923
2 1 2 6145 6380
1 1 2 1051 6368
1 1 2 2379 10279
1 1 3 2385 5081 5867
1 1 3 3900 7655 10200
1 1 2 8511 8779
1 1 2 9579 9597
