0 16
1 66
2 9
3 2
4 1 4 0 4120 6178 7430
4 1 5 522 4722 6349 6964 7899
3 1 3 154 426 7010
3 1 10 563 1246 2414 3292 4197 4351 5403 6243 6752 6918
3 1 3 588 6978 9740
3 1 7 658 914 1762 2637 3603 6642 7890
3 1 7 1357 2665 3171 5567 5571 5841 7186
3 1 3 4147 7126 8140
3 1 4 5552 5628 7706 8079
3 1 3 5977 6442 6800
2 18
3 2
4 1 5 7 2196 3899 6274 8540
4 1 2 3992 4605
3 2
4 1 3 511 3773 8562
4 1 3 872 6336 6629
3 1 3 669 5038 6321
3 1 3 1535 5891 7995
3 1 4 1644 6322 6323 6706
3 2
4 1 3 1865 5421 6403
4 1 9 3546 6072 6076 6088 6328 6329 6506 8008 8096
3 1 2 2203 5993
3 1 2 2352 5437
3 2
4 1 3 4717 6015 7878
4 1 4 4842 5275 6240 6369
3 2
4 1 3 5434 6728 7297
4 1 2 5933 6581
3 1 4 5503 6693 6911 7883
3 1 3 5646 6014 6126
3 1 2 5788 7397
3 1 2 5796 6645
3 1 3 6360 6943 8338
3 1 2 6655 7211
3 2
4 1 2 6711 7391
4 1 2 7134 7191
3 1 2 6907 7971
2 5
3 2
4 1 2 15 6847
4 1 4 5200 5671 6428 6780
3 1 4 254 6577 7107 8288
3 1 3 304 4214 8232
3 1 4 539 3071 4805 8396
3 1 2 3896 7575
2 46
3 3
4 1 6 34 3312 5318 5535 5545 5678
4 1 2 5147 5511
4 1 2 5742 6409
3 1 2 80 8821
3 1 3 92 4504 5712
3 1 2 103 2547
3 6
4 3
5 1 4 131 5944 6119 6367
5 1 3 5451 6134 6512
5 1 3 5840 6791 6955
4 1 5 142 474 2819 5426 5685
4 2
5 2
6 1 3 457 4419 5189
6 1 2 2829 5271
5 1 3 4539 4583 5829
4 2
5 1 3 503 5819 5973
5 1 2 4073 4936
4 3
5 1 4 2619 5515 6878 6931
5 1 5 4134 4863 6061 6793 6860
5 1 3 5852 6276 6630
4 2
5 1 3 5244 5806 6511
5 1 2 7063 8058
3 1 3 185 1791 6379
3 2
4 1 3 190 4858 4997
4 1 3 2306 4763 6468
3 1 2 266 6737
3 2
4 1 4 356 5622 6597 6688
4 1 3 6700 6746 6750
3 3
4 1 3 392 4531 5093
4 1 3 3739 6248 6381
4 1 2 5465 6260
3 4
4 1 4 428 606 5966 6331
4 1 3 4944 5137 6859
4 1 2 5769 6493
4 1 3 5928 6498 6536
3 5
4 1 2 451 3321
4 2
5 1 3 1100 5629 6242
5 1 2 2040 3172
4 1 3 2940 5145 7193
4 1 2 4429 5555
4 1 2 5551 5562
3 2
4 1 2 520 8342
4 1 2 6053 6939
3 7
4 2
5 1 2 579 4881
5 1 2 3328 5923
4 2
5 1 3 609 2180 6281
5 1 2 6066 6726
4 1 2 749 6679
4 1 4 3351 5495 6659 6691
4 2
5 1 4 4412 4788 5707 7425
5 1 3 5651 5794 7077
4 3
5 1 4 5084 5626 5714 6562
5 1 3 5439 5715 6308
5 1 2 6404 6936
4 1 2 5533 6120
3 6
4 1 2 1132 5328
4 1 3 4338 6560 6872
4 1 3 5209 5321 6064
4 1 4 5320 6758 6782 7582
4 1 2 5595 6396
4 1 2 6395 6869
3 3
4 1 4 1214 2475 5767 6025
4 1 4 3220 5003 5637 5687
4 1 3 5109 5283 5400
3 2
4 1 12 1743 2745 4142 4497 4668 5242 5530 5728 6163 6187 6264 6301
4 1 3 4216 5122 5658
3 1 10 1840 3376 4667 5095 5680 5979 6168 6834 6873 7054
3 4
4 1 3 1846 3690 5777
4 2
5 1 2 4449 6656
5 1 2 4927 5391
4 1 3 5359 5633 5709
4 1 2 5565 5612
3 1 11 1928 4102 4164 4688 5106 5154 5351 5620 5704 6239 6471
3 1 3 1938 5717 6671
3 4
4 1 2 2057 6623
4 1 3 3139 3265 5879
4 1 2 3386 6458
4 1 2 3939 6219
3 3
4 1 6 2116 5061 5247 5298 6073 6433
4 1 2 5069 5183
4 1 3 5668 5911 6279
3 2
4 1 4 2184 3660 5735 6889
4 1 2 6469 6621
3 2
4 1 2 3025 5117
4 1 2 4798 4988
3 1 3 3244 5786 5842
3 2
4 1 8 3290 3460 4963 5188 6257 6421 6423 6465
4 1 2 4476 4662
3 1 2 3500 3740
3 3
4 1 4 3671 5277 5660 5924
4 2
5 1 2 4188 6011
5 1 3 5363 5813 5988
4 1 4 6010 6037 6288 6366
3 1 2 4030 5553
3 3
4 1 5 4054 4071 5315 6113 6375
4 2
5 1 2 4664 6090
5 1 2 5257 6030
4 1 2 6810 8289
3 4
4 2
5 1 2 4230 5773
5 1 2 5284 5805
4 1 2 5489 6000
4 1 3 5585 6327 6372
4 1 3 6062 6111 6725
3 1 3 4401 5208 5504
3 1 3 4537 4778 5732
3 1 7 4865 5178 5308 5937 5958 6139 6249
3 1 2 4968 5644
3 1 2 4985 7661
3 1 2 5018 6294
3 1 3 5164 5858 6646
3 1 5 5182 5800 5856 6056 6206
3 1 3 5373 6152 6827
3 1 3 5381 6213 6371
3 3
4 1 2 5423 5569
4 1 2 5631 6245
4 1 2 6208 6236
3 1 3 5474 5825 6161
3 1 2 5969 6116
3 1 2 6016 6203
2 32
3 8
4 1 3 39 4023 5606
4 1 3 651 3796 8086
4 1 2 754 5546
4 1 2 879 4295
4 1 4 3060 4017 5226 6430
4 1 2 5749 6158
4 1 2 5817 6225
4 1 2 6713 7467
3 3
4 1 2 107 6002
4 1 2 597 2512
4 1 6 2865 5429 5804 6437 6763 7083
3 2
4 1 2 166 5193
4 1 4 575 2177 5601 7146
3 4
4 1 3 238 2720 2946
4 1 2 294 6643
4 3
5 1 2 967 5792
5 1 2 3840 5089
5 1 2 6576 8537
4 1 4 3966 5286 5932 6218
3 8
4 1 2 274 4422
4 1 2 923 5332
4 1 3 2918 4784 5020
4 1 3 3295 4273 7913
4 1 2 4342 6790
4 1 3 4513 5101 5198
4 1 3 4535 5305 6744
4 1 4 4747 4991 5246 5741
3 13
4 2
5 1 2 305 5617
5 1 2 6601 7367
4 1 3 393 6956 7071
4 2
5 1 2 398 5736
5 1 3 3022 5959 6337
4 2
5 1 4 784 1695 4215 6114
5 1 2 5253 6648
4 1 2 1285 4564
4 1 4 2464 6183 6708 6926
4 2
5 1 4 3642 5034 6038 7993
5 1 2 5652 7721
4 1 3 3851 6566 6897
4 1 3 4124 6586 6606
4 1 3 5459 7169 7387
4 1 2 5466 6233
4 1 3 5560 6317 7102
4 2
5 1 2 5838 6388
5 1 2 6603 6888
3 5
4 2
5 1 3 321 3174 6427
5 1 3 6454 6835 6917
4 2
5 1 2 1218 5870
5 1 3 4621 4962 5526
4 1 3 2624 5910 6068
4 1 5 4154 5771 7162 7331 7450
4 2
5 1 3 4251 6259 6545
5 1 3 4260 5926 7476
3 5
4 1 3 329 675 8155
4 1 2 2143 6251
4 1 4 2621 5064 5604 6961
4 1 3 5150 6622 7031
4 1 2 5730 6268
3 2
4 1 2 357 640
4 1 8 2565 3146 4388 5859 6378 6618 6836 6913
3 4
4 1 2 477 5156
4 1 4 630 3924 7549 7573
4 1 6 5592 6600 6885 6987 7268 7562
4 1 2 6558 6590
3 2
4 1 4 540 2350 4614 6311
4 1 2 6864 9183
3 1 3 564 4645 6446
3 5
4 1 2 583 5906
4 1 4 816 5711 6723 7760
4 1 3 2402 6362 6704
4 1 4 5556 5967 6195 6370
4 1 2 6175 7456
3 1 3 592 5105 5991
3 2
4 1 8 635 3592 3900 4887 4930 5142 6922 7280
4 1 2 3869 4721
3 8
4 1 6 649 5074 6529 6546 7035 7070
4 1 2 1955 7500
4 1 4 1998 3703 5936 6555
4 1 3 2157 4742 6985
4 1 3 2331 7636 7859
4 1 3 4198 5002 6850
4 1 3 5195 5915 7362
4 1 2 5431 7401
3 4
4 1 4 724 3424 5514 6766
4 2
5 1 2 3086 5301
5 1 2 5706 5887
4 1 3 4153 4474 5360
4 1 3 5282 5688 6795
3 2
4 1 2 726 7165
4 1 7 903 3322 5008 5927 6217 6738 6940
3 3
4 1 2 1690 4167
4 1 8 2823 3650 3758 3805 4627 4731 6521 7527
4 1 2 4660 5163
3 4
4 1 5 2615 5405 5599 6325 7416
4 1 3 2761 4715 6473
4 1 3 3700 5823 6900
4 2
5 1 2 3868 4511
5 1 2 5920 6843
3 4
4 1 2 2746 4471
4 1 7 4479 4891 5014 5368 6262 6459 6721
4 1 2 5602 6641
4 1 3 5623 6307 7359
3 2
4 1 5 3293 4466 6453 6687 6751
4 1 2 5000 7477
3 1 3 3471 5603 6432
3 1 5 3774 6617 7026 7049 7481
3 4
4 1 8 4459 5548 5624 6021 6291 6483 7163 8163
4 1 3 4637 5572 5844
4 1 2 4734 5175
4 1 2 5021 5751
3 1 2 4633 6149
3 2
4 1 3 4723 4814 6043
4 1 3 5214 5296 7308
3 1 3 4902 5614 5854
3 1 2 5329 7142
3 1 3 5501 5864 6269
3 1 2 6003 6377
3 1 2 6896 6953
2 1 23 44 700 920 1144 1156 2642 2837 3051 3437 3549 3772 6082 6157 6305 6544 6932 7133 7160 7161 7368 7531 7897 7921
2 1 2 46 8700
2 3
3 1 30 56 2513 4117 4470 4657 4733 5110 5441 5902 6018 6060 6147 6319 6497 6607 6739 7024 7111 7144 7208 7225 7296 7298 7320 7383 7403 7408 7861 8065 9781
3 1 3 2314 6838 6997
3 1 5 6803 7104 7335 7364 7402
2 5
3 1 74 73 396 567 620 647 867 897 958 1512 1925 2519 2561 2585 3031 3070 3111 3148 3368 3462 3566 3572 3961 4168 4187 4207 4385 4434 4441 4615 4770 4868 4910 5073 5149 5187 5267 5289 5312 5399 5452 5550 5659 5674 5718 5968 6036 6224 6266 6320 6542 6568 6696 6846 6996 7000 7011 7019 7371 7414 7417 7437 7496 7723 7751 7820 7976 7979 8006 8009 8068 8215 8269 8297 8333
3 1 3 3393 5589 6117
3 1 3 5395 6537 7663
3 1 2 7612 8212
3 1 2 7774 7796
2 4
3 1 33 75 132 141 168 572 1196 1457 2680 2931 3112 3151 3188 3252 3344 3361 3401 3829 4329 4442 4882 4928 5181 5201 5216 5750 6007 6383 6387 6405 6551 7043 7209 8694
3 1 2 3850 5900
3 1 2 4185 4239
3 1 3 4491 5645 5940
2 1 2 78 7396
2 3
3 1 53 86 95 175 786 1094 1238 1287 1898 2904 3484 3554 3629 3635 4262 4274 4308 4415 4691 5062 5311 5390 5472 5618 5797 5828 5974 6055 6122 6179 6185 6234 6265 6510 6755 6875 7045 7103 7147 7194 7220 7228 7262 7315 7504 7837 7838 8266 8293 8332 8453 9112 9757 9944
3 1 4 1318 3957 7129 7210
3 1 2 7185 7830
2 4
3 1 12 88 196 791 3131 3971 5310 5577 5593 5739 5754 7065 7284
3 1 2 2218 6523
3 1 2 5491 6732
3 1 2 6653 7293
2 7
3 2
4 1 3 100 7847 8197
4 1 3 6598 6986 7972
3 3
4 1 3 158 2358 6272
4 1 2 670 4543
4 1 4 4021 4161 6680 7390
3 2
4 1 2 650 6829
4 1 2 5088 7056
3 1 3 2916 3382 7140
3 1 3 4525 4540 6966
3 2
4 1 4 6411 7490 7705 7923
4 1 3 6588 7044 7236
3 1 5 6930 7248 7505 7877 8175
2 3
3 1 60 105 136 259 263 296 494 671 721 836 1008 2301 2365 2395 2517 2529 3183 3421 3483 3768 3790 3860 4392 4464 4533 4833 5372 5430 5444 5480 5502 5520 5532 5913 6123 6232 6503 6661 6675 6730 6865 6925 7258 7480 7580 7670 7672 7685 7692 7756 7758 7763 7781 7785 7831 7864 7869 7870 7927 7934 8383
3 1 2 4611 5955
3 1 2 5661 7255
2 1 2 120 5097
2 4
3 1 51 134 156 269 354 2763 3374 3395 3435 3846 4258 4948 5001 5302 5582 5600 5720 5765 6059 6078 6222 6303 6585 6722 6992 7088 7317 7521 7577 7598 7770 7827 7881 7936 8020 8034 8039 8077 8124 8129 8136 8144 8156 8179 8248 8255 8257 8304 8365 8541 8574 8766
3 1 2 744 6354
3 1 2 3175 5554
3 1 2 7177 7277
2 16
3 3
4 1 3 135 6777 6855
4 1 3 4131 5994 6938
4 1 5 6174 6244 6500 6890 6984
3 3
4 1 3 170 5997 7110
4 1 2 4104 5697
4 1 2 5907 7182
3 1 2 211 6541
3 2
4 1 2 319 6155
4 1 3 5798 5820 6374
3 2
4 1 2 730 6677
4 1 3 5307 5574 7017
3 1 2 1344 2088
3 2
4 1 2 1841 7550
4 1 2 4967 5412
3 2
4 1 2 2670 6416
4 1 2 4518 6904
3 2
4 1 2 3187 5218
4 1 2 5904 6895
3 2
4 1 3 3222 5086 7094
4 1 2 4593 5802
3 3
4 1 2 3670 5948
4 1 2 4797 6330
4 1 3 7325 7375 7464
3 2
4 1 2 4746 7025
4 1 2 5155 6871
3 2
4 1 2 5378 6071
4 1 2 5733 7960
3 1 3 5908 6210 6796
3 1 2 6539 6570
3 1 2 6884 7319
2 35
3 9
4 1 3 140 7394 8233
4 1 3 3249 7353 8187
4 1 3 3505 5873 8415
4 3
5 1 2 5341 7365
5 1 2 5893 7719
5 1 2 6124 8380
4 1 3 5912 8067 8422
4 1 3 5961 6200 7488
4 1 3 6080 7784 7940
4 1 3 6828 7195 7738
4 1 3 7551 7683 7814
3 4
4 1 2 207 5862
4 1 3 3931 4785 8200
4 1 3 5050 5635 8164
4 1 2 5996 7538
3 2
4 1 3 224 417 7099
4 1 2 2123 5703
3 2
4 1 2 370 5479
4 1 4 2664 6401 7379 7835
3 1 3 461 6785 7149
3 1 5 495 1911 6297 6394 7108
3 3
4 1 4 542 5342 7215 7529
4 1 3 553 5035 6762
4 1 5 1041 6316 6841 7145 7855
3 4
4 2
5 1 2 569 7175
5 1 2 3001 8092
4 1 3 3517 6156 6883
4 1 2 4050 6881
4 2
5 1 2 7028 7610
5 1 2 7232 7432
3 5
4 2
5 1 2 605 7272
5 1 2 7098 7919
4 3
5 1 2 662 2158
5 1 2 859 6504
5 1 2 1596 6180
4 2
5 1 2 3736 5107
5 1 3 5499 7421 7947
4 1 4 5401 6515 6977 7828
4 1 3 5573 7172 8395
3 1 2 676 8182
3 5
4 1 4 686 5115 5845 6467
4 2
5 1 3 4663 7623 7821
5 1 2 6972 7889
4 2
5 1 2 5192 6099
5 1 3 6332 6640 7866
4 1 6 5672 6952 7345 7382 7522 7630
4 1 3 6582 7539 7765
3 2
4 1 3 714 3276 8117
4 1 2 7073 7541
3 1 4 799 6150 7374 7471
3 2
4 1 7 845 3952 4685 5258 5460 6109 7989
4 1 2 847 6670
3 4
4 2
5 1 3 878 5166 8459
5 1 3 921 4218 5152
4 1 3 2004 6647 7585
4 2
5 1 2 4725 7318
5 1 2 6513 6753
4 2
5 1 2 5581 6778
5 1 3 6304 7389 7744
3 1 5 1614 6198 7008 7351 7569
3 3
4 1 5 1805 3531 4333 5141 7945
4 1 4 3042 3178 5529 6804
4 1 2 5404 5643
3 1 3 1935 5865 6832
3 2
4 1 3 2187 7994 8477
4 1 2 3116 7893
3 3
4 2
5 1 3 2630 3366 7607
5 1 2 6906 7816
4 1 3 5951 8204 8251
4 1 3 7966 8191 8340
3 2
4 1 2 2685 7931
4 1 3 4629 6914 7810
3 5
4 1 2 2795 8557
4 1 2 4592 8482
4 1 2 5785 7761
4 1 2 7643 7920
4 1 2 7778 8642
3 1 7 3412 4517 4826 5017 7295 7593 8042
3 3
4 1 2 3433 6130
4 1 2 6095 6382
4 1 3 6824 7123 8100
3 1 2 3434 7438
3 2
4 1 3 3497 6376 7078
4 1 3 5929 7503 7530
3 2
4 1 3 3534 7579 7797
4 1 4 5772 5884 7792 7800
3 2
4 1 2 3627 7841
4 1 4 4431 6550 6678 7238
3 2
4 1 3 3696 7062 7494
4 1 2 4921 5232
3 2
4 1 3 3733 6702 6815
4 1 3 5259 6079 6112
3 1 5 4160 5467 7422 7775 7808
3 2
4 1 2 4869 5726
4 1 2 7441 7944
3 1 3 5541 6772 7260
3 1 3 6153 6692 7018
3 1 3 6767 7344 7856
2 1 20 151 3795 4190 4793 4935 5436 6125 6333 6400 6494 6579 6988 7281 7472 7479 7558 7696 7737 7812 7998
2 4
3 1 34 164 680 2316 3128 3318 4300 4319 4402 4845 4880 4983 5112 5349 5790 6092 6593 6995 7112 7310 7453 7461 7707 7728 7773 7852 7865 7910 7942 7961 7962 8801 9367 9737 9882
3 1 3 5270 6929 6948
3 1 2 6295 6957
3 1 2 7034 7418
2 4
3 1 64 179 188 580 1069 1269 1301 2551 2828 3496 3579 3623 3818 4378 4780 5262 5374 5524 5752 5763 5791 5795 5826 5831 5846 5847 5965 5985 6020 6031 6040 6137 6140 6165 6191 6212 6226 6275 6277 6285 6293 6306 6338 6364 6384 6392 6407 6419 6420 6508 6559 6624 6652 6669 6694 6788 6813 6825 6845 6854 6898 6908 6909 6912 7046
3 1 2 852 5812
3 1 2 6067 6488
3 1 2 6173 6283
2 4
3 1 64 226 337 607 626 1087 1225 2176 3875 3946 4201 4372 4438 4570 4765 4792 5039 5377 5446 5464 5583 5669 5761 5843 6009 6017 6023 6042 6049 6063 6615 6701 6775 6856 6920 7030 7067 7069 7127 7334 7520 7554 7614 7648 7676 7724 7733 7742 7822 7825 7959 8166 8167 8168 8188 8201 8271 8307 8393 8409 9274 9596 9604 9861 9972
3 1 3 492 7599 7815
3 1 4 1538 7254 7604 7802
3 1 2 6811 6844
2 4
3 1 56 253 311 688 939 1034 1168 1993 2221 3165 3336 3455 3573 3691 3731 3847 3936 3970 4211 4272 4553 4625 4655 4728 4799 4837 4838 4839 4965 5045 5144 5233 5306 5386 5407 5438 5484 5539 5561 5590 5744 5756 5868 5934 6022 6196 6284 6286 6516 6518 6765 7817 8011 8145 8189 8243 8567
3 1 3 3034 4878 7235
3 1 3 3793 4893 5779
3 1 2 4703 6361
2 6
3 1 2 257 6735
3 1 3 1263 6214 7138
3 1 2 5383 6118
3 1 3 5670 6690 8548
3 1 2 6450 6857
3 1 2 7152 7511
2 5
3 1 3 298 4237 4379
3 2
4 1 3 562 6950 7358
4 1 2 7653 8222
3 1 68 692 781 800 1004 1338 1479 1634 1675 1732 2469 2479 2488 2577 3207 3551 3759 4036 4165 4708 4761 4952 5032 5516 5578 5995 6246 6326 6740 6826 7012 7036 7089 7106 7157 7243 7257 7267 7446 7535 7602 7605 7671 7674 7697 7801 7932 8027 8038 8060 8097 8099 8216 8237 8265 8296 8326 8369 8419 8545 8848 8851 8865 8869 8874 9012 9167 9409 9918
3 1 2 7041 7343
3 1 2 7745 7799
2 3
3 1 50 331 433 1642 2092 2212 2307 2401 4024 4382 5361 5488 5755 5888 6136 6481 6578 6958 6967 6975 6993 6999 7084 7113 7174 7203 7244 7245 7336 7373 7381 7474 7533 7557 7687 7698 7807 7846 8107 8122 8127 8181 8246 8286 8300 8335 8466 8468 8513 9040 9212
3 1 3 719 1429 4954
3 1 2 6819 6946
2 1 5 351 2026 6280 6596 7264
2 9
3 1 3 391 6342 7888
3 1 4 442 4380 6733 6976
3 2
4 1 2 543 4114
4 1 2 4503 5221
3 3
4 1 5 632 4085 6556 7347 7518
4 1 2 3856 6211
4 1 2 4932 6339
3 1 4 758 3110 3810 5500
3 1 2 1359 6989
3 1 5 4389 5366 6426 6877 9738
3 2
4 1 2 6525 7015
4 1 3 6743 7114 7237
3 1 3 7093 7647 7904
2 6
3 1 8 403 1232 1335 2841 4616 4677 7190 7309
3 1 2 3420 5371
3 1 2 3984 7307
3 3
4 1 2 4755 5447
4 1 3 4776 5092 7196
4 1 3 5355 5877 8339
3 1 3 5632 5675 5723
3 1 3 6526 6710 7553
2 4
3 1 23 407 691 3587 4381 4790 5747 6184 6501 6565 6612 6657 6786 6818 7002 7023 7082 7119 7136 7322 7341 7415 7788 7826
3 1 2 3315 5681
3 1 2 3528 7095
3 1 2 6553 7276
2 1 2 454 7892
2 6
3 1 65 527 1128 1954 3234 3269 3571 3613 3982 4006 4528 4619 4651 5099 5352 5692 5878 6069 6192 6300 6449 6631 6676 6689 7032 7080 7101 7115 7116 7224 7226 7230 7249 7502 7588 7637 7641 7669 7767 7803 7811 7839 7871 8037 8040 8109 8114 8128 8131 8141 8159 8183 8285 8313 8341 8374 8388 8406 8447 8454 8737 8820 8868 8870 8900 9410
3 1 2 1561 7348
3 1 3 5686 6353 7350
3 1 2 6182 7239
3 1 2 6313 7199
3 1 2 6674 7704
2 5
3 1 3 625 4026 5522
3 1 22 1173 1812 2285 2368 2548 2971 4501 4727 4847 5124 5191 6386 6517 6528 6662 6899 7457 7977 8016 8018 8151 9044
3 1 3 6131 6905 7867
3 1 2 6335 9416
3 1 3 7171 7499 7654
2 2
3 1 15 643 1687 3991 6027 6058 6199 6235 6448 7413 7740 7783 7900 7935 8601 8664
3 1 2 1102 6971
2 4
3 1 2 698 5365
3 1 3 1858 5640 6924
3 1 6 2735 2822 5225 7048 7183 7678
3 2
4 1 3 4743 6227 7645
4 1 2 4783 7675
2 7
3 1 4 805 809 3004 7321
3 2
4 1 4 2405 5468 7201 8050
4 1 3 5483 6238 7241
3 1 2 4377 4686
3 2
4 1 2 4738 5983
4 1 2 6425 7617
3 2
4 1 3 4769 5608 6167
4 1 3 5941 6460 6951
3 2
4 1 3 5588 6784 8350
4 1 2 6318 7722
3 1 2 5818 5954
2 1 14 874 2019 3090 4811 5059 5758 5787 6085 6171 6197 6341 6363 7055 8582
2 5
3 1 2 1026 5375
3 1 4 3486 5851 6635 6654
3 1 4 4118 6093 6486 7833
3 1 2 4482 6717
3 1 2 7628 7711
2 4
3 1 11 1083 2591 3626 4508 4681 4933 5376 5415 5634 5657 5872
3 1 2 4151 6627
3 1 2 5309 5882
3 1 2 5454 5609
2 1 17 1296 1618 1759 4791 5356 5518 5782 5827 6255 6479 6610 6779 6861 7009 7266 7732 7882
2 1 3 1513 2683 6166
2 4
3 1 22 1721 4082 4205 4404 4820 6619 6658 6673 6727 6921 7512 7776 7809 7829 7844 7868 7876 7879 7946 8254 8259 8260
3 1 2 3672 7794
3 1 2 5224 7192
3 1 2 5768 6315
2 5
3 1 3 1785 2886 7824
3 1 2 2202 2508
3 1 3 4972 6814 7473
3 1 2 6250 6254
3 1 3 6549 7673 8361
2 1 2 2131 7176
2 5
3 1 3 3066 5177 7287
3 1 15 3085 3852 4144 4443 4922 5094 6649 6660 7052 7181 7261 7329 7451 7463 7686
3 1 3 3601 3633 6789
3 1 4 5821 7285 7369 7384
3 1 2 6797 7118
2 1 4 3271 6188 7100 7316
2 1 2 3300 5679
2 1 2 3348 5731
2 2
3 2
4 1 3 4004 7436 7709
4 1 2 5982 7749
3 1 16 5382 5770 5815 6638 6937 6944 7061 7087 7445 7447 7449 7452 7590 7609 7693 7782
2 4
3 2
4 1 3 4047 6101 6127
4 1 3 4714 6100 8397
3 1 4 4331 4998 6749 7047
3 1 2 5808 6220
3 1 4 7167 7440 7747 7901
2 1 3 4365 4898 6373
2 1 3 4515 7300 8322
2 1 2 4576 6840
2 1 4 4687 5729 5895 5952
2 2
3 1 2 4828 6143
3 1 2 6457 6805
2 1 2 5118 6705
2 1 3 5174 7327 8278
2 1 4 5544 5987 6665 7423
2 1 2 5964 8643
2 1 6 6215 6697 6851 7064 7079 7834
2 1 2 6561 9164
2 1 2 6719 7132
2 1 2 7081 8281
2 1 3 7306 8267 8352
2 1 2 7339 7360
1 57
2 21
3 1 44 1 249 270 320 1117 1161 1227 1331 1446 1601 1738 1784 2021 2208 2311 2376 2399 2465 2514 2541 2543 2693 2794 2802 2840 2891 2964 3016 3041 3224 3354 3370 3387 3431 3555 3647 3744 3830 3837 3930 4008 4043 4067 4575
3 2
4 1 2 28 2273
4 1 2 1478 3043
3 1 5 61 3242 3359 3367 3508
3 1 2 109 3304
3 1 42 335 367 406 498 720 849 934 1118 1158 1469 1534 1572 1602 1988 2104 2240 2392 2435 2438 2489 2509 2562 2673 2767 2810 2844 2845 2880 3015 3115 3169 3287 3611 3886 3919 3986 4371 4538 4632 5129 7388 8747
3 1 2 739 3580
3 1 5 898 1284 1640 1697 4078
3 1 2 959 1884
3 2
4 1 3 1104 2502 3098
4 1 2 2628 3014
3 1 5 1170 1897 2482 2649 2716
3 1 2 1295 3903
3 1 3 1870 2882 2941
3 1 2 2072 4126
3 1 2 2112 2406
3 2
4 1 2 2128 4170
4 1 2 3654 3663
3 1 2 2226 3078
3 1 3 2544 2733 2875
3 1 3 2922 3303 3775
3 1 2 3063 3415
3 1 3 3137 3556 3574
3 1 2 3547 3570
2 19
3 20
4 3
5 1 2 2 3614
5 1 2 2340 4003
5 1 3 3011 3668 4069
4 3
5 1 3 42 2451 4666
5 1 3 1493 3281 4108
5 1 2 3738 3816
4 2
5 1 3 65 3975 4146
5 1 4 4255 4530 4976 5186
4 1 9 308 488 2951 4100 4403 4571 4636 4684 5071
4 1 6 529 1113 1122 1730 3152 4606
4 2
5 1 4 530 4019 4628 4760
5 2
6 1 2 1895 4907
6 1 2 3564 3871
4 1 2 585 2937
4 3
5 1 2 877 4512
5 1 2 1299 4169
5 1 2 2378 5759
4 1 3 927 2789 3443
4 1 5 1554 3444 4055 4773 4971
4 2
5 1 2 1657 3800
5 1 3 2671 4212 4455
4 2
5 1 4 2049 2766 2817 4328
5 1 2 4825 4924
4 1 4 2553 2726 3680 4340
4 1 8 2709 2970 3687 4490 4580 4750 4800 8336
4 2
5 1 2 2996 4602
5 1 2 5065 5134
4 3
5 1 2 3168 4850
5 1 3 4310 4789 4859
5 1 2 4348 4848
4 2
5 1 3 3324 3417 3958
5 1 4 3599 3907 4440 4557
4 1 2 3858 5068
4 1 2 4320 4589
4 1 2 4324 4702
3 12
4 2
5 1 3 6 3832 4993
5 1 4 462 4033 4827 5090
4 2
5 1 3 45 3616 5850
5 1 3 3121 3998 4873
4 1 4 67 519 1064 4199
4 1 5 310 1002 2906 5108 5319
4 1 4 314 3651 3849 4294
4 2
5 1 2 372 4549
5 1 3 2799 3465 5897
4 1 5 475 499 674 778 1571
4 1 6 594 3094 3212 4548 4890 5044
4 3
5 1 2 1216 2775
5 1 2 3140 4299
5 1 2 4555 5538
4 2
5 1 3 1417 2697 3959
5 1 2 3716 5849
4 2
5 1 4 2343 2494 3209 4341
5 1 2 2605 3390
4 1 2 3301 3474
3 2
4 1 2 20 4037
4 1 9 484 911 1891 2305 2785 3103 4049 4795 4986
3 24
4 1 3 32 83 1193
4 1 7 127 425 2525 2682 3806 5278 7385
4 1 3 153 4505 4634
4 1 4 240 4303 4489 4992
4 4
5 2
6 1 3 245 3102 3337
6 1 2 2453 2868
5 1 2 559 4568
5 1 4 3048 3769 4150 4315
5 1 4 3659 4226 5456 7491
4 2
5 1 2 341 4316
5 1 3 3396 3681 5334
4 1 3 361 2758 4701
4 1 2 389 3974
4 1 4 682 2426 2600 4210
4 2
5 1 3 828 3893 4256
5 1 3 4081 4414 4439
4 1 4 997 2195 3926 4277
4 4
5 1 4 1234 2411 3885 4002
5 1 3 2773 3622 4720
5 1 3 3452 3600 4509
5 1 3 3820 4180 4364
4 1 3 1394 3762 4559
4 1 5 1983 2160 3673 3701 4356
4 2
5 1 2 1999 2982
5 1 2 2304 4653
4 2
5 1 2 2270 3061
5 1 3 2760 3607 4232
4 1 4 2484 3282 3878 4697
4 1 5 3258 3730 4089 4425 4812
4 1 2 3562 3699
4 1 3 3720 4079 5566
4 2
5 1 2 3777 4690
5 1 4 4649 4824 4860 5202
4 1 2 3909 4325
4 1 2 4473 4813
4 1 2 4699 4736
3 19
4 2
5 2
6 1 3 33 4110 4264
6 1 2 4445 4450
5 1 2 225 4106
4 2
5 1 2 113 4042
5 1 2 3189 4756
4 2
5 1 5 117 4250 4639 5029 5102
5 1 3 760 2932 4659
4 2
5 1 3 383 2677 4596
5 1 5 4227 4267 4492 4598 4674
4 1 5 534 642 3280 3765 4926
4 2
5 1 5 886 1208 2695 3459 4068
5 1 2 4235 4343
4 2
5 1 3 1951 4541 5295
5 1 2 5335 5392
4 2
5 1 4 2048 2222 3888 4448
5 1 3 4302 4495 4806
4 1 2 2100 3067
4 1 3 2165 4245 4460
4 3
5 1 2 2736 4862
5 1 2 4094 4444
5 1 2 4465 5028
4 1 2 2897 3956
4 1 5 2927 3024 4080 4289 4955
4 1 7 3523 3628 3657 4424 4463 4705 5072
4 1 6 4013 4234 4433 4767 4931 4937
4 1 3 4238 4892 5025
4 2
5 1 2 4297 4874
5 1 2 4689 5104
4 1 2 4407 4520
4 1 2 4832 5158
3 16
4 3
5 1 3 36 2879 4072
5 1 2 2528 2976
5 1 3 2902 3423 3872
4 2
5 1 3 57 2412 3029
5 1 2 3369 3476
4 4
5 1 2 70 4395
5 1 5 532 3429 3610 3631 3692
5 1 2 910 4095
5 1 3 1620 2762 3512
4 4
5 1 2 203 2757
5 1 3 963 3385 3675
5 1 2 1046 1786
5 1 4 1164 1529 3026 3867
4 2
5 1 5 300 2511 2792 3154 4284
5 1 2 3118 3707
4 3
5 1 3 317 3712 4077
5 1 4 1205 2149 3625 3695
5 2
6 1 3 2189 3568 4477
6 1 2 4696 5190
4 5
5 2
6 1 5 375 3559 3585 4113 4152
6 1 5 1254 1465 2043 4196 4290
5 3
6 1 2 514 4247
6 1 2 3267 4186
6 1 2 3745 4183
5 1 3 525 4091 4542
5 3
6 1 2 3403 3962
6 1 2 3831 3925
6 1 2 4175 4311
5 1 2 4034 4158
4 5
5 1 3 476 2579 5871
5 1 2 2613 3904
5 1 4 2786 3283 3298 3960
5 1 4 3481 4025 4224 4326
5 2
6 1 2 3724 4007
6 1 3 4087 4121 4173
4 2
5 1 3 653 2443 2704
5 1 2 3413 3466
4 2
5 2
6 1 2 827 3329
6 1 4 968 3239 3365 3842
5 2
6 1 3 2836 3416 3567
6 1 2 3550 4386
4 3
5 1 2 953 3097
5 1 4 1536 2442 3190 3658
5 1 3 2478 3036 3339
4 1 3 995 4221 4552
4 1 4 1037 2339 2721 3407
4 1 3 1289 3400 4339
4 2
5 2
6 1 3 1412 2749 3648
6 1 2 2056 3273
5 2
6 1 2 2954 3422
6 1 2 3225 3427
4 2
5 2
6 1 2 2505 4370
6 1 2 2988 3479
5 1 4 2596 2966 3817 3892
3 5
4 2
5 1 2 64 4498
5 1 2 2002 4588
4 2
5 1 2 1377 2777
5 1 2 1509 4093
4 1 5 2294 4248 4427 4678 5168
4 1 3 3095 5409 5461
4 1 3 3130 5067 5169
3 5
4 1 3 85 517 2015
4 1 3 1583 4182 4698
4 2
5 1 2 1926 2953
5 1 2 2413 3091
4 1 2 2729 4141
4 1 3 3674 4347 4426
3 14
4 3
5 1 3 106 901 3812
5 1 3 949 2831 5120
5 1 2 3640 4486
4 1 3 340 2909 5079
4 3
5 1 4 378 4143 5249 5263
5 1 2 2460 4994
5 1 3 3569 6916 7526
4 1 3 405 1061 5252
4 2
5 1 2 1189 5369
5 1 2 4156 5458
4 1 7 2398 2515 2947 3161 5151 5477 5559
4 1 3 2830 4204 4435
4 1 5 3082 3182 3461 5243 5362
4 1 3 3519 4359 5024
4 1 4 3784 4706 5370 5563
4 2
5 1 2 3977 4956
5 1 2 4270 5414
4 1 3 4313 4522 4990
4 1 5 4437 4987 5231 5339 5542
4 1 2 4925 5420
3 2
4 1 7 144 2900 3857 4011 4028 4035 4159
4 1 4 2034 4122 4129 4456
3 9
4 1 2 276 5422
4 1 4 479 4246 4265 4306
4 2
5 1 3 485 5396 5746
5 1 3 2396 4070 4309
4 1 3 636 5047 5493
4 3
5 1 3 881 5337 5699
5 1 4 1245 3432 5291 5323
5 1 2 4904 7616
4 2
5 1 2 1413 3605
5 1 2 3981 5684
4 1 3 3198 4447 5260
4 1 2 3428 6138
4 1 3 3996 5293 5656
3 20
4 2
5 1 5 309 3055 4870 5125 5281
5 1 4 577 4683 4919 5345
4 1 5 344 3536 3667 5547 5576
4 4
5 1 4 422 1361 4139 4646
5 2
6 1 3 1195 3204 7635
6 1 2 3804 4430
5 1 3 2635 3228 4946
5 1 3 3268 3430 3948
4 1 3 432 3636 3999
4 1 3 535 3159 3612
4 3
5 2
6 1 2 568 3782
6 1 4 1109 1171 2146 2739
5 1 3 811 2393 3126
5 1 3 1343 3203 3728
4 3
5 1 4 663 2847 3490 5230
5 1 2 3167 3456
5 1 3 4560 4836 5207
4 1 2 994 2497
4 2
5 1 3 1081 4757 5276
5 1 3 3525 4132 8636
4 3
5 1 2 1346 2344
5 1 2 2598 3028
5 1 2 2620 4360
4 3
5 1 2 2084 4961
5 1 3 2863 3469 4045
5 1 2 3754 4367
4 2
5 1 3 2858 3906 5070
5 1 2 3223 3884
4 2
5 1 4 2905 3589 4600 5121
5 1 2 3243 4261
4 2
5 1 3 2952 4209 4231
5 1 3 3275 4565 5764
4 1 3 3072 3314 3756
4 1 3 3101 4834 4984
4 2
5 1 2 3677 4970
5 1 2 4031 5384
4 1 2 4010 4577
4 1 2 4349 4561
4 1 3 4400 5037 5648
3 1 2 453 4362
3 2
4 1 3 502 3349 5364
4 1 3 3780 3798 4900
3 3
4 1 3 1097 4506 4867
4 1 2 3441 4253
4 1 2 3967 4420
3 3
4 1 7 1510 3597 3865 4532 4607 5019 5055
4 2
5 1 2 3652 4630
5 1 3 4500 4550 5248
4 1 4 3678 4276 4344 4694
3 2
4 1 3 2838 3463 4064
4 1 3 3502 4206 4599
3 1 3 3718 3883 4643
3 2
4 1 4 4060 4454 4766 5387
4 1 3 4831 4866 4888
2 39
3 5
4 2
5 1 3 4 1157 1932
5 1 2 697 1190
4 1 3 112 806 1099
4 1 2 546 1477
4 1 3 869 1700 1720
4 1 5 1188 1255 1767 1994 2009
3 7
4 1 6 11 138 979 1260 1643 1975
4 1 4 209 1281 1437 1631
4 1 4 247 628 1373 1775
4 2
5 1 4 376 1483 1546 1651
5 1 2 1256 1748
4 1 3 516 1297 2467
4 1 2 830 1646
4 2
5 1 2 1270 6894
5 1 2 1311 1317
3 23
4 3
5 1 4 13 710 1416 2521
5 1 2 181 2234
5 1 2 2159 2936
4 1 4 16 221 770 2496
4 2
5 1 4 35 1108 2319 2534
5 1 2 2174 3155
4 2
5 1 2 71 1370
5 1 3 2610 3164 3778
4 6
5 1 3 104 2354 3353
5 2
6 1 2 284 1484
6 1 3 1565 2227 2353
5 2
6 1 3 468 906 2067
6 1 2 493 541
5 3
6 1 2 829 1382
6 1 2 1539 1896
6 1 2 1704 2407
5 3
6 1 3 1273 1969 2329
6 1 2 1976 2312
6 1 2 2193 2584
5 1