0 24
1 49
2 28
3 7
4 2
5 1 5 0 251 8386 8535 8658
5 1 2 8236 8268
4 2
5 1 3 5721 7148 8948
5 1 2 7178 8314
4 1 4 6287 7303 7919 8193
4 1 5 6298 7139 7700 8160 8412
4 1 4 7274 7938 8640 9005
4 1 2 7330 8458
4 1 2 9454 9561
3 3
4 1 4 23 2884 7204 8407
4 1 2 505 9110
4 1 4 6351 8465 8549 8656
3 3
4 1 19 58 229 1139 3411 4648 5031 5153 6309 7198 7896 8436 8501 8610 8853 8867 9081 9201 9504 9973
4 1 2 7655 10200
4 1 3 8438 8709 8751
3 17
4 3
5 1 3 82 9507 9723
5 1 3 2806 8223 8421
5 1 2 8298 9188
4 1 8 445 1091 3993 4383 5272 5665 6292 8226
4 3
5 1 3 555 6505 8861
5 1 3 6820 9100 9137
5 1 3 8070 8684 9884
4 4
5 1 2 1174 9770
5 1 2 7790 10253
5 1 3 9196 10112 10275
5 1 3 10178 10212 10226
4 2
5 1 5 1292 6228 8258 8420 8588
5 1 3 3049 7231 8626
4 1 4 1411 6107 6994 7290
4 3
5 1 3 2781 7791 8732
5 1 3 4222 8680 9503
5 1 3 7282 7427 10186
4 5
5 2
6 1 2 3866 9736
6 1 3 7361 8996 10106
5 1 2 4346 6237
5 1 5 6543 6806 8054 9383 9666
5 1 2 8678 9921
5 1 2 8924 9540
4 2
5 1 2 4578 7753
5 1 2 4822 8317
4 1 3 4958 8927 8968
4 1 6 5428 6041 7498 7931 8973 10135
4 2
5 1 3 5716 6625 10203
5 1 2 10266 10287
4 4
5 1 4 7660 8056 8450 9485
5 1 3 7734 7949 8871
5 1 4 8488 8646 8891 9798
5 1 2 8926 9888
4 1 2 8172 8657
4 2
5 1 3 8389 8795 9452
5 1 4 8645 8895 9039 10255
4 1 3 8490 9563 10123
4 1 2 10019 10168
3 9
4 2
5 1 2 112 5185
5 1 2 1236 8019
4 3
5 1 5 419 2155 4921 7920 8387
5 1 2 7911 9181
5 1 2 8002 8207
4 1 4 2144 5236 6034 7092
4 1 3 5050 8647 8688
4 2
5 1 2 5695 9573
5 1 3 6019 8949 9533
4 1 2 7867 9358
4 2
5 1 2 8239 9472
5 1 2 9306 9733
4 1 2 8346 8696
4 1 2 8736 9994
3 25
4 1 5 140 6108 8016 8185 8233
4 1 2 286 370
4 1 4 836 5262 8209 8809
4 1 3 1046 7667 8349
4 2
5 1 2 1334 8080
5 1 2 7217 8299
4 1 3 1735 6897 8537
4 1 2 3334 4508
4 4
5 1 2 3660 8629
5 1 2 6299 8311
5 1 3 6906 8095 8494
5 1 2 7814 8431
4 2
5 1 5 4140 4573 6176 8475 8731
5 1 2 7466 7940
4 1 3 4189 7121 8366
4 3
5 1 3 4521 5564 7560
5 1 2 4582 7624
5 1 2 5498 7538
4 1 5 4722 5886 6349 8383 8397
4 1 3 4792 7488 8261
4 2
5 1 3 5700 6613 8953
5 1 3 7195 8153 8723
4 2
5 1 4 5785 7761 8482 8642
5 1 2 7719 8082
4 1 3 6124 8072 8380
4 1 3 6594 7328 8199
4 1 2 6945 8637
4 2
5 1 2 7365 9075
5 1 3 8564 8612 8687
4 1 2 7469 8416
4 1 2 7690 8138
4 1 3 7925 8491 8627
4 1 3 7966 8191 8340
4 2
5 1 2 7991 9130
5 1 2 8067 8324
4 1 2 8164 8306
3 2
4 1 6 239 3646 4579 4819 6267 7629
4 1 4 6941 7376 8578 9437
3 3
4 1 5 304 902 2637 3603 8531
4 1 2 4254 7664
4 1 2 8115 8697
3 5
4 1 4 431 7227 8625 8971
4 1 7 604 7103 7291 7584 8120 8121 8495
4 1 2 6959 8964
4 1 3 7694 7736 8169
4 1 2 7717 9305
3 7
4 1 4 464 5916 5931 8295
4 1 3 646 4487 8662
4 1 3 1330 7857 8053
4 2
5 1 3 1544 6685 8343
5 1 2 7357 9312
4 1 2 3489 9336
4 1 2 4298 7682
4 1 3 8510 8676 8796
3 8
4 2
5 1 2 537 6954
5 1 2 7640 8276
4 1 4 610 5343 7701 8442
4 1 8 5883 6256 8083 8354 8425 8444 8527 8686
4 2
5 1 2 6707 9356
5 1 2 7633 9396
4 1 2 7214 8025
4 2
5 1 3 7521 7564 8426
5 1 4 7929 7978 8192 8786
4 1 3 8221 8359 9069
4 1 2 8358 8579
3 1 14 639 1327 1871 3563 5199 5946 6115 6575 7434 7561 7873 7894 9292 9806
3 3
4 1 3 784 1360 8443
4 1 3 3785 8843 9768
4 1 3 6462 7090 7223
3 2
4 1 7 1123 7058 7559 8553 8618 9107 9492
4 1 2 4036 7428
3 1 5 1752 3920 6204 6760 8915
3 1 2 1843 4038
3 1 8 2175 2664 6401 7078 7379 7835 8593 8682
3 8
4 1 7 2492 4127 5885 6481 8119 8177 8392
4 2
5 1 2 4554 6114
5 1 3 8042 8448 9532
4 1 2 4810 7270
4 2
5 1 3 5586 7292 7691
5 1 2 6194 7108
4 1 4 5666 5824 6768 8498
4 1 4 6231 7495 8840 9613
4 1 2 6475 8174
4 1 2 7229 7804
3 1 8 2510 6684 7412 7462 8367 8903 9104 9149
3 3
4 1 3 2537 8534 10115
4 2
5 1 2 3450 6681
5 1 2 6032 6487
4 1 3 4663 5962 8944
3 2
4 1 3 3000 9266 9398
4 2
5 1 3 4432 9348 9426
5 1 2 6802 8150
3 2
4 1 7 3035 3079 7912 8977 9516 9565 10259
4 1 2 4544 7340
3 3
4 1 4 3119 8434 9048 9469
4 1 2 6651 8229
4 1 2 8292 8706
3 1 11 3381 6087 6151 6554 7874 8075 8089 8125 8135 8865 8966
3 2
4 1 2 3973 8017
4 1 2 9153 9959
3 2
4 1 2 4301 7639
4 1 3 8147 8155 8170
3 3
4 1 2 5655 6893
4 1 2 8345 9803
4 1 3 8356 8791 8994
3 1 4 7725 8427 8808 8885
2 33
3 5
4 1 3 5 6551 8669
4 1 5 3458 3715 4244 8497 8584
4 2
5 1 2 3527 5206
5 1 2 8648 8816
4 2
5 1 4 3689 8457 8616 9014
5 1 2 7455 9010
4 1 3 8463 9033 9122
3 9
4 3
5 2
6 1 3 24 3319 7597
6 1 2 1611 7965
5 2
6 1 2 3819 4293
6 1 3 4462 6548 7143
5 1 3 8813 8929 9237
4 2
5 2
6 1 2 224 8395
6 1 2 8234 8302
5 1 4 7014 7233 8263 8603
4 2
5 1 2 315 8432
5 2
6 1 3 4137 6104 7683
6 1 2 7996 8422
4 1 4 394 5722 5836 9360
4 2
5 1 4 552 6229 8981 9067
5 1 5 5143 7033 7380 8720 8759
4 2
5 1 2 2113 8247
5 1 4 4061 7489 8689 8938
4 3
5 1 3 4483 5568 8252
5 2
6 1 3 4883 7681 8399
6 1 2 8157 8284
5 1 2 8555 9620
4 1 2 4523 7172
4 1 2 5753 8415
3 3
4 1 8 41 7130 8812 8887 9011 9074 9248 9491
4 1 3 787 7407 8377
4 1 3 1268 3980 7613
3 1 4 66 3558 5179 8854
3 5
4 2
5 1 2 81 8430
5 1 2 9103 9339
4 1 3 3179 8755 9217
4 1 3 5425 5527 9179
4 1 2 6715 8998
4 1 3 7644 8778 9226
3 14
4 2
5 1 3 87 7443 9872
5 2
6 1 2 8487 9802
6 1 2 9788 9991
4 2
5 1 2 277 5708
5 1 4 374 8041 8485 8961
4 2
5 1 3 373 9236 9323
5 1 2 718 10109
4 4
5 1 2 900 7441
5 1 2 1739 9717
5 1 3 3534 9319 10139
5 1 3 5543 8351 9777
4 2
5 1 2 931 9685
5 1 3 7525 8918 9654
4 2
5 1 2 1489 10003
5 1 3 10082 10093 10298
4 1 2 3062 10033
4 2
5 1 3 3492 5573 9478
5 1 3 4732 6858 9317
4 3
5 1 3 3859 9141 9761
5 1 3 5917 9031 9630
5 1 3 7075 7271 9564
4 1 3 4494 4889 9260
4 3
5 1 3 4894 6573 9657
5 1 2 5238 9045
5 1 3 6355 7907 8134
4 2
5 1 3 4943 8811 8919
5 1 2 9606 9796
4 1 3 7650 8224 10129
4 2
5 1 2 8250 10145
5 1 3 8581 8975 9155
3 13
4 1 5 114 182 603 7713 8219
4 3
5 1 4 122 8411 9245 9451
5 2
6 1 2 449 8309
6 1 2 3507 5784
5 1 4 5358 8770 9259 9372
4 4
5 1 3 404 2824 7514
5 1 3 533 8451 8506
5 1 2 3826 8305
5 1 4 4516 6812 6910 9448
4 3
5 1 2 858 3127
5 1 2 5303 8911
5 1 2 8113 9013
4 1 3 1491 8672 9324
4 1 4 2088 9029 9542 9589
4 2
5 1 4 3384 8353 8986 8991
5 1 2 7680 8937
4 2
5 1 2 3763 7757
5 1 2 7578 8822
4 3
5 1 3 4815 6359 8962
5 1 3 7420 9165 9283
5 1 2 8837 9214
4 1 3 6949 9173 9591
4 2
5 1 2 6973 7137
5 2
6 1 2 7850 8088
6 1 2 9493 9801
4 1 2 7806 9203
4 2
5 1 2 8052 9049
5 1 2 9109 9636
3 9
4 1 2 173 6580
4 1 2 587 7354
4 1 4 621 6748 7986 9247
4 2
5 1 2 2776 9684
5 1 2 7797 8523
4 1 2 5075 9161
4 1 4 5078 8803 8852 9108
4 1 2 7903 9869
4 2
5 1 2 8055 8823
5 1 2 8529 8722
4 1 3 8916 8917 9411
3 1 2 180 9051
3 5
4 1 3 265 8536 8752
4 1 4 614 4719 5007 7778
4 1 2 925 5930
4 1 3 3593 5234 8376
4 2
5 1 2 7563 9284
5 1 2 8064 8690
3 3
4 1 10 318 3685 4066 4707 5390 8364 8727 8798 9096 9182
4 1 3 470 8516 8623
4 1 2 8913 8934
3 5
4 1 5 322 7124 7294 9480 9601
4 2
5 1 2 4517 9497
5 1 2 8363 9466
4 1 3 8472 9311 9444
4 1 5 8826 8847 9066 9477 9575
4 1 2 9160 9436
3 4
4 2
5 1 2 382 8650
5 1 3 5814 8111 8923
4 2
5 1 2 2618 7923
5 1 2 7764 8329
4 2
5 1 2 5638 6534
5 1 2 6602 8225
4 1 2 8240 9230
3 2
4 2
5 1 2 539 8980
5 1 4 812 3764 6852 7426
4 1 2 6000 8790
3 2
4 1 8 563 2414 3292 4351 5436 6243 6752 9431
4 1 2 8818 8876
3 5
4 1 2 608 5469
4 1 5 3741 7596 7726 8026 8860
4 1 6 5388 6474 9028 9056 9600 9940
4 1 2 7020 9382
4 1 3 7021 8845 9369
3 1 4 878 5006 7135 8459
3 1 4 1023 5899 7951 9475
3 9
4 2
5 1 2 1112 9313
5 1 2 5953 6968
4 1 3 1677 4397 5584
4 2
5 1 2 2028 6128
5 1 2 4352 7926
4 2
5 1 3 2578 6644 8028
5 1 4 3766 7141 8378 9221
4 1 2 2780 5567
4 2
5 1 2 5115 6776
5 1 2 8943 9482
4 2
5 1 3 5336 8394 9386
5 1 2 6942 9438
4 1 3 6678 6977 9286
4 2
5 1 3 7828 9417 9423
5 1 3 8935 9202 9338
3 4
4 1 3 1243 7652 8890
4 1 12 2249 4934 5448 6241 6507 7519 7780 7988 8142 8270 9517 9675
4 1 2 2308 10006
4 1 2 3150 6077
3 1 13 2288 5690 5778 5832 6821 7853 7905 8373 8433 8520 8666 8898 9171
3 5
4 2
5 1 2 2524 9459
5 1 3 8508 8560 9329
4 1 2 3540 7982
4 1 2 8029 9007
4 1 2 8051 8907
4 1 4 8963 9357 9495 10265
3 4
4 1 7 2901 6478 7632 8030 8186 8360 8775
4 1 3 4803 7566 8328
4 1 3 5803 7666 8921
4 1 2 6709 9698
3 1 5 3946 4885 5662 7027 8638
3 1 3 4361 4519 8161
3 1 12 4969 6620 7530 8216 8282 9131 9434 9610 9669 9673 9773 9841
3 3
4 1 4 5148 5579 6831 7053
4 1 2 5235 9299
4 1 3 7059 9032 9548
3 2
4 1 3 5424 8218 9433
4 1 2 9602 9656
3 1 2 5810 8242
3 3
4 1 3 6098 7787 8628
4 1 2 6964 8764
4 1 2 8997 9535
3 2
4 1 5 6531 8758 9194 9403 9494
4 1 2 8074 9569
3 1 2 6901 8382
3 1 2 8032 9105
2 110
3 4
4 1 5 9 3044 7968 9712 10126
4 1 2 69 9378
4 1 2 7189 7386
4 1 3 7626 9257 9857
3 2
4 1 2 19 8308
4 1 2 1320 6170
3 1 3 21 10225 10280
3 1 11 26 1052 3825 5043 5460 5768 8611 8620 8978 9687 10002
3 3
4 1 5 38 7583 8904 9251 9547
4 1 2 9473 9660
4 1 2 9982 9985
3 1 4 99 785 1686 3405
3 1 4 121 220 9063 9752
3 2
4 1 8 152 6029 8873 9400 9688 9989 10173 10216
4 1 2 5621 7278
3 2
4 1 4 165 9683 9822 10242
4 1 3 6589 7816 9859
3 3
4 1 2 206 2027
4 1 9 219 8992 9395 9407 9715 9942 10044 10283 10301
4 1 2 9764 10299
3 2
4 1 5 208 8733 9745 9874 9889
4 1 2 9325 9928
3 1 3 214 8568 9964
3 3
4 1 4 303 7886 9714 10249
4 2
5 1 2 616 10122
5 1 4 1970 7933 9932 10143
4 2
5 1 2 822 5663
5 1 2 9938 10211
3 10
4 1 3 313 10132 10296
4 1 3 2055 10049 10097
4 2
5 1 3 3833 9890 9971
5 1 2 9860 9878
4 1 3 7534 10053 10058
4 1 4 8563 9219 9612 9856
4 2
5 1 3 8600 9835 10015
5 1 2 9935 9943
4 2
5 1 3 9207 9828 10095
5 1 2 9225 9541
4 1 3 9334 10040 10257
4 2
5 1 2 9776 9919
5 1 2 10118 10202
4 1 3 9797 10070 10206
3 3
4 2
5 1 2 328 10290
5 1 2 4252 10285
4 1 3 2030 6792 9697
4 1 3 7197 9288 10102
3 11
4 1 2 339 10013
4 1 4 4534 9577 9658 9871
4 1 2 4758 9883
4 3
5 1 3 4843 6162 9724
5 1 3 7684 9539 9968
5 1 2 9780 9963
4 2
5 1 3 5255 8500 8817
5 1 3 8087 9692 10052
4 1 5 5397 9210 9616 9708 9709
4 1 4 6892 8729 9244 9947
4 1 2 9090 9851
4 1 2 9123 9763
4 1 3 9197 9638 9750
4 1 2 10035 10303
3 2
4 1 3 413 10057 10256
4 1 2 10036 10219
3 4
4 1 3 471 7832 8503
4 2
5 1 3 1472 9269 9823
5 1 2 5171 9880
4 2
5 1 4 8403 8437 9498 9505
5 1 2 9607 9951
4 1 2 9879 10161
3 4
4 1 2 557 9891
4 1 17 1060 2126 4307 5196 5963 6574 6781 7097 8062 8418 8708 9301 9713 9864 9988 10199 10264
4 1 3 3753 6391 10017
4 1 2 5691 10140
3 4
4 1 3 565 9052 10272
4 1 6 8106 9429 10025 10048 10050 10142
4 1 3 8769 10227 10237
4 1 2 10117 10274
3 2
4 1 3 619 9079 9954
4 1 2 2103 9126
3 1 6 742 4428 8952 9295 9420 10016
3 4
4 1 3 837 6965 9821
4 1 3 8945 9124 10110
4 1 3 9735 10069 10127
4 1 2 10045 10160
3 3
4 1 4 850 9421 9624 9720
4 1 2 2590 7601
4 1 6 8940 9762 9775 9825 9956 10066
3 1 14 889 8291 9053 9129 9298 9511 9594 9725 9726 9774 9962 9996 10000 10007
3 7
4 1 3 891 10204 10223
4 2
5 1 2 1071 9849
5 1 3 8280 9152 9855
4 1 2 1184 8078
4 2
5 1 2 7120 7720
5 1 3 9853 10281 10297
4 1 3 9570 9645 10133
4 1 3 9678 9847 9901
4 1 3 10111 10292 10310
3 1 3 1073 8701 8804
3 1 16 1103 7076 7958 8112 8264 8693 9083 9387 9392 9413 9908 9974 10008 10012 10030 10262
3 1 3 1105 4641 10169
3 2
4 1 4 1204 7279 8492 9664
4 1 2 6221 9754
3 1 4 1265 5353 9406 9977
3 1 2 1369 5011
3 4
4 1 3 1390 8899 9930
4 1 3 3192 8750 9440
4 1 2 8753 9983
4 1 2 9910 10042
3 3
4 1 5 1468 2640 4469 9384 9578
4 1 2 6253 9502
4 1 3 8982 9483 10026
3 1 14 1519 1809 3004 7759 8245 8273 8575 9127 9278 9799 9843 9931 9978 10181
3 2
4 2
5 1 2 1624 3602
5 1 2 9653 9748
4 1 3 5919 9815 10081
3 4
4 1 4 2328 8098 9576 9873
4 1 4 4086 7980 8842 9794
4 1 4 6343 9208 9537 9765
4 1 3 7485 8483 8762
3 1 5 2416 8544 9233 9721 9922
3 1 3 2430 9309 9706
3 4
4 1 4 2684 8954 9696 10263
4 1 3 6106 9886 10250
4 1 5 7005 7591 10228 10267 10270
4 2
5 1 2 7762 10056
5 1 2 10243 10282
3 1 2 2688 4977
3 11
4 1 19 2812 5667 6842 7608 7884 8550 8765 8787 8792 8831 8858 8912 9242 9385 9728 9730 9756 9950 10079
4 1 2 2967 3503
4 1 4 4817 10205 10220 10284
4 2
5 1 3 5264 8827 9732
5 1 2 9987 10311
4 1 2 5462 8570
4 1 2 8652 8773
4 1 2 8703 10009
4 1 4 9211 9626 10063 10162
4 2
5 1 3 9679 9929 10229
5 1 2 9868 10201
4 1 2 9900 10124
4 1 2 10157 10294
3 2
4 1 16 3012 5558 5597 5694 5696 6928 7805 8290 8606 8717 8800 9465 9834 9862 10192 10306
4 1 2 3624 9068
3 1 2 3180 9412
3 4
4 1 3 3308 4083 5909
4 2
5 1 2 4172 10029
5 1 2 9526 9747
4 1 3 5630 9906 10113
4 1 3 9820 10092 10305
3 3
4 1 4 3586 5098 10011 10062
4 1 2 5111 5194
4 1 3 9529 9813 10054
3 5
4 2
5 1 2 3641 9586
5 1 2 9353 9546
4 1 4 7565 8585 9814 10137
4 1 2 8481 9870
4 1 2 9665 10099
4 1 3 9915 9984 9995
3 1 3 3721 7714 10155
3 1 2 3836 7999
3 1 2 3937 8449
3 1 2 3968 4726
3 3
4 1 8 3995 7948 9297 9442 9682 9850 10224 10247
4 1 2 9255 9848
4 1 2 9349 10080
3 1 2 4112 9893
3 2
4 1 2 4241 10086
4 1 2 9430 9976
3 4
4 1 2 4327 9898
4 1 2 4514 9150
4 1 2 6650 10084
4 1 5 8213 8375 9875 9912 10152
3 2
4 1 2 4567 7716
4 1 5 7253 9432 9933 10231 10273
3 5
4 1 2 4670 10144
4 1 2 8533 10078
4 1 2 8857 10194
4 1 2 9111 9254
4 1 2 9961 9965
3 1 4 5023 6683 7497 9458
3 3
4 1 3 5123 8235 9350
4 1 4 9169 9536 9934 10072
4 1 2 9716 10153
3 7
4 1 4 5440 6310 7155 8323
4 2
5 1 2 5972 9650
5 1 2 8774 10245
4 1 4 8154 9220 9619 10130
4 1 2 8445 10136
4 1 5 8993 10103 10167 10269 10300
4 1 2 9026 9055
4 1 2 9639 9913
3 1 3 5523 8546 10295
3 1 4 5577 8780 9782 9809
3 2
4 1 2 5978 10198
4 1 3 9676 10147 10207
3 1 6 6039 9484 9990 10018 10108 10278
3 1 11 6045 7992 8035 8883 9115 9231 9554 9582 9652 9905 9970
3 4
4 1 3 6193 9839 9958
4 1 3 7338 8526 10073
4 1 3 8914 9846 10151
4 1 3 9634 9792 9897
3 2
4 2
5 1 2 6296 9344
5 1 2 9521 10193
4 1 3 6823 9633 10174
3 1 2 6356 10232
3 1 2 6424 9621
3 3
4 1 3 6532 10165 10177
4 1 2 9318 9455
4 1 2 9557 10238
3 2
4 1 3 6747 9758 10014
4 1 3 9833 10038 10179
3 1 2 6754 9699
3 1 2 6915 9632
3 3
4 1 3 7105 9273 10214
4 1 3 8632 9960 10213
4 2
5 1 2 9072 10037
5 1 2 10001 10021
3 2
4 1 3 7273 10010 10027
4 1 2 9655 9844
3 1 2 7301 8116
3 1 2 7712 10187
3 1 2 7752 9948
3 2
4 1 2 7808 10191
4 1 2 9506 9590
3 1 2 7849 8909
3 1 2 7895 10138
3 3
4 1 2 8073 9531
4 1 2 8543 10288
4 1 6 9895 9902 9953 10047 10119 10176
3 2
4 1 2 8165 9899
4 1 2 8337 9191
3 1 2 8203 10074
3 3
4 1 3 8262 9824 10246
4 2
5 1 2 8897 9791
5 1 3 9617 9793 9863
4 1 4 8902 10164 10307 10309
3 2
4 1 2 8504 9920
4 1 2 9903 10258
3 3
4 1 2 8589 9524
4 1 3 8739 9082 9842
4 2
5 1 2 9064 9343
5 1 2 9113 9574
3 1 3 8674 9907 10125
3 1 2 8683 10096
3 1 2 8806 8984
3 1 3 8844 9941 10076
3 1 2 8855 10032
3 1 2 8880 9916
3 2
4 1 3 8931 9838 10031
4 1 3 9070 9190 9881
3 2
4 1 2 9021 9139
4 1 3 9376 9603 9952
3 1 4 9030 9374 9424 9428
3 1 3 9035 9911 10104
3 2
4 1 2 9178 9784
4 1 2 9265 10067
3 1 2 9235 9340
3 1 4 9304 9772 9998 10208
3 1 4 9328 9527 9894 10189
3 1 2 9646 10028
3 2
4 1 4 9789 9832 9914 10163
4 1 4 9904 10134 10260 10289
3 1 2 9818 9917
3 1 2 9819 10252
3 1 2 9924 10190
3 1 2 9946 10005
3 1 2 9986 10004
3 1 2 10034 10090
3 1 3 10172 10286 10304
2 55
3 13
4 3
5 2
6 1 2 14 5176
6 1 3 8013 8788 8951
5 2
6 1 3 423 3578 4200
6 1 2 7954 8707
5 1 6 3700 5701 7662 7937 8556 9643
4 1 2 149 8210
4 1 4 436 8417 8930 9627
4 1 4 1861 9091 9158 10085
4 3
5 1 6 2732 6962 7221 7333 8316 10293
5 2
6 1 2 4314 7170
6 1 2 10041 10271
5 1 3 6712 7576 7813
4 6
5 1 5 2913 4929 7470 9180 9310
5 1 3 3854 6799 8740
5 1 4 5245 7798 8424 8922
5 1 3 5901 9172 9957
5 1 2 6189 7068
5 1 4 6887 9641 10107 10218
4 1 4 3229 8849 9088 10128
4 1 4 4286 5683 6876 9691
4 4
5 1 3 4416 7634 10183
5 1 2 6070 7072
5 1 2 8932 9767
5 1 3 9397 9771 9887
4 1 4 7060 9538 9783 10148
4 1 3 7400 8528 9558
4 2
5 1 2 7916 8149
5 1 3 8066 8936 9967
4 2
5 1 2 9470 10141
5 1 2 9545 9623
3 2
4 1 5 89 4240 9644 9668 9694
4 1 15 807 5053 6181 6609 7038 9216 9303 9508 9568 9648 10023 10060 10116 10233 10268
3 1 3 90 6604 10088
3 3
4 1 3 133 6547 9296
4 1 3 338 6634 8894
4 1 2 5649 9279
3 6
4 3
5 1 2 245 3419
5 1 2 3221 6914
5 1 3 7378 7394 7973
4 1 4 380 8698 9258 9435
4 1 12 581 5677 6005 6186 6451 6974 8228 8572 8668 8768 9223 9980
4 1 11 4737 7532 7537 7902 7971 8110 8148 8521 8573 8746 9555
4 1 2 7964 9805
4 1 3 9050 9184 9287
3 2
4 1 3 323 3934 9778
4 1 17 2178 6616 6701 7151 7631 8202 8440 8583 9003 9077 9102 9157 9199 9238 9379 9550 10101
3 5
4 1 3 355 9677 9734
4 1 4 5292 6527 7819 8576
4 1 3 5727 9229 9522
4 1 3 7594 8577 8695
4 1 2 8781 9418
3 6
4 1 5 385 3001 8524 9925 10024
4 1 3 507 7548 8738
4 1 5 732 4217 6314 8214 8287
4 1 3 5994 8609 9073
4 1 3 6533 8602 9289
4 1 2 8493 8542
3 2
4 1 9 439 1448 1625 4363 4638 5240 6261 6492 9681
4 1 2 7122 7398
3 2
4 1 2 443 8561
4 1 2 8347 8715
3 7
4 1 4 538 5152 6569 6664
4 2
5 1 4 2350 7166 8401 8766
5 1 4 7200 8303 8400 8456
4 1 3 4342 6079 6790
4 1 5 4366 4650 7393 8031 9937
4 1 3 5453 5835 8455
4 2
5 1 4 5817 7234 7332 8621
5 1 2 6054 7955
4 1 3 8190 8653 8872
3 6
4 1 11 729 3522 5705 5766 7501 7618 8571 9020 9038 9076 9389
4 1 3 975 7066 9193
4 1 2 4076 6605
4 1 2 4101 9926
4 1 3 5219 6611 9453
4 1 10 7212 8230 8551 8735 9232 9401 9866 9867 10184 10185
3 2
4 1 11 857 1053 5519 6347 6412 7022 7600 7619 9128 9175 9845
4 1 2 8757 9811
3 1 13 914 3174 4613 5506 6058 7131 8063 8631 8835 8956 9198 9321 9345
3 2
4 1 3 1098 8076 9135
4 1 5 9025 9239 9341 9415 9530
3 8
4 1 8 1420 4774 5261 5478 7493 7665 8014 8713
4 1 2 2506 7924
4 1 5 3987 4801 8093 8634 8856
4 1 3 4334 9162 9264
4 1 3 5038 9009 9057
4 1 2 6720 8850
4 1 5 7486 7581 8301 8793 10276
4 1 2 8649 8825
3 1 2 1619 7786
3 1 2 1728 4138
3 3
4 1 4 1796 6028 7286 8372
4 1 3 2335 9567 9896
4 1 4 8675 9501 9512 9690
3 2
4 1 7 1961 7372 8410 9093 9204 9373 9975
4 1 2 6817 8785
3 6
4 3
5 1 2 2040 8749
5 1 2 3448 8227
5 1 2 7128 7848
4 2
5 1 3 3077 6682 7748
5 1 3 5333 6927 9285
4 1 4 5445 8614 8777 9117
4 1 2 6489 6839
4 1 3 7096 8471 8767
4 1 3 8864 8988 9046
3 4
4 1 3 2367 4409 7703
4 2
5 1 2 4287 4436
5 1 3 6639 8599 8889
4 1 3 4540 6093 7699
4 1 2 7003 8815
3 2
4 1 8 2585 4621 5526 9062 9154 9159 9769 9829
4 1 2 7891 9375
3 1 3 2811 8274 8381
3 2
4 1 13 3761 5269 6837 8281 8598 8724 8824 8901 9078 9388 9419 9840 10120
4 1 3 8819 9147 9499
3 2
4 1 3 4323 7314 8514
4 1 2 9368 9549
3 1 2 4587 5615
3 3
4 1 5 4835 5822 6934 8799 9120
4 1 3 6808 7556 8893
4 1 3 7475 8517 9599
3 2
4 1 3 4911 7731 8670
4 1 5 5049 5313 7001 7044 9001
3 1 3 5066 9370 9608
3 1 7 5327 6461 6584 7448 8470 8908 9277
3 1 3 5587 8486 8814
3 1 8 5596 5634 7218 7392 8473 9061 9092 9566
3 2
4 1 2 6012 9037
4 1 2 7051 9865
3 1 5 6097 7356 8730 9086 9262
3 1 2 6172 8217
3 2
4 1 3 6365 9186 10061
4 1 2 7842 9125
3 1 7 6464 6899 8102 8615 8784 8877 9449
3 1 2 6599 8942
3 1 3 6866 9163 9240
3 3
4 1 2 6983 7164
4 2
5 1 2 8231 8565
5 1 2 9008 9084
4 1 2 8828 9047
3 3
4 1 3 7346 7943 9192
4 1 7 7668 8728 8886 8967 9206 9224 9464
4 1 2 8357 9314
3 1 5 7776 8171 8512 8950 9060
3 1 2 7963 9333
3 2
4 1 3 8238 9807 10094
4 1 5 8604 8741 8983 9098 9300
3 1 5 8275 8619 9143 9352 9637
3 1 3 8461 9510 9746
3 1 4 8547 10171 10222 10234
3 1 3 8559 9371 9518
3 1 2 8725 8763
3 1 2 8771 9611
3 1 3 8958 9457 10043
3 1 2 9089 9355
3 1 3 9642 10131 10244
3 1 2 9837 10046
2 5
3 1 29 52 202 434 668 880 1344 2483 3406 4609 5113 5223 5316 6160 6499 6990 7595 7750 8126 8685 8802 8939 8999 9022 9146 9308 9551 9981 10105 10308
3 1 2 172 701
3 1 2 2313 6110
3 1 3 8941 9101 9326
3 1 2 9002 9514
2 17
3 1 4 62 189 7355 8256
3 2
4 1 3 164 6476 9391
4 1 3 3327 9649 9785
3 1 4 379 4631 7795 9275
3 1 4 654 6902 9151 9156
3 1 3 2102 4765 7784
3 2
4 1 2 2557 5613
4 1 2 6408 8091
3 1 2 2593 8580
3 3
4 1 2 2907 10083
4 1 2 4753 8925
4 1 2 9018 9559
3 3
4 1 2 4090 8206
4 1 2 5528 9629
4 1 2 7299 9702
3 2
4 1 3 4105 7442 8061
4 1 3 4610 6637 8989
3 3
4 2
5 1 2 4249 8665
5 1 2 5213 8832
4 1 4 6033 7337 7406 8834
4 1 4 8208 8384 8539 9800
3 3
4 1 3 4700 7908 7928
4 1 2 6632 8789
4 1 2 7536 8654
3 1 3 5984 6703 9490
3 1 7 6004 7543 7875 7981 8957 9755 10215
3 1 2 6148 6757
3 2
4 1 2 6230 7642
4 1 3 8021 8108 8469
3 1 3 7399 7840 9486
2 13
3 1 5 84 2722 6963 6980 8519
3 1 8 137 1964 4740 6491 6520 8882 9097 9332
3 1 5 825 3176 3299 4223 9043
3 1 2 1047 3874
3 1 2 1862 9241
3 1 6 2291 3841 4075 6121 7771 9625
3 1 2 2533 8327
3 1 2 4357 10055
3 1 2 5009 5022
3 1 2 5132 10121
3 1 2 5259 7397
3 1 2 5876 8596
3 2
4 1 2 8379 8965
4 1 3 9209 9718 10180
2 4
3 1 2 96 10149
3 1 69 861 1070 4266 4337 4423 5204 5692 6919 7311 7482 7574 7710 7862 8010 8205 8318 8321 8368 8404 8452 8518 8587 8594 8639 8719 8744 8754 8756 8783 8830 8947 8974 8985 9015 9034 9042 9087 9094 9116 9134 9138 9144 9174 9185 9187 9212 9294 9337 9365 9390 9405 9450 9468 9496 9552 9560 9614 9667 9671 9680 9766 9808 9858 9992 10146 10156 10196 10236 10251
3 1 2 5998 9177
3 1 2 9071 9290
2 4
3 1 2 98 116
3 1 2 984 9140
3 1 6 7424 8644 9377 9479 9670 10022
3 1 2 9036 9595
2 1 3 101 5964 8643
2 1 5 141 2130 2706 8641 8702
2 12
3 1 2 213 4393
3 1 2 873 3918
3 1 2 1239 5347
3 2
4 1 4 2098 4220 8180 10248
4 1 3 3947 4387 10068
3 2
4 1 4 4417 9354 9585 9804
4 1 2 5557 6807
3 3
4 1 2 5627 9588
4 1 2 5945 9826
4 1 2 10235 10302
3 1 5 6205 8195 8478 9106 9462
3 1 3 6344 8139 9997
3 2
4 1 2 7188 8586
4 1 2 8995 9145
3 1 2 8315 8987
3 1 2 9363 9695
3 1 3 9488 9852 10114
2 1 3 264 3032 9016
2 5
3 1 2 283 10098
3 1 3 3451 6663 9346
3 1 2 3997 7975
3 1 3 4603 8211 9489
3 1 2 9366 9425
2 4
3 1 4 312 6552 9227 9351
3 1 6 4647 4949 7429 8489 9647 9743
3 1 2 5077 8105
3 1 2 7845 8933
2 4
3 1 2 455 9291
3 1 3 1479 4181 9520
3 1 3 1666 5367 6024
3 1 4 2347 8024 8590 9099
2 3
3 1 3 509 8484 8862
3 1 3 8677 9663 10071
3 1 2 9605 9939
2 3
3 1 2 521 1839
3 1 6 3895 7729 7950 8460 9234 9674
3 1 5 4484 5212 7202 7741 9380
2 6
3 1 61 974 1043 1065 1818 2258 2383 2626 3643 3727 3828 3889 3955 4368 4373 4679 4989 5486 5809 5889 6075 6271 6402 6870 6981 7117 7180 7206 7269 7459 7484 7627 7974 8370 8446 8667 8692 9004 9054 9256 9399 9408 9441 9460 9500 9584 9587 9662 9672 9795 9816 9827 9892 9927 9955 10075 10100 10150 10154 10158 10210 10291
3 1 2 4467 6982
3 1 3 4846 10087 10091
3 1 4 6026 7302 8479 9722
3 1 2 9322 9515
3 1 2 9945 10020
2 1 5 1462 2727 6519 7941 8558
2 4
3 2
4 1 3 1641 8178 9023
4 1 3 5676 9006 9065
3 2
4 1 2 6141 9439
4 1 2 7952 9282
3 1 2 7657 8057
3 1 2 7779 7997
2 2
3 1 22 2020 2617 3910 3963 4461 6595 7863 8044 8047 8143 8146 8152 8429 8592 8699 8955 9119 9166 9215 9487 9618 9979
3 1 2 6862 8761
2 1 3 2045 8734 8892
2 6
3 1 2 2097 8838
3 1 2 3505 8361
3 1 2 6357 7985
3 1 3 6734 7251 8476
3 1 2 7207 8402
3 1 2 8118 8405
2 1 2 2302 9993
2 1 5 2359 3073 4569 8972 9359
2 1 4 2896 5128 8390 9404
2 6
3 1 2 3210 8714
3 1 20 3472 3843 5087 5180 6439 7571 7625 7727 8439 8499 8630 8704 9142 9381 9402 9463 9525 9544 9705 9731
3 1 3 5816 5903 9651
3 1 2 7289 8772
3 1 2 8253 9727
3 1 2 9280 9556
2 1 4 3493 5914 7173 8059
2 1 2 3498 9443
2 1 2 3908 5040
2 2
3 1 7 4680 6411 7236 7705 7972 8607 8718
3 1 3 5060 7545 7743
2 3
3 1 3 4692 5776 6490
3 1 2 7517 9969
3 1 2 8782 9170
2 1 2 4802 7540
2 3
3 1 2 5265 7930
3 1 2 6393 8960
3 1 2 9474 9693
2 1 2 5432 9271
2 1 3 6350 8711 10230
2 1 2 6389 8691
2 2
3 1 3 6477 8836 9534
3 1 2 8595 8712
2 1 2 6642 7983
2 1 3 7016 7219 10175
2 1 2 7659 9703
2 1 5 7679 9293 9471 9701 9949
2 2
3 1 2 8007 10089
3 1 2 9148 9327
2 1 3 8090 8884 9017
2 1 2 8398 8878
2 1 4 8413 8979 9041 9059
2 1 3 8946 9272 9347
2 1 2 9481 9583
1 7
2 1 4 1 4844 5834 6089
2 4
3 1 2 272 2418
3 1 2 1288 9519
3 1 2 7939 9246
3 1 3 7970 8522 9315
2 3
3 1 2 314 527
3 1 4 3526 4250 9707 9729
3 2
4 1 5 5100 7755 9562 9704 9739
4 1 4 5743 6406 8552 9749
2 1 4 2956 4269 5505 9700
2 1 3 3408 4496 5531
2 1 3 6891 7006 9631
2 2
3 1 3 9136 9427 9710
3 1 2 9609 9786
1 39
2 26
3 21
4 1 2 2 3614
4 1 3 125 4091 4542
4 4
5 1 3 225 4042 4264
5 1 4 532 2919 4267 4362
5 1 2 2304 4653
5 1 3 2677 4315 4596
4 2
5 1 5 300 383 1122 3452 3600
5 1 4 4227 4450 4492 4598
4 3
5 1 3 341 3082 4316
5 1 3 479 950 1289
5 2
6 1 2 502 3798
6 1 2 3780 4900
4 4
5 1 4 476 674 4072 5871
5 1 3 2451 2726 4025
5 1 3 2613 3561 3904
5 1 2 4087 4224
4 5
5 1 3 525 3585 3831
5 2
6 1 2 949 4007
6 1 4 3559 4196 4284 4289
5 1 7 1254 1657 2043 3651 4113 4152 4243
5 1 2 2952 4311
5 1 3 4119 4175 4247
4 1 4 535 3161 3223 4424
4 1 6 682 2084 3046 3884 4231 4433
4 1 3 2160 3849 4439
4 1 4 2222 4110 4121 4756
4 2
5 1 3 2838 4064 4253
5 1 4 4427 4649 4696 4955
4 2
5 1 3 2879 3738 4509
5 1 5 2927 3024 4080 4329 4347
4 2
5 1 4 3243 3667 4690 4850
5 1 2 3777 4081
4 1 4 3400 3762 4303 4420
4 1 6 3441 3599 3687 3907 4440 4859
4 1 3 3754 4360 4367
4 1 2 3962 3967
4 1 2 4034 4158
4 1 2 4407 4520
4 1 2 4551 4735
3 6
4 1 2 20 4037
4 1 4 67 1064 4199 4294
4 1 2 204 4204
4 1 2 1417 4060
4 1 3 2497 2605 4340
4 1 2 4341 5044
3 4
4 1 3 32 3140 4789
4 2
5 1 2 1377 2937
5 1 2 1509 2777
4 1 3 2165 2953 4328
4 1 2 4541 5072
3 9
4 1 4 33 3720 5121 5563
4 1 3 475 5104 5481
4 2
5 1 2 3198 3423
5 1 2 3301 3474
4 1 2 3282 3878
4 2
5 1 3 3628 3657 4607
5 1 2 3926 4277
4 1 4 3701 4499 4824 4942
4 2
5 1 3 4150 4994 5168
5 1 2 4473 4888
4 1 2 4689 4874
4 1 2 4750 4908
3 22
4 4
5 1 3 42 1299 2378
5 1 4 585 3281 3482 3975
5 1 4 1493 4324 4403 4702
5 1 2 2015 4437
4 2
5 1 6 106 2831 2872 4349 5120 5384
5 1 2 2830 4447
4 2
5 1 3 287 1827 4512
5 1 3 4139 4711 5012
4 3
5 2
6 1 3 422 2996 5230
6 1 2 5047 5493
5 1 3 1171 1554 3444
5 2
6 1 2 3677 4970
6 1 2 4602 4646
4 3
5 1 4 432 4310 4773 5091
5 1 4 3519 3668 3800 4359
5 1 2 4212 4455
4 2
5 1 3 517 877 4143
5 1 3 4560 4825 4836
4 4
5 2
6 1 2 530 4019
6 1 2 1895 5159
5 1 2 2528 4659
5 1 5 3871 4832 4907 4953 5134
5 1 2 4628 4760
4 3
5 1 3 531 2789 5461
5 1 2 2648 3203
5 1 2 3680 4806
4 1 3 536 568 1568
4 2
5 1 3 577 4589 5065
5 1 3 3209 4639 5029
4 1 8 605 2709 2970 4490 4580 4971 5125 8336
4 2
5 1 3 663 1987 3231
5 1 2 3055 4866
4 1 4 879 4683 5024 5345
4 3
5 1 3 927 1361 3130
5 1 2 3228 5420
5 1 2 5169 5364
4 2
5 1 4 2766 3132 4565 5764
5 1 2 3095 4209
4 2
5 1 3 2847 4946 5037
5 1 2 4400 5648
4 2
5 1 2 2923 3168
5 1 3 4348 4826 4848
4 1 2 3178 4309
4 2
5 1 3 3543 4054 4660
5 1 2 4108 4299
4 1 4 3674 4706 5249 5263
4 2
5 1 2 3999 4571
5 1 4 4255 4636 4678 5186
4 1 2 4834 4984
3 21
4 4
5 1 2 45 5850
5 1 4 85 2406 3121 3935
5 1 3 754 3189 3616
5 1 2 6295 6957
4 3
5 1 3 70 910 4395
5 1 2 2966 3413
5 1 2 3385 3892
4 3
5 1 3 83 2149 3745
5 2
6 1 2 2453 2868
6 1 3 3769 3801 4232
5 1 3 2600 3102 3867
4 1 4 127 4454 5278 7385
4 1 3 145 3648 3922
4 7
5 1 4 203 1983 4364 4697
5 1 2 389 3974
5 1 3 514 4183 4186
5 2
6 1 2 559 5229
6 1 2 3885 5334
5 2
6 1 3 1846 3396 4226
6 1 2 2411 4002
5 1 2 2515 3820
5 1 3 3893 4180 4256
4 2
5 1 2 309 4860
5 1 3 488 3204 5281
4 1 3 317 1193 4961
4 1 4 361 2817 3011 4666
4 2
5 1 5 375 3459 4495 4823 4919
5 1 3 3812 4548 4557
4 2
5 1 2 1116 3625
5 1 2 2270 3695
4 2
5 1 3 1164 4736 4809
5 1 2 4246 5190
4 2
5 1 3 1195 3806 7635
5 1 2 3804 4430
4 1 9 1885 2426 3673 4146 4173 4206 4210 4265 4568
4 1 3 2478 3562 3681
4 1 3 2525 3283 3960
4 2
5 1 3 2576 4326 4505
5 1 4 3816 4077 4489 4986
4 2
5 1 4 2598 3028 3569 4169
5 1 3 3072 3756 4141
4 3
5 1 4 2836 3337 3416 3567
5 1 2 3568 4369
5 1 2 3699 4813
4 1 3 3652 3712 3948
4 1 2 4261 4325
3 2
4 1 16 59 3061 3454 3524 3525 3636 4035 4070 4132 4914 5167 5402 5433 5473 5476 8636
4 1 2 5299 8671
3 1 8 65 2793 2905 4031 4600 5102 5455 5559
3 16
4 1 2 113 499
4 4
5 1 4 248 3432 5291 5323
5 2
6 1 2 881 5699
6 1 2 1245 2729
5 1 2 4904 7616
5 1 2 5158 5337
4 2
5 1 3 276 3832 5422
5 1 5 2947 3465 5151 5477 5789
4 3
5 1 2 462 3716
5 1 4 882 2294 4156 4248
5 1 5 1061 3490 4925 6916 7526
4 1 4 566 636 1412 3959
4 3
5 1 2 1189 2460
5 1 3 4445 5542 5974
5 1 3 4990 5231 5339
4 1 5 1216 2398 5266 5409 5494
4 1 3 1224 4757 5849
4 3
5 1 2 1413 3981
5 1 4 5260 5454 5684 5881
5 1 3 5293 5396 5746
4 1 2 2100 3067
4 4
5 1 4 2704 2932 4435 5839
5 1 2 3784 5370
5 2
6 1 2 3977 4270
6 1 2 4233 4956
5 1 3 4460 4987 5474
4 2
5 1 4 3172 3597 4699 5458
5 1 2 5154 5378
4 2
5 1 3 4055 4827 5090
5 1 2 4522 4993
4 1 6 4148 4245 4926 5188 5376 5791
4 1 2 4331 5369
4 1 6 4370 4555 4800 5414 5538 5897
3 18
4 4
5 2
6 1 2 117 3268
6 1 2 1951 3267
5 1 3 778 1571 5147
5 1 2 2620 3909
5 1 2 3550 4386
4 2
5 1 3 139 3182 5362
5 1 3 1163 3461 5243
4 2
5 1 4 177 453 3226 3707
5 1 2 1050 4857
4 1 3 405 896 1179
4 3
5 1 3 886 3544 3709
5 1 2 1583 4182
5 1 3 2833 4177 4339
4 2
5 1 3 911 3154 3658
5 1 3 3428 3502 6138
4 2
5 2
6 1 3 947 2725 3514
6 1 3 3965 5067 5387
5 1 5 968 1205 2523 3842 4766
4 3
5 1 5 955 1536 2442 2484 3466
5 1 2 1156 3036
5 1 2 2633 3921
4 1 4 997 1705 2195 5276
4 2
5 1 3 1208 2695 3817
5 1 3 3239 3659 4630
4 2
5 1 3 2031 2721 4068
5 1 2 2431 3644
4 3
5 1 2 2048 3118
5 1 3 2736 4094 4302
5 1 3 4238 4444 4465
4 1 4 2858 3109 3906 5070
4 3
5 1 3 3097 4297 4448
5 1 2 3173 5392
5 1 4 3996 5656 5759 6278
4 1 6 3827 3877 4406 4754 4762 4862
4 1 3 4093 4235 4343
4 1 2 4213 4498
4 1 6 4317 4933 5295 5335 5398 5482
3 4
4 1 13 237 240 288 999 1113 1603 2246 3607 4178 4561 4599 4976 5207
4 1 4 1394 2710 4552 5055
4 1 3 2843 5252 5575
4 1 2 4320 4559
3 3
4 1 2 340 4634
4 1 2 2909 4106
4 1 2 5079 5830
3 1 4 344 3536 5547 5576
3 2
4 1 4 409 2908 3481 3713
4 1 4 1510 4532 4870 5005
3 1 6 425 594 953 3212 4890 5129
3 2
4 1 3 484 3456 4694
4 1 4 3678 4276 4344 5456
3 2
4 1 7 534 642 3280 3765 4306 5025 5657
4 1 2 1059 4159
3 3
4 1 3 653 2741 2949
4 1 3 794 4901 5114
4 1 8 2038 2682 3261 3783 4574 5127 5130 5279
3 1 3 760 3807 4192
3 6
4 1 4 1097 3523 4097 4506
4 1 4 1346 2002 4588 4698
4 1 4 2117 2413 4909 4960
4 2
5 1 2 2233 3442
5 1 2 3858 5068
4 1 2 2773 4720
4 1 3 3048 4079 5566
3 4
4 1 9 1891 2396 2785 3008 3103 4049 4705 4812 5734
4 1 3 2473 3698 4606
4 1 2 3339 4795
4 1 2 4010 4577
3 1 5 2305 4500 4550 4937 5019
3 1 13 2349 3388 3958 4013 4120 4674 4767 4831 4892 4931 5046 5057 5202
3 1 2 3605 4867
3 1 2 3718 4643
3 1 2 4995 5241
2 63
3 6
4 2
5 1 3 4 1190 1932
5 1 3 1157 2069 2375
4 1 4 278 916 1012 3027
4 1 5 293 487 1649 1822 1952
4 1 7 333 586 689 1089 2173 2607 5534
4 1 2 496 1889
4 1 2 1188 1997
3 6
4 1 20 11 387 448 930 1016 1349 1372 1404 1559 1674 1678 1688 1703 2229 2250 2266 2800 2813 2960 5463
4 1 4 297 1213 1647 2219
4 1 2 400 1869
4 1 2 638 1075
4 1 2 1459 1905
4 1 2 2569 2662
3 10
4 2
5 1 2 13 1437
5 1 2 209 2186
4 1 5 227 940 1416 2805 3108
4 2
5 1 3 231 712 938
5 1 2 770 1260
4 1 2 437 438
4 2
5 1 3 500 782 1127
5 1 3 515 1329 1992
4 1 5 516 775 806 819 1099
4 1 2 672 1474
4 1 3 979 1643 1975
4 1 2 1092 6456
4 1 2 1270 1388
3 3
4 1 3 16 1461 2496
4 1 3 230 1826 1854
4 1 2 353 660
3 5
4 1 14 18 866 1221 1280 1367 1466 1548 1578 1612 1613 1615 1623 1737 1848
4 1 3 261 659 1228
4 1 2 826 1421
4 1 2 862 1798
4 1 2 1217 1449
3 1 7 22 951 2191 2267 2279 2560 2678
3 14
4 4
5 2
6 1 2 25 1397
6 1 2 1148 9751
5 1 5 47 218 336 1533 1541
5 1 5 446 678 772 1307 1356
5 1 4 452 1151 1282 1386
4 1 3 49 414 1336
4 1 8 247 841 986 1178 1252 2230 2241 2770
4 1 6 281 1269 1680 1832 2370 8355
4 2
5 1 3 421 1917 1965
5 1 2 768 1337
4 2
5 1 2 473 3913
5 1 3 917 1212 1597
4 2
5 1 4 508 725 1704 2058
5 2
6 1 2 741 839
6 1 2 1991 2065
4 1 3 690 907 1563
4 1 3 792 1539 1896
4 1 4 829 1093 1806 2737
4 2
5 1 6 954 1419 1483 1698 1804 1852
5 1 2 1166 1333
4 2
5 1 2 1454 1830
5 1 3 1467 1592 1847
4 1 2 1576 1907
4 1 2 1825 2183
3 3
4 1 30 29 390 1007 1125 1471 1524 1638 1696 1725 1817 1880 1881 2070 2127 2152 2242 2243 2255 2256 2272 2322 2323 2336 2389 2701 2764 3338 3446 4895 6132
4 1 3 871 1819 1887
4 1 2 2151 2253
3 2
4 1 2 40 399
4 1 2 343 1430
3 3
4 1 28 55 151 644 888 904 1003 1020 1308 1526 1679 1959 1960 1967 1971 1972 1973 2005 2147 2239 2245 2587 2647 2769 2788 2796 3355 4001 4195
4 1 3 631 728 1300
4 1 4 1707 1902 2199 2207
3 14
4 6
5 2
6 1 3 71 290 928
6 1 2 191 1373
5 1 3 497 699 1485
5 2
6 1 3 665 1452 1741
6 1 2 1635 1722
5 1 4 990 1370 1440 1754
5 1 3 1211 1272 2261
5 1 2 1488 3083
4 3
5 1 2 91 1114
5 1 2 118 2114
5 1 2 1385 1772
4 3
5 2
6 1 3 138 1248 2651
6 1 3 883 1730 2584
5 1 3 546 1028 1810
5 1 4 589 1283 1710 2193
4 6
5 1 3 181 2238 2312
5 1 4 590 1702 1783 2061
5 1 2 615 988
5 1 2 983 1734
5 1 2 993 1000
5 1 4 1014 1407 1553 5918
4 5
5 1 4 228 1291 1903 1982
5 1 4 736 1608 1626 2032
5 1 4 1470 1945 1962 7544
5 1 2 1713 2298
5 1 3 1821 1850 2076
4 3
5 1 4 369 1141 1339 1727
5 2
6 1 2 1460 1723
6 1 2 1566 1587
5 1 4 1551 2099 3164 3778
4 2
5 1 3 526 1920 2718
5 1 3 1063 2353 6429
4 2
5 1 3 627 1828 2073
5 1 3 1800 2148 2521
4 1 3 628 1543 2751
4 1 4 793 1787 2133 3157
4 1 2 1006 2604
4 4
5 1 3 1040 1159 6340
5 1 3 1546 1651 1652
5 1 2 1692 2034
5 1 2 1868 2846
4 1 3 1076 1758 1773
4 3
5 1 3 1180 1876 2588
5 1 2 1676 2407
5 1 2 2382 2545
3 2
4 1 51 72 411 779 1086 1742 1760 1849 1879 1926 1936 2182 2206 2263 2283 2364 2409 2448 2465 2467 2625 2655 2708 2885 2962 3054 3125 3169 3184 3264 3560 3676 4219 4604 4748 4912 4978 5350 5457 5512 5693 5702 5799 5833 5853 5921 5922 5992 6129 6144 7789 8022
4 1 2 2121 2348
3 5
4 1 3 76 1154 2329
4 1 7 123 1084 1274 1323 1567 1933 2421
4 1 3 342 1943 2060
4 1 3 395 909 1201
4 1 2 2018 2262
3 2
4 1 14 77 976 1011 1375 1450 1495 1569 1590 1627 1693 1775 1799 1829 2333
4 1 2 1029 1774
3 3
4 1 9 79 246 708 1315 1476 2257 2878 2888 6273
4 1 8 234 820 945 1451 1598 2086 2433 3332
4 1 2 284 1929
3 1 20 94 205 634 681 1066 1068 1129 1130 1135 1275 1276 1340 1368 1374 1389 1391 1408 1410 1445 1475
3 9
4 4
5 2
6 1 2 108 1860
6 1 2 1794 1856
5 1 2 704 1415
5 1 3 711 1912 2167
5 1 2 1382 1409
4 1 4 215 745 1761 5237
4 1 4 465 1054 1899 2502
4 2
5 1 3 761 1402 1609
5 1 3 1030 1511 1824
4 1 3 833 2269 2921
4 1 5 985 1873 2360 2713 2791
4 1 3 1024 1577 2717
4 3
5 1 2 1319 1776
5 1 4 1888 1957 2287 3191
5 1 3 2217 2356 2377
4 2
5 1 2 1393 1396
5 1 3 1594 2281 2427
3 8
4 1 2 124 1716
4 1 3 258 1715 2095
4 1 3 447 512 1878
4 1 9 578 709 1057 1350 1523 2042 3257 6413 6761
4 1 2 769 2006
4 1 2 1150 2110
4 1 2 2008 2265
4 1 2 2259 2260
3 2
4 1 10 129 731 762 1685 1882 2162 2204 2374 2445 3019
4 1 3 1426 2071 2535
3 2
4 1 2 146 1694
4 1 7 367 980 1492 1718 2387 2435 2880
3 1 12 150 197 1175 1321 1352 1552 1701 1978 2036 2623 2644 2959
3 4
4 1 4 157 650 1162 1362
4 2
5 1 3 160 1169 1399
5 1 3 1363 1364 1406
4 1 3 178 291 1354
4 1 4 933 1230 1262 1401
3 5
4 1 2 159 1570
4 1 3 217 830 1646
4 1 5 892 1035 1325 1766 6894
4 1 3 922 1256 1748
4 1 3 1176 1297 1309
3 1 31 161 232 360 424 713 783 1038 1111 1183 1233 1348 1432 1683 1820 1844 1853 1909 1915 1924 1946 1968 2013 2022 2046 2059 2248 2251 2254 2277 2292 2327
3 2
4 1 19 169 710 890 943 1142 1198 1249 1261 1286 1384 1490 1549 1793 1875 1956 1989 2041 3306 4818
4 1 3 966 1464 1487
3 1 35 193 252 743 1025 1044 1115 1235 1639 1684 1709 1823 1874 1919 1927 1963 1996 2010 2017 2054 2096 2197 2198 2210 2271 2274 2276 2289 2295 2318 2320 2321 2324 2325 2410 2424
3 5
4 1 2 212 2910
4 1 9 397 456 696 885 957 978 1136 1197 1247
4 1 2 1152 1353
4 1 11 1153 1210 1220 1332 1428 1545 1607 1699 1750 1831 1855
4 1 2 1439 6102
3 3
4 1 8 216 895 913 1078 1355 2011 2404 3124
4 1 2 2089 2486
4 1 3 2278 2821 3088
3 4
4 1 3 236 802 1473
4 1 14 255 666 952 1001 1921 2024 2334 2455 2536 3475 5874 5880 6081 6435
4 1 3 1438 2228 2297
4 2
5 1 3 1494 2079 2264
5 1 2 1542 1990
3 2
4 1 22 241 325 326 359 482 554 789 870 929 1096 1181 1207 1222 1257 1326 1497 1531 1604 1631 1633 1708 2220
4 1 2 1310 1433
3 4
4 1 6 267 299 740 1167 1769 2738
4 1 6 518 1240 1890 2166 2351 2705
4 1 4 1172 1191 1251 1500
4 1 3 1458 2252 2391
3 2
4 1 2 301 2714
4 1 2 1371 2968
3 2
4 1 3 327 1740 1837
4 1 3 1185 1403 1918
3 2
4 1 3 332 1009 1376
4 1 2 1242 1504
3 2
4 1 5 366 1313 1653 1836 1947
4 1 2 1441 2064
3 6
4 1 2 377 1143
4 1 2 501 600
4 1 2 561 1422
4 1 12 798 856 1979 2050 2052 2153 2369 2441 2495 2712 2860 2889
4 1 2 1443 2214
4 1 4 2105 2234 2456 2652
3 2
4 1 41 450 843 961 1137 1215 1267 1278 1304 1447 1463 1525 1527 1528 1537 1557 1560 1562 1575 1579 1580 1588 1589 1595 1599 1600 1605 1616 1621 1622 1632 1645 1648 1659 1660 1661 1663 1778 1779 1781 1801 1813
4 1 2 558 1770
3 1 7 547 1351 1482 1501 1550 1629 3045
3 2
4 1 3 591 1617 7552
4 1 3 648 2101 2609
3 3
4 1 2 617 1540
4 1 3 1284 1697 4078
4 1 2 2268 2366
3 1 11 623 1017 1133 1229 1414 1564 1724 1765 2124 2237 2687
3 3
4 1 3 629 963 1380
4 1 2 773 1845
4 1 2 1018 1655
3 1 6 645 960 1209 1498 1788 1944
3 4
4 1 2 661 1733
4 1 7 780 831 1134 1177 1305 1434 1505
4 1 3 998 1745 2783
4 1 2 1477 1746
3 2
4 1 2 664 1293
4 1 3 1226 1231 1314
3 1 2 683 757
3 1 2 685 3215
3 3
4 1 3 697 1255 1994
4 1 3 869 1700 1720
4 1 2 1767 2009
3 1 2 764 1593
3 1 3 790 1258 3100
3 1 2 795 2679
3 2
4 1 2 835 1515
4 1 3 1606 2062 2668
3 1 3 842 1347 2608
3 1 2 860 2663
3 1 3 1010 1897 6270
3 1 2 1048 1795
3 2
4 1 3 1110 1654 1669
4 1 3 1516 1681 2111
3 2
4 1 2 1206 1484
4 1 2 1405 2755
3 3
4 1 3 1281 1731 3129
4 1 4 1706 1816 1941 2403
4 1 3 1792 2150 2457
3 2
4 1 3 1302 1790 1981
4 1 2 1807 2000
3 1 2 1311 1317
3 1 3 1574 2672 2807
3 1 2 2001 2361
2 43
3 6
4 2
5 1 2 6 1942
5 1 4 584 695 2733 2757
4 1 2 233 893
4 1 2 739 2466
4 1 4 2056 3101 3273 3589
4 1 2 2601 3081
4 1 3 3343 3479 3724
3 1 2 8 4018
3 6
4 2
5 1 2 28 2273
5 1 3 1465 2343 3541
4 2
5 1 3 372 2072 2799
5 1 3 1104 2415 2429
4 1 4 2494 3014 3098 3390
4 1 3 2544 2875 2882
4 1 2 3134 3242
4 2
5 1 2 3353 3359
5 1 2 3407 3469
3 6
4 2
5 1 3 35 1341 2319
5 1 2 2610 3074
4 1 4 796 2945 2963 3059
4 1 2 1170 2482
4 2
5 1 2 1234 2754
5 1 2 2534 3303
4 2
5 1 4 2087 2129 2861 3213
5 1 3 2596 2681 4992
4 1 2 2874 3297
3 4
4 2
5 1 2 48 694
5 1 2 3275 3358
4 1 4 489 2345 2580 2778
4 1 3 935 2632 2742
4 1 3 2758 2839 4701
3 6
4 1 4 57 2412 2994 3029
4 1 2 174 187
4 1 6 1383 1712 2933 3230 3488 3590
4 1 3 1507 2826 3598
4 2
5 1 3 1864 1870 2928
5 1 3 2420 2748 2930
4 1 4 2922 3427 3508 3664
3 7
4 1 3 64 147 1565
4 1 4 468 1182 2227 3217
4 1 4 493 541 2303 3145
4 1 3 906 3329 3791
4 1 2 1620 2940
4 2
5 1 3 2067 2775 3043
5 1 2 2553 2671
4 1 3 2635 3360 3782
3 1 10 74 2436 2650 2964 3010 3294 3582 3584 3888 7836
3 1 2 104 3430
3 3
4 1 2 153 2760
4 1 2 2344 2786
4 1 3 2749 2820 2842
3 1 14 221 1062 1886 2120 2247 2371 2470 2989 3289 3304 3346 3379 3470 4941
3 2
4 1 2 289 1140
4 1 3 1155 2603 2694
3 2
4 1 5 302 1013 3538 3617 3662
4 1 2 693 2530
3 1 4 307 3126 3365 3425
3 5
4 1 2 363 2703
4 1 3 441 2999 3310
4 1 2 994 2579
4 1 3 1074 3063 4126
4 1 2 2944 2988
3 2
4 1 2 378 2554
4 1 2 1273 3015
3 5
4 1 3 458 3091 3211
4 1 4 863 3369 3410 3429
4 1 3 2039 2920 2980
4 1 3 2337 2893 2997
4 1 3 2419 2982 3202
3 4
4 1 3 466 2185 2611
4 1 4 1271 2697 2762 3335
4 1 2 2924 3399
4 1 3 2936 3167 3324
3 3
4 1 3 519 2509 2511
4 1 3 1005 2863 3476
4 1 2 3577 3622
3 4
4 1 4 529 1436 2161 3631
4 1 3 756 827 2189
4 1 2 2505 3512
4 1 2 2941 3040
3 1 5 544 1378 1673 2728 2870
3 1 2 593 2169
3 2
4 1 2 595 3341
4 1 2 3570 3610
3 1 4 652 705 3225 3445
3 1 2 707 1916
3 2
4 1 2 759 2859
4 1 4 2563 2595 2657 2808
3 3
4 1 3 803 3227 3241
4 1 2 1969 3576
4 1 2 3654 3663
3 1 3 811 2393 3728
3 1 4 814 2616 2939 3302
3 2
4 1 6 1109 1343 2205 2474 2873 4045
4 1 5 2049 2354 3159 4581 7491
3 1 2 1146 1581
3 1 5 1365 2902 3417 3463 3675
3 1 13 1650 1930 2649 2998 3717 4398 4871 5211 5938 5942 6088 6146 8745
3 1 3 2003 3050 3313
3 1 2 2137 2645
3 2
4 1 3 2146 3564 5760
4 1 2 2190 2556
3 1 2 2174 3155
3 1 3 2447 2503 2669
3 1 3 2504 2636 3017
3 2
4 1 3 2641 2715 3596
4 1 3 2942 3547 3872
3 1 2 2848 2849
3 1 3 2912 2957 2983
3 1 5 3314 3331 3333 3422 4879
2 30
3 1 2 10 4029
3 9
4 1 3 27 1522 2739
4 2
5 1 2 364 2856
5 1 5 964 969 1586 2638 2883
4 3
5 1 3 376 723 2631
5 1 3 637 1453 2083
5 1 3 1019 2300 6880
4 1 5 528 2622 3755 4558 4635
4 1 4 656 855 2170 2339
4 1 3 1520 1555 2074
4 1 2 2122 2134
4 1 4 2692 2815 2834 3618
4 1 3 3245 4033 4039
3 3
4 1 3 36 2987 3349
4 1 2 1324 3956
4 1 2 1499 3692
3 1 3 210 804 2422
3 5
4 1 8 262 2091 2376 2743 2955 3153 3263 4003
4 2
5 1 2 418 3317
5 1 2 936 3262
4 1 2 601 2571
4 1 3 2090 2284 2437
4 1 2 3181 3237
3 2
4 1 4 282 948 1202 3247
4 1 3 989 1219 3030
3 2
4 1 2 386 2666
4 1 2 2440 3752
3 1 4 429 995 1081 2700
3 1 3 513 2522 4170
3 7
4 2
5 1 3 549 774 2993
5 1 3 1780 2487 2581
4 1 2 926 3979
4 1 3 977 1392 4263
4 1 2 1636 2078
4 1 3 1668 2108 4418
4 1 2 1949 2979
4 2
5 1 2 2468 4896
5 1 2 2881 4095
3 1 3 550 3152 3373
3 1 8 570 2171 2463 2654 2976 4092 4096 4098
3 3
4 1 4 747 1670 1950 3342
4 1 4 1290 1814 3194 3539
4 1 2 1556 1908
3 2
4 1 2 748 2500
4 1 4 894 1976 2209 3141
3 1 4 752 1573 2547 2602
3 2
4 1 2 810 4584
4 1 2 2141 3591
3 1 4 815 1478 2906 5319
3 1 4 905 1529 1786 6923
3 1 4 965 3033 4295 8920
3 1 6 987 2384 3007 4477 4681 5325
3 1 7 1033 1547 2850 3258 3730 4089 4642
3 1 4 1037 1937 2818 3345
3 5
4 1 3 1108 2439 2586
4 1 3 1398 2532 2857
4 1 2 1894 2674
4 2
5 1 2 1985 4375
5 1 2 3883 4208
4 2
5 1 2 2443 3026
5 1 3 2897 2954 2973
3 1 4 1521 2310 2792 2981
3 1 3 1934 2926 2943
3 1 4 2299 3256 3296 4414
3 1 2 2394 3064
3 1 3 2408 3084 3201
3 2
4 1 4 2542 2991 3495 4107
4 1 2 2855 2985
3 1 2 3751 3969
2 4
3 1 64 17 310 684 853 854 1303 1480 1558 1747 1753 1763 1808 1940 2016 2063 2107 2417 2454 2501 2658 2744 3020 3149 3197 3254 3286 3389 3530 3665 3705 3722 3734 3912 3927 3942 4057 4281 4321 4452 4585 4713 4777 4855 4856 4897 4940 4981 5016 5076 5140 5160 5184 5239 5290 5411 5508 5509 5605 5855 5925 5935 6514 6741 6970
3 1 3 356 3554 3669
3 1 2 1328 3771
3 1 3 1717 2753 3120
2 6
3 1 6 30 735 1056 3311 3702 3994
3 1 34 171 184 250 330 347 469 571 832 970 1186 1424 1585 1802 1838 2037 2342 2520 2827 3047 3156 3557 3575 3729 3787 3876 3988 4056 4149 4157 4425 4623 4730 5410 5647
3 1 2 430 3096
3 1 4 480 622 1665 5028
3 1 3 1671 2797 3138
3 2
4 1 3 2225 3177 3449
4 1 2 2698 3240
2 3
3 1 42 31 51 53 163 551 655 868 1082 2075 2119 2135 2142 2179 2188 2381 2507 2895 2911 2938 2978 3107 3350 3786 3815 3949 4016 4041 4128 4163 4275 4332 4640 4729 4751 4884 4975 4982 4996 4999 5427 5513 5986
3 1 2 155 2380
3 1 2 3535 4586
2 2
3 1 2 54 4549
3 1 2 4283 4530
2 4
3 1 2 61 3234
3 1 2 381 2606
3 1 60 463 1200 1223 1253 1469 1508 1628 1910 2138 2159 2315 2446 2458 2699 2814 3136 3219 3272 3288 3367 3440 3545 3549 3588 3595 3608 3619 3621 3632 3634 3637 3645 3661 3683 3693 3767 3770 3792 3794 3835 3838 3845 3862 3936 3941 3954 3985 3990 4000 4015 4020 4184 4221 4225 4278 4527 4529 7739 8043 8910
3 1 2 2567 3005
2 3
3 1 77 102 200 467 490 633 738 771 1883 2355 2804 2862 2866 2871 2890 3018 3075 3117 3123 3143 3166 3186 3199 3246 3250 3278 3291 3378 3394 3398 3464 3487 3491 3891 3901 3983 4011 4058 4099 4171 4229 4268 4279 4322 4335 4358 4376 4590 4594 4597 4608 4712 4716 4816 4821 4853 4864 4872 4916 4917 4920 4939 4966 5015 5096 5136 5139 5157 5166 5173 5197 5254 5288 5330 5413 5416 5435 5490
3 1 2 2145 2958
3 1 3 3160 3865 4069
2 8
3 1 53 109 270 320 415 1021 1077 1117 1161 1227 1316 1331 1446 1601 1738 1784 2021 2112 2132 2201 2208 2311 2399 2490 2514 2540 2541 2543 2693 2735 2794 2802 2840 3041 3354 3370 3387 3391 3431 3439 3555 3647 3744 3830 3837 3930 4008 4028 4043 4122 4242 4356 4451 4575
3 1 54 249 308 335 406 498 673 720 828 849 898 934 1118 1158 1534 1561 1572 1602 1640 1682 1988 2104 2240 2392 2438 2489 2549 2562 2673 2716 2767 2810 2844 2845 2891 3016 3094 3105 3115 3224 3287 3415 3611 3775 3788 3886 3919 3986 4100 4371 4538 4632 4877 7388 8747
3 1 2 959 1884
3 1 2 1295 3903
3 1 2 2226 3078
3 2
4 1 2 3137 3556
4 1 2 3574 3911
3 1 2 3580 4290
3 1 2 4067 4491
2 2
3 1 30 110 223 485 706 1131 1872 2290 2340 2740 2864 2900 3206 3298 3372 3447 3511 3520 3548 3615 3814 3839 3857 3902 4059 4111 4129 4291 4292 4374 4426
3 1 2 3021 3185
2 2
3 1 49 115 148 350 524 722 1764 2477 2485 2583 2661 2724 2759 2787 2853 2935 2950 2965 2975 3104 3106 3330 3426 3438 3494 3697 3803 3811 3863 3880 3917 3925 4051 4617 4796 4841 4875 4936 5030 5056 5082 5108 5165 5210 5268 5449 5492 5496 5507 5863
3 1 2 3639 5172
2 1 29 119 273 306 384 657 702 818 992 996 1002 1101 1107 1119 1192 1431 1442 1689 1974 2094 2286 2309 2675 3089 3542 3638 3928 4280 4563 4744
2 1 4 130 2077 2373 2566
2 4
3 1 19 144 235 1244 1379 1736 1939 2326 2400 2589 2614 2639 2779 2951 3002 3216 3521 3613 4052 4234
3 1 3 1266 1980 1999
3 1 2 2450 3065
3 1 2 3686 4408
2 2
3 1 21 162 192 201 733 912 932 944 1049 1194 1503 1984 2499 2564 2646 2656 2707 3606 3626 4123 4456 4644
3 1 3 2156 3694 4176
2 1 2 167 972
2 4
3 1 3 198 2425 3453
3 1 4 285 1630 3409 3506
3 1 11 618 1342 3162 3609 4136 4174 4595 5475 5866 6443 6633
3 1 2 2915 3142
2 7
3 1 3 295 751 2106
3 1 3 348 2115 3279
3 1 4 727 2428 3914 5848
3 1 2 788 2752
3 2
4 1 2 1067 4022
4 1 2 2168 3976
3 1 2 1241 2081
3 2
4 1 2 1486 3233
4 1 2 1893 2570
2 1 3 334 2765 4693
2 2
3 1 27 362 510 556 576 840 2357 2480 2516 2731 2798 3053 3122 3133 3144 3218 3232 3513 3553 4088 4475 4682 4745 4950 5051 5052 5054 5317
3 1 2 876 1995
2 1 4 365 2898 3039 3147
2 2
3 1 2 401 3972
3 1 5 2904 4576 4675 4974 6190
2 7
3 1 3 412 1656 3799
3 1 4 483 1423 2667 5203
3 1 3 687 2918 6390
3 1 3 766 3890 3923
3 1 2 1199 4661
3 1 2 1322 3708
3 1 3 1506 3058 3158
2 3
3 1 3 560 753 2790
3 1 2 1088 3735
3 1 3 1811 2594 3006
2 1 7 715 1749 2481 3251 4391 4458 4759
2 1 2 824 5950
2 1 4 1160 1637 1667 3325
2 1 2 1259 1395
2 1 2 1312 4488
2 4
3 1 2 1658 3749
3 1 3 1726 2033 3003
3 1 3 1857 2995 4957
3 1 2 2531 4951
2 1 2 1777 2629
2 1 2 1803 2244
2 1 3 1923 3443 3719
2 1 2 2128 4271
2 1 2 2211 2756
2 1 2 3208 3485
2 1 2 4145 4562
1 19
2 2
3 1 8 3 460 846 2592 4411 5975 6466 6742
3 1 2 7158 10254
2 1 38 97 199 435 767 1757 2035 2280 3326 3357 3706 3781 3915 4236 4741 4829 4938 4980 5010 5510 5594 5869 6044 6096 6169 6290 6564 6572 6756 7528 7880 7917 8015 8069 8094 8194 8362 8505 8509
2 5
3 1 3 242 7352 10221
3 2
4 1 2 613 3723
4 1 3 677 703 9509
3 1 3 1664 5394 5775
3 1 4 1906 3356 3501 6935
3 1 3 3898 5664 6346
2 4
3 1 3 279 3038 4626
3 1 10 1456 1584 1714 1782 1835 2338 2555 2575 2972 3052
3 1 9 1904 1953 2213 2224 2388 2574 2772 2974 3649
3 1 3 2660 3307 8104
2 10
3 5
4 1 3 346 491 3750
4 1 3 962 2782 3533
4 1 3 2518 2835 3309
4 1 4 2774 3473 3870 8905
4 1 2 6773 6853
3 3
4 1 2 358 1072
4 1 2 3853 5783
4 1 2 4046 4704
3 1 2 776 2068
3 2
4 1 3 777 1711 4288
4 1 5 918 981 1120 1455 1496
3 4
4 1 4 1518 2317 3013 3253
4 1 2 1530 7611
4 1 5 2051 2125 2390 2612 2653
4 1 3 2876 2929 4084
3 1 4 1892 2194 2493 4053
3 2
4 1 2 2471 8331
4 1 2 3069 3725
3 2
4 1 3 2550 3093 3743
4 1 2 5589 6117
3 2
4 1 3 3656 4620 5654
4 1 2 3747 4913
3 1 2 7007 8319
2 8
3 1 3 352 4009 6418
3 2
4 1 2 971 5170
4 1 3 3352 5085 5297
3 1 3 1366 2809 5346
3 2
4 1 2 1400 4979
4 1 3 1789 4130 5774
3 1 4 2892 4654 4861 8721
3 1 4 3383 3704 5471 7524
3 1 2 4665 9446
3 1 3 5138 5801 6177
2 1 11 523 1264 1279 2181 2768 3099 3113 3195 5580 6736 6879
2 7
3 3
4 1 4 573 1079 8294 8760
4 1 5 3821 4296 8863 9753 9817
4 1 2 6731 8325
3 2
4 1 4 2362 2558 3509 9810
4 2
5 1 3 3214 9790 10182
5 1 2 6312 7987
3 2
4 1 2 3742 7915
4 1 2 4405 9999
3 4
4 1 4 4781 5875 6133 8797
4 1 2 5939 6991
4 1 2 7906 9320
4 1 2 8532 8726
3 1 4 5041 6798 8428 9019
3 3
4 1 4 5103 8591 9121 9253
4 1 2 7242 9205
4 1 3 8312 8480 9263
3 1 4 7013 7766 8663 10239
2 2
3 1 2 667 3200
3 1 8 1768 2397 2934 3362 3882 4012 4658 7689
2 5
3 1 3 734 4752 7768
3 1 11 1055 1755 1958 2538 3340 3711 3964 4396 5083 5250 5442
3 1 2 2012 4709
3 1 12 2526 2894 3515 3684 3789 3848 3897 3943 4074 4656 5161 5536
3 1 2 4794 4945
2 1 4 817 2082 4673 7730
2 3
3 1 5 941 1358 2877 3710 6282
3 1 2 2539 8655
3 1 2 6587 7487
2 1 2 2093 3056
2 1 9 2546 3205 3285 4282 4695 5525 6207 7109 7404
2 1 2 2568 3163
2 2
3 1 3 3080 3653 9361
3 1 2 6202 7646
2 1 4 3375 6628 7168 8608
2 1 2 7153 7990
2 1 2 7735 8597
1 86
2 1 10 7 2352 2548 3270 3421 3899 4715 5661 6711 8540
2 24
3 7
4 1 4 15 4805 6428 6847
4 1 5 597 4959 5017 6753 7098
4 2
5 1 3 1357 3703 6195
5 1 2 5552 5996
4 1 4 3497 5175 6778 7432
4 1 2 5107 6513
4 2
5 1 2 5401 7866
5 1 2 5908 7630
4 1 2 5431 7401
3 1 4 135 5631 6777 6855
3 5
4 2
5 1 2 207 5862
5 1 2 4333 5141
4 1 3 3351 5495 6659
4 2
5 1 2 4017 4927
5 1 2 4230 4239
4 1 3 5221 6198 6211
4 1 2 6112 6815
3 3
4 1 3 305 6369 7345
4 1 4 758 3110 6071 6537
4 2
5 1 2 1865 5541
5 1 3 4082 4842 7369
3 7
4 1 4 324 921 5672 6276
4 2
5 1 2 1296 7623
5 1 3 4218 5192 7494
4 1 3 1911 2004 7585
4 2
5 1 2 3293 6640
5 1 3 6332 6972 7018
4 2
5 1 3 4725 7318 7325
5 1 3 6843 7374 7391
4 2
5 1 3 4924 7215 7375
5 1 2 5395 7663
4 1 4 6304 7389 7522 7744
3 1 7 522 580 2823 3758 3805 7024 7496
3 3
4 1 5 569 2187 5912 7841 7994
4 2
5 1 2 686 3344
5 1 2 5404 7539
4 1 4 5284 5936 7055 7893
3 2
4 1 7 611 5205 6791 6814 7304 8441 9040
4 1 2 7745 7799
3 9
4 2
5 1 3 630 7573 7653
5 1 4 3924 6885 7549 7562
4 1 2 2624 8204
4 1 3 3424 3736 6766
4 1 3 4723 6795 7308
4 2
5 1 4 4734 6546 7035 7070
5 1 2 6884 7319
4 1 3 5823 6600 6713
4 1 5 6453 6850 7331 7450 8012
4 1 3 6704 7362 7636
4 1 2 7436 7607
3 3
4 1 2 1246 7878
4 1 4 4459 5624 6021 7993
4 1 2 4503 4717
3 3
4 1 2 1596 7359
4 1 2 5788 6015
4 1 3 6467 6473 7162
3 1 3 2203 5993 7358
3 3
4 1 4 2307 6316 7144 7518
4 1 5 2619 2685 3991 6931 6987
4 1 3 4050 6881 7272
3 2
4 1 2 3085 6322
4 1 2 6323 6706
3 1 6 3146 5736 6618 6913 7310 8048
3 1 5 3183 6153 7512 7647 7904
3 3
4 1 3 3500 3740 5360
4 1 2 4902 7709
4 1 2 7211 7749
3 2
4 1 4 3868 4511 5500 6687
4 1 2 5451 6512
3 1 3 4633 6175 7456
3 2
4 1 3 5000 5466 6233
4 1 2 5959 8396
3 1 3 5499 7309 7421
3 1 2 6014 6126
3 2
4 1 2 6095 6382
4 1 2 6824 7123
3 1 3 6210 6660 7334
2 4
3 1 59 34 311 939 1034 1144 1993 2158 2221 2314 2552 3165 3318 3336 3376 3510 3573 3691 3847 3970 4164 4211 4272 4273 4493 4655 4728 4838 4965 5045 5092 5144 5233 5305 5306 5403 5407 5438 5539 5590 5744 5756 5868 5982 6022 6311 6516 6518 6765 6998 7203 7423 7817 8011 8103 8141 8145 8189 8243 8567
3 1 3 520 7028 7610
3 1 2 3300 5679
3 1 2 8187 8326
2 42
3 4
4 1 4 39 5381 6213 6371
4 1 3 294 1214 3731
4 2
5 1 2 3060 6430
5 1 2 4338 5226
4 1 2 5124 5870
3 1 3 142 2642 6622
3 1 3 166 5535 5852
3 3
4 1 2 274 4422
4 1 4 2512 5614 5749 5854
4 1 9 2621 4024 4629 5039 5064 5720 6669 6961 7209
3 3
4 1 2 280 503
4 1 5 3312 4997 5545 6068 6409
4 1 3 5840 5906 6269
3 6
4 1 4 457 4664 5501 6030
4 2
5 1 2 609 5257
5 1 2 5246 5296
4 1 4 724 5209 5321 5633
4 1 4 2745 4535 5332 6279
4 2
5 1 2 3295 7913
5 1 2 5020 5612
4 1 3 4858 5163 5189
3 2
4 1 3 474 5218 5685
4 1 4 4614 4747 6362 6723
3 2
4 1 4 651 5606 5771 6325
4 1 2 3572 4313
3 1 13 688 903 2577 3875 4466 4786 5101 5177 5198 5524 5782 5927 5967
3 1 3 923 5195 6305
3 1 3 1218 3086 5301
3 1 3 1514 5014 5780
3 3
4 1 2 1690 4167
4 1 2 4738 5214
4 1 8 5126 5359 5640 5846 5864 6016 6073 6139
3 5
4 2
5 1 6 1743 4668 5530 5728 6187 8477
5 1 3 4190 4611 4967
4 1 7 2306 3612 4134 6163 6268 6288 6366
4 1 5 3244 4863 5668 5742 5829
4 1 2 6011 6037
4 1 2 6062 6111
3 1 2 1938 5670
3 2
4 1 2 1954 6064
4 1 2 5825 6161
3 2
4 1 3 2143 2365 6744
4 1 3 5623 5637 6307
3 1 10 2157 2971 3366 3650 4479 4837 4891 5429 5859 6262
3 3
4 1 4 2177 3796 6007 6617
4 1 2 3471 5603
4 1 2 4023 7500
3 2
4 1 4 2475 5283 5318 5767
4 1 3 3992 4605 5878
3 4
4 1 3 3348 5150 5731
4 1 2 4814 6043
4 1 2 5018 6294
4 1 2 6335 9416
3 3
4 1 2 3690 5777
4 1 3 5373 5842 6827
4 1 3 5569 6245 6327
3 1 2 4030 5553
3 1 2 4151 6627
3 1 2 4197 5069
3 1 2 4216 5658
3 1 3 4251 6259 6545
3 1 7 4260 4784 4962 5178 5711 5926 7476
3 1 5 4388 5183 5320 6025 6056
3 1 2 4476 4662
3 1 2 4637 7824
3 1 2 4847 5856
3 1 7 4865 5504 5750 5920 5958 5985 6249
3 1 2 4991 5937
3 2
4 1 3 5003 5193 5741
4 1 3 5514 5805 6206
3 1 3 5034 5247 5988
3 1 3 5164 5592 6494
3 1 2 5546 7693
3 1 2 5609 5882
3 1 2 5645 5940
3 1 2 6208 6236
3 1 2 6225 7237
2 1 17 44 477 494 700 920 2837 3051 3437 3772 6050 6082 6157 6932 7161 7335 7481 7921
2 1 2 46 8700
2 1 27 56 2513 4657 4733 5110 5227 5441 5902 6060 6147 6319 6497 6607 6739 7111 7208 7210 7224 7225 7320 7383 7402 7408 7861 7984 9781 10077
2 2
3 1 74 73 396 567 867 897 958 1168 1512 1582 1851 1900 2316 2519 2561 3031 3070 3111 3368 3462 3529 3566 3961 4168 4187 4207 4385 4434 4441 4615 4868 4910 5073 5149 5187 5267 5289 5399 5491 5550 5659 5718 5724 5872 5968 6036 6122 6224 6244 6320 6363 6542 6549 6568 6846 6984 6996 7000 7011 7019 7417 7437 7723 7751 7820 7890 7934 7976 7979 8009 8068 8215 8269 8333 8369
3 1 2 7612 8212
2 5
3 1 30 75 132 168 572 1196 1457 2476 2828 2931 3112 3151 3188 3361 3401 3587 3829 4442 4685 4928 5181 5201 5216 5755 5891 6180 6383 6387 6405 8538 8694
3 2
4 1 2 3187 7676
4 1 4 3252 4882 5308 5342
3 1 2 4531 5779
3 2
4 1 4 4686 5941 6167 6460
4 1 2 4769 5608
3 1 2 7152 7511
2 1 2 78 7396
2 1 4 80 6308 7243 8821
2 1 52 86 95 175 781 786 1094 1238 1287 1898 2615 3395 3484 3629 3635 4274 4308 4415 4691 5062 5311 5472 5618 5797 5828 6179 6185 6234 6265 6510 6555 6755 6804 6900 7147 7194 7228 7262 7280 7295 7315 7464 7504 7603 7837 7838 7855 8266 8293 8453 9112 9757 9944
2 29
3 2
4 1 3 88 1614 6995
4 1 2 7008 7569
3 3
4 2
5 1 3 238 2720 3116
5 1 2 2946 5792
4 1 2 3840 5089
4 1 4 3966 5286 5932 6218
3 1 4 319 5162 5602 7193
3 1 6 398 4004 5080 5815 6603 6662
3 2
4 1 4 451 4162 5322 7002
4 2
5 1 3 1695 2822 4215
5 1 3 3642 5156 8158
3 3
4 1 3 542 4131 6149
4 1 6 791 3131 5739 5770 7065 7115
4 2
5 1 2 2795 6523
5 1 3 7073 7541 7775
3 1 2 805 8541
3 1 2 884 7507
3 3
4 1 2 1285 4564
4 1 4 3042 4470 5973 6956
4 1 2 6183 6708
3 1 6 1785 2469 6123 7390 7416 7588
3 1 3 2331 4645 5412
3 1 2 2819 6235
3 2
4 1 2 3022 5405
4 1 2 5678 6606
3 1 2 3321 4592
3 2
4 1 4 3670 4154 5275 6090
4 1 5 5155 6372 7821 7844 7852
3 1 2 3896 7575
3 1 3 4124 5820 5884
3 1 2 4667 5761
3 1 4 4791 6155 6673 6939
3 1 3 5310 5987 6665
3 1 8 5356 6255 6557 6643 6836 7009 7266 7732
3 1 2 5686 7350
3 1 3 5726 6692 7235
3 1 3 6053 6917 8342
3 1 2 6250 6254
3 1 3 6601 6896 7367
3 1 2 6811 6844
3 1 2 7142 7160
3 1 2 7177 7277
2 39
3 3
4 1 3 92 4504 5712
4 1 3 4776 5447 7196
4 1 3 5355 5877 8339
3 12
4 1 2 103 5911
4 1 3 579 6248 6381
4 1 2 2711 6396
4 1 5 3265 5426 5515 6458 6726
4 1 2 3739 5145
4 1 3 3939 6219 7186
4 1 2 4185 4188
4 1 2 4429 5562
4 1 4 4688 5106 5351 5704
4 1 3 4731 5551 8100
4 1 2 4881 6066
4 1 2 5773 6260
3 4
4 1 2 131 8058
4 2
5 1 2 4073 5819
5 1 2 5244 8039
4 1 4 4539 4583 5944 6511
4 1 2 5271 6119
3 2
4 1 3 188 5533 6385
4 1 4 3220 5687 6621 7480
3 3
4 1 2 266 6737
4 1 3 392 5093 6691
4 1 3 2886 3851 4537
3 1 5 331 3460 4142 4963 6423
3 1 8 393 3455 5643 6055 6386 7045 7071 7268
3 2
4 1 3 511 872 5465
4 1 2 5900 6465
3 3
4 2
5 1 2 583 7025
5 1 2 6251 6871
4 1 3 749 1841 6677
4 1 3 5307 5574 7017
3 2
4 1 3 606 6217 6331
4 1 3 5928 6498 6536
3 1 4 640 730 6317 7582
3 1 3 744 6103 6354
3 2
4 2
5 1 2 1026 5375
5 1 3 3025 5117 6952
4 1 6 4102 5298 6239 6860 6872 6922
3 2
4 1 5 1102 4085 4237 6728 6838
4 1 2 5208 5571
3 2
4 1 2 1791 4988
4 1 2 5555 6421
3 7
4 2
5 1 2 2180 6281
5 1 2 5707 5923
4 2
5 1 2 3249 5813
5 1 2 5626 5714
4 2
5 1 3 4412 4788 7425
5 1 2 5651 5794
4 1 3 5084 5439 5715
4 1 3 5363 6010 6562
4 1 3 5560 6120 7102
4 1 4 6404 6936 7877 9183
3 1 3 2761 5366 7947
3 6
4 1 3 3071 5137 5328
4 1 2 4944 6750
4 1 3 5622 5769 6493
4 1 3 5966 6388 6859
4 1 2 6379 7529
4 2
5 1 2 6597 6688
5 1 2 6700 6746
3 1 2 3315 5681
3 4
4 1 3 3386 6733 6976
4 1 2 4380 5341
4 1 4 4389 6426 6877 9738
4 1 2 5253 5617
3 3
4 1 2 3774 7026
4 1 2 4377 4419
4 1 3 5818 5954 7737
3 2
4 1 3 3856 6895 7015
4 1 2 4622 4782
3 1 2 3869 4721
3 3
4 1 4 3905 5983 6695 7473
4 1 2 4116 6046
4 1 3 4935 6425 7617
3 1 2 4449 6656
3 1 2 4746 5644
3 1 5 4869 5315 5503 6566 6629
3 1 2 4932 6339
3 1 2 5109 5400
3 1 5 5232 5786 6130 6370 6521
3 1 3 5282 6454 6544
3 1 2 5379 5652
3 1 3 5629 6762 6905
3 1 3 5660 5858 6061
3 1 2 5717 6671
3 1 2 6003 7506
3 1 2 6173 6283
3 1 4 6526 6679 6710 7553
3 1 2 6888 7041
2 9
3 2
4 1 2 100 2358
4 1 2 7847 8197
3 1 2 158 6272
3 1 2 670 4543
3 1 5 2508 6593 6930 7248 7505
3 1 2 2916 7140
3 1 3 4021 7490 7628
3 1 2 4161 8175
3 2
4 1 3 4525 4798 6966
4 1 2 6680 7056
3 1 2 6829 7944
2 2
3 1 54 105 136 254 259 296 671 721 845 1008 2301 2395 2517 2529 3382 3483 3790 3860 4402 4533 4833 5035 5372 5444 5480 5502 5520 5585 5669 5913 6232 6503 6730 6751 6861 6865 6925 7101 7258 7570 7580 7685 7692 7763 7781 7782 7785 7801 7870 7872 7927 7977 8008 8259 8320
3 1 3 6719 7132 7638
2 33
3 1 3 107 7414 7467
3 2
4 1 4 170 4793 6174 6500
4 1 3 5628 7706 8079
3 1 2 185 5845
3 1 2 211 6541
3 3
4 1 3 222 2472 4612
4 2
5 1 4 3971 6242 6300 6890
5 1 3 4785 5969 6116
4 1 3 4518 4570 5706
3 1 2 329 6883
3 1 5 391 1359 5851 6002 6342
3 1 2 461 6785
3 1 6 635 3592 3627 4930 6654 7029
3 1 5 847 1263 6214 6951 7138
3 2
4 1 2 1535 7995
4 1 3 4147 6758 8140
3 3
4 1 3 1644 6578 6803
4 1 2 3139 5732
4 1 4 3931 5802 5997 6150
3 1 2 1935 6832
3 1 5 2202 5479 6504 7792 7800
3 1 4 2402 5142 5595 6419
3 2
4 1 3 3222 5086 7094
4 1 2 4593 5423
3 4
4 2
5 1 4 3486 6486 6635 6717
5 1 2 6156 6353
4 1 2 3810 7765
4 1 3 4118 5489 7833
4 1 2 7579 7721
3 1 2 3531 8200
3 1 3 3900 6690 6735
3 1 5 4114 6297 6394 7100 7590
3 1 2 4887 6789
3 1 8 5382 6020 6367 6638 6992 7063 7133 7371
3 1 3 5581 5798 6374
3 1 2 5730 5887
3 1 2 5733 7960
3 1 2 5796 6645
3 1 2 5933 6581
3 2
4 1 3 6099 6416 6525
4 1 3 6743 6950 7114
3 1 2 6570 6938
3 1 2 6797 7118
3 1 2 6907 7531
3 1 4 6937 7061 7110 7191
3 1 2 7296 7889
2 6
3 1 55 134 156 269 354 1928 2680 2763 3090 3435 3768 3818 3846 4258 4513 4627 4799 5001 5302 5582 5599 5604 5697 5765 6078 6722 6889 7088 7317 7577 7738 7756 7770 7827 7831 7881 7899 7936 8020 8034 8077 8124 8129 8136 8144 8156 8179 8248 8255 8257 8279 8304 8307 8365 8462 8574
3 1 2 2131 7176
3 1 2 3175 5554
3 1 4 3412 5934 6689 7922
3 1 3 5122 5625 5635
3 1 2 6810 8289
2 1 3 154 426 7010
2 1 5 179 2057 3850 6560 6623
2 2
3 1 4 190 4763 6284 6468
3 1 2 6182 7239
2 4
3 2
4 1 2 196 658
4 1 4 5888 6641 7190 7430
3 1 5 403 1232 1335 4616 4677
3 1 3 3420 5371 8133
3 1 3 5632 5675 5723
2 2
3 1 3 226 2670 6989
3 1 3 1318 3957 7129
2 36
3 3
4 1 4 243 440 2449 7606
4 1 4 2627 4027 5485 6874
4 1 4 3666 5042 5748 5762
3 4
4 1 3 253 6199 6782
4 1 5 1840 5088 5680 6851 7169
4 1 4 6009 6395 6869 7046
4 1 2 7107 7205
3 1 3 260 5951 8251
3 5
4 1 3 275 7516 7898
4 1 4 801 1977 5228 5616
4 1 3 813 1277 5737
4 1 4 3565 3855 4524 5949
4 1 4 4918 5344 6636 7649
3 4
4 1 3 345 1237 7275
4 1 6 1481 1591 3499 4546 4886 5222
4 1 2 3604 4155
4 1 2 4285 4457
3 1 2 444 1418
3 4
4 1 5 486 5459 6455 6480 7387
4 1 3 887 5898 7854
4 1 6 5860 6165 6437 6479 6522 6763
4 1 2 6302 6586
3 4
4 2
5 1 2 553 7126
5 1 2 6057 7439
4 1 3 1955 6080 6200
4 1 3 6535 6868 6903
4 1 2 7216 7232
3 1 3 676 2852 3393
3 5
4 1 2 834 5287
4 2
5 1 2 2461 5326
5 1 2 3320 3879
4 1 2 2659 7410
4 1 2 2854 5274
4 1 2 6801 7305
3 2
4 1 7 982 4401 4480 4770 5357 5957 7411
4 1 2 4355 5910
3 6
4 1 2 1042 6567
4 1 4 1147 1815 4510 4547
4 1 3 1913 3861 6716
4 2
5 1 3 2452 4384 6086
5 1 2 6472 6495
4 1 2 2719 6697
4 1 2 4104 5688
3 3
4 1 7 1165 2771 4947 5004 5673 6345 7326
4 1 7 2527 2969 4259 4354 4390 5419 6410
4 1 2 5611 7382
3 7
4 2
5 1 4 1203 2372 6247 7283
5 1 2 6592 7145
4 1 3 1672 7774 7796
4 1 2 1842 6431
4 1 3 3916 6672 7349
4 2
5 1 4 5380 5713 6013 7064
5 1 2 6215 8661
4 1 2 6436 7222
4 1 2 6863 7509
3 5
4 1 4 1517 5890 6223 6417
4 1 4 2643 2686 3316 3347
4 1 2 2746 4471
4 1 2 3284 6440
4 1 6 4410 4804 4820 5639 6447 7220
3 1 4 1721 2232 4399 4724
3 1 10 1756 5452 5689 6434 6530 6539 6783 7040 7834 7882
3 1 7 2139 3255 4669 4676 5698 6001 6563
3 3
4 1 3 2216 6997 7568
4 1 5 3418 4807 6266 6714 7156
4 1 3 7187 7265 7483
3 4
4 2
5 1 3 2231 2990 5811
5 1 2 6904 7074
4 1 2 4778 6822
4 1 3 6438 7247 7281
4 1 2 6582 7252
3 3
4 1 2 2386 5989
4 1 2 4771 5981
4 1 3 4964 5443 7499
3 2
4 1 9 3068 4305 4566 4973 5406 5641 6065 7477 8716
4 1 2 6979 7711
3 3
4 1 3 3092 6577 8288
4 1 2 4431 7238
4 1 2 6415 7688
3 3
4 1 3 3248 6496 6647
4 1 4 3537 5990 6471 7859
4 1 3 6361 7353 8272
3 1 2 3276 6105
3 1 3 3380 7182 7558
3 1 2 3457 3468
3 1 3 3583 6484 6538
3 1 9 4507 6377 6414 6445 6452 6571 6745 9593 9936
3 1 2 4618 7159
3 1 2 5036 7263
3 1 3 5118 6705 7523
3 1 3 6485 6686 7542
3 1 4 7057 7342 7409 8833
3 1 3 7104 7344 7368
3 1 2 7348 7471
2 3
3 1 55 257 337 607 626 1083 1087 1225 2176 4372 4438 5061 5368 5377 5446 5464 5583 5593 5620 5843 6017 6023 6049 6063 6315 6378 6515 6615 6775 6856 6864 6920 7030 7069 7127 7520 7614 7648 7724 7733 7742 7810 7822 7825 7959 8166 8167 8168 8201 8393 8409 9274 9596 9604 9861 9972
3 1 3 492 7599 7815
3 1 4 1538 7254 7604 7802
2 3
3 1 12 263 4948 5329 5430 5532 5827 6793 7067 7181 7257 7298 7654
3 1 3 2116 6134 7403
3 1 2 7760 8018
2 26
3 2
4 1 2 298 4379
4 1 2 6550 6732
3 1 2 357 7463
3 1 4 540 726 4153 4474
3 1 9 562 4198 5008 5556 6432 6612 6940 6985 7163
3 2
4 1 3 564 1041 6524
4 1 2 2464 5032
3 1 2 649 1998
3 2
4 1 2 662 816
4 1 2 859 3148
3 1 3 675 6469 7551
3 2
4 1 3 714 7868 8117
4 1 3 2829 4968 6529
3 1 2 799 7945
3 1 3 967 6450 6857
3 1 3 2184 5929 7503
3 1 5 2218 2665 3171 6178 6670
3 1 8 2565 3322 3517 4742 5074 6661 6918 7201
3 2
4 1 2 3546 7550
4 1 2 6158 7175
3 1 2 3733 7165
3 1 2 3852 7062
3 1 5 4797 5841 5893 6330 7651
3 2
4 1 3 4998 7047 7901
4 1 2 7167 7440
3 1 3 5002 5544 5800
3 1 3 5572 5844 7099
3 1 2 5907 6955
3 2
4 1 3 5977 6655 6800
4 1 2 6442 7171
3 1 2 6337 6403
3 1 2 6558 6590
3 1 2 7321 8092
2 2
3 1 3 321 6427 7989
3 1 3 6749 6835 6875
2 1 5 351 2026 6280 6596 7264
2 4
3 1 20 407 4381 4790 5548 5747 6038 6184 6274 6501 6565 6657 6786 6818 7082 7119 7322 7341 7415 7788 7826
3 1 2 3528 7095
3 1 2 5434 7297
3 1 2 6553 7276
2 3
3 1 74 417 472 692 763 800 1004 1338 1634 1675 1732 1925 1966 2479 2488 2865 3207 3480 3551 3759 4165 4497 4708 4761 4952 5242 5391 5516 5578 5754 5995 6326 6675 6740 6779 7012 7036 7084 7087 7106 7113 7157 7245 7260 7267 7284 7336 7373 7447 7502 7586 7602 7605 7670 7671 7674 7687 7697 7909 7932 8027 8038 8060 8085 8097 8163 8237 8246 8265 8296 8419 8545 9012 9167 9918
3 1 3 428 6321 6324
3 1 2 669 5915
2 3
3 1 37 433 1642 1759 2092 2401 4382 5361 5488 6136 6222 6958 6967 6993 6999 7079 7081 7134 7174 7244 7347 7474 7557 7593 7807 7846 7871 7888 8107 8122 8127 8271 8286 8300 8335 8466 8467 8468
3 1 2 6772 6943
3 1 3 6819 6946 7452
2 5
3 1 3 442 543 6483
3 2
4 1 2 1387 4830
4 1 2 3190 5071
3 1 2 5468 8050
3 1 3 5483 5653 7241
3 1 4 6238 6947 8371 8633
2 1 2 454 7892
2 3
3 1 3 495 852 5812
3 1 52 1069 2551 3496 3579 3623 4378 4780 5309 5374 5752 5790 5795 5826 5831 5847 5948 5965 5979 6031 6137 6140 6191 6212 6226 6246 6264 6275 6277 6285 6291 6293 6301 6306 6384 6407 6420 6433 6508 6559 6624 6648 6652 6788 6813 6825 6845 6848 6854 6898 6908 6909 6912
3 1 2 6067 6488
2 2
3 1 2 575 7146
3 1 2 4922 5601
2 2
3 2
4 1 2 588 9740
4 1 2 1805 9622
3 1 2 1618 6978
2 1 2 592 7112
2 1 4 620 3773 6336 8562
2 3
3 1 3 625 4026 5522
3 1 2 719 1429
3 1 27 1173 1812 2285 2368 2841 3290 3953 4392 4501 4972 5191 5386 5450 5709 6059 6303 6446 6517 6528 6556 7077 7285 7457 7897 8151 8548 9044
2 2
3 1 33 632 1100 2630 3128 4262 4300 4319 4845 4880 4983 5112 5349 5772 5955 6092 6203 6392 6725 7453 7461 7527 7707 7773 7865 7910 7942 7961 7962 8086 8801 9367 9737 9882
3 1 3 3271 6188 7316
2 1 12 643 1687 6027 6448 6971 7413 7740 7783 7900 7935 8601 8664
2 1 2 647 8182
2 5
3 2
4 1 2 691 3328
4 1 2 3696 4553
3 2
4 1 4 698 3671 4743 5277
4 1 4 5565 5924 6834 7023
3 1 2 2887 7675
3 1 3 4783 6630 6841
3 1 3 5365 6227 7645
2 8
3 1 5 1058 3951 5904 6286 7728
3 2
4 1 2 2123 5703
4 1 2 5529 6721
3 2
4 1 3 3793 4893 7093
4 1 8 3952 5258 5763 5804 6042 7431 7672 8513
3 1 3 4985 6828 7661
3 1 4 5182 5740 6008 6154
3 1 2 5248 6159
3 1 2 5806 6109
3 1 3 5865 7149 7465
2 2
3 1 71 1128 1427 3269 3571 3982 4006 4117 4528 4619 4651 5099 5352 5518 6069 6192 6449 6610 6631 6676 6702 7032 7080 7116 7226 7230 7249 7255 7364 7384 7446 7449 7609 7637 7641 7669 7673 7698 7767 7769 7803 7811 7839 8006 8037 8040 8099 8109 8114 8128 8131 8159 8183 8285 8313 8332 8341 8374 8388 8406 8447 8454 8737 8820 8848 8868 8869 8870 8874 8900 9409 9410
3 1 2 6313 7199
2 3
3 1 19 1132 3374 4205 4404 5312 5735 6727 6975 7054 7809 7829 7864 7869 7876 7879 7946 8181 8254 8260
3 1 2 3672 7794
3 1 2 5224 7192
2 1 7 1301 4839 5105 5646 5991 6171 6833
2 1 3 1513 2683 6166
2 1 5 1729 6585 6767 6840 7856
2 2
3 1 3 1762 6944 7643
3 1 29 2212 4464 5484 5873 6072 6076 6131 6168 6196 6240 6328 6329 6338 6376 6506 6658 6694 6878 7043 7136 7259 7343 7445 7533 7535 7598 7758 8096 8188
2 2
3 1 2 1858 6924
3 1 4 5225 7048 7183 7678
2 1 3 2047 3945 4772
2 1 2 2196 7089
2 1 3 3034 3433 4878
2 3
3 1 3 3066 6619 7287
3 1 2 3601 3633
3 1 13 4144 4443 4482 5094 5095 5600 5821 6649 6921 7052 7261 7329 7451
2 1 2 3305 4851
2 1 2 3434 7438
2 2
3 1 8 3795 6125 6333 7472 7479 7696 7812 7998
3 1 2 6988 7049
2 1 2 3984 7307
2 3
3 1 3 4047 6101 6127
3 1 4 4703 4714 6100 7031
3 1 3 5808 6220 7747
2 6
3 1 2 4071 5838
3 1 2 4905 7083
3 1 6 4923 5511 6018 6040 6113 6375
3 2
4 1 2 4954 6926
4 1 2 7422 8297
3 1 3 5174 7327 8278
3 1 2 5437 8557
2 2
3 1 2 4160 6257
3 1 2 4625 5467
2 2
3 1 2 4214 8232
3 1 3 5200 5671 6780
2 2
3 1 3 4365 4898 6373
3 1 2 6576 6738
2 1 3 4515 7300 8322
2 1 4 4687 5729 5895 5952
2 1 2 4828 6143
2 1 3 5215 5421 5674
2 3
3 1 3 5270 6929 6948
3 1 2 5879 6873
3 1 2 6360 8338
2 1 4 5285 5561 6598 6986
2 1 2 5383 6118
2 2
3 1 4 5588 6784 8065 8350
3 1 2 6318 7722
2 2
3 1 2 6084 6614
3 1 2 6653 7293
2 1 2 6457 6805
2 1 2 6561 9164
2 1 2 6583 7381
2 2
3 1 2 6646 6699
3 1 3 6696 7686 8222
2 1 2 6674 7704
2 1 3 6693 6911 7883
2 2
3 1 3 6764 6953 7444
3 1 4 7454 7508 8851 9195
2 1 2 6826 7037
2 1 2 7034 7418
2 1 2 7185 7830
2 1 3 7306 8267 8352
2 1 2 7339 7360
1 13
2 1 4 12 1610 4764 7154
2 1 8 43 2154 2282 3938 5497 7918 8969 9581
2 1 6 50 183 3552 5725 7370 7433
2 3
3 1 2 574 3737
3 1 2 765 8423
3 1 3 1867 3950 4808
2 4
3 1 2 582 3371
3 1 2 1015 2346
3 1 3 1833 4191 5487
3 1 2 2573 3037
2 1 5 717 3594 6035 7589 7858
2 2
3 1 2 919 5338
3 1 8 1797 1914 2977 3377 3746 4014 5300 6047
2 2
3 1 2 1751 3518
3 1 2 2341 9268
2 2
3 1 6 2750 2899 4718 5757 7250 7313
3 1 2 3844 5273
2 1 5 2961 7620 7622 8005 8046
2 2
3 1 3 7150 7587 8081
3 1 2 9024 9461
2 1 2 7843 8569
2 1 3 7851 7914 8249
1 38
2 1 3 37 8743 9719
2 8
3 2
4 1 3 93 8385 8705
4 1 2 6960 8344
3 2
4 1 2 596 10170
4 1 3 3478 5540 9659
3 3
4 1 2 2164 3114
4 1 3 4601 8515 8613
4 1 2 5636 9114
3 1 4 2434 2903 7702 8805
3 1 3 4330 6591 9118
3 1 2 6787 7091
3 2
4 2
5 1 3 7179 8132 9628
5 1 2 7860 8651
4 1 4 8846 9394 9759 9779
3 1 4 8525 8635 9572 9831
2 3
3 1 88 111 176 545 755 821 908 1022 1039 1187 1931 2007 2118 2223 2491 2869 2917 2992 3467 4133 4179 4257 4478 5119 5417 5537 5896 6135 6263 6774 7050 7256 7288 7324 7363 7395 7405 7435 7460 7468 7492 7510 7513 7555 7677 7746 7754 7772 7957 8084 8162 8220 8408 8464 8502 8507 8566 8617 8673 8679 8748 8810 8829 8879 8896 8976 9000 9027 9080 9085 9252 9267 9270 9276 9281 9316 9331 9393 9414 9543 9592 9598 9686 9760 9787 10051 10159 10188 10217
3 2
4 1 3 2109 6258 6724
4 1 2 6444 8045
3 1 2 7366 8196
2 4
3 2
4 1 2 126 3266
4 1 2 838 7621
3 1 4 2597 4906 6816 7546
3 2
4 1 3 3532 8101 8184
4 1 3 5857 5956 6540
3 1 2 4572 6289
2 3
3 2
4 1 2 256 368
4 1 3 3620 4065 8742
3 1 2 1031 2053
3 2
4 1 3 4194 6769 8959
4 1 3 6666 8554 8710
2 2
3 1 30 292 2235 6352 8277 8807 8841 8859 8866 8875 8906 9095 9176 9189 9200 9213 9222 9228 9243 9249 9250 9261 9330 9364 9445 9513 9523 9553 9615 9741 9742
3 1 2 9218 9362
2 1 2 408 3404
2 6
3 1 4 420 6216 6463 6969
3 2
4 1 2 478 5033
4 1 3 2851 7695 8123
3 1 3 2275 7777 8496
3 1 3 4446 4485 6201
3 2
4 1 2 5970 6849
4 1 2 8241 8244
3 1 2 5980 6051
2 2
3 1 4 598 3364 4394 4684
3 1 3 2432 3392 4125
2 2
3 1 12 599 746 4671 5348 5354 7419 7818 7956 7967 7969 8198 8474
3 1 8 1532 1986 2236 2296 2986 3516 3989 4193
2 2
3 1 18 612 1095 1834 2025 2572 2948 3076 3813 4915 5304 5385 5517 5549 5570 5894 6729 6809 6867
3 1 2 4109 10261
2 1 3 808 2634 7085
2 1 5 809 1106 3732 4453 4468
2 2
3 1 3 823 3277 4556
3 1 2 4228 5837
2 2
3 1 17 848 946 1027 1662 2029 2044 2172 2599 2690 2803 3760 4304 4775 5116 5591 5905 7351
3 1 2 6006 7718
2 1 16 1032 1866 1922 5340 5999 6252 6509 6771 7572 8036 8173 8624 8794 9422 9571 9836
2 1 5 1045 1771 2691 2816 3688
2 1 4 1138 9467 10065 10241
2 1 3 2014 2925 10059
2 2
3 1 7 2066 3009 6091 8839 8928 9640 9689
3 1 2 2140 8776
2 1 2 2136 3881
2 1 5 2215 3477 4345 5521 5650
2 3
3 1 4 2363 5324 5861 6074
3 1 3 3581 5027 8130
3 1 3 4787 5256 8660
2 2
3 1 2 2582 5781
3 1 2 2696 5131
2 1 2 2730 7478
2 1 2 3363 6502
2 2
3 1 4 3630 4536 4899 5294
3 1 5 3714 4545 5610 5619 7615
2 1 6 3679 4739 5133 5976 6164 7125
2 1 4 3808 5048 5470 5719
2 1 6 4135 4166 4876 5220 6209 8283
2 1 2 4421 8001
2 1 5 4672 5710 6152 6770 7458
2 1 2 4768 10240
2 1 2 5314 7377
2 3
3 1 2 5642 6886
3 1 2 6397 8970
3 1 2 7715 8033
2 2
3 1 4 6358 7213 8000 8391
3 1 2 6608 7004
2 1 3 9168 10195 10209
2 1 2 9854 10277
1 17
2 4
3 1 4 60 128 5598 7515
3 1 4 1744 3235 6759 9877
3 1 3 4318 8888 10166
3 1 3 5607 5738 9830
2 1 7 63 371 2867 3023 3822 4502 6668
2 2
3 1 4 143 2085 2293 9909
3 1 2 2163 5063
2 5
3 1 5 194 1121 1124 1145 4048
3 1 4 875 991 1502 3397
3 1 2 1877 6348
3 1 3 2459 5146 6794
3 1 5 6667 8659 9058 9302 9661
2 4
3 2
4 1 4 244 2832 3236 3797
4 2
5 1 2 924 2723
5 1 3 2914 4115 5331
3 2
4 1 3 416 481 5217
4 1 2 865 4336
3 1 4 2559 2784 5026 6882
3 1 5 3057 3087 3978 4312 4840
2 3
3 1 4 504 4852 9711 9744
3 1 3 797 4062 5793
3 1 3 4005 4755 5960
2 1 2 602 7656
2 1 7 680 851 1090 1425 2192 3823 5408
2 3
3 1 2 899 3802
3 1 3 1435 2801 7708
3 1 3 2747 9923 10039
2 2
3 1 6 1126 2423 4526 6334 8605 9447
3 1 2 5021 5751
2 5
3 1 4 1901 3402 7887 8071
3 1 2 3259 4413
3 1 3 4727 5280 8176
3 1 3 7086 8003 9580
3 1 2 8334 8435
2 3
3 1 2 2676 4203
3 1 2 3682 7658
3 1 2 4044 4202
2 2
3 1 3 3170 4353 6052
3 1 2 3193 5013
2 2
3 1 3 3726 6626 9528
3 1 2 9342 9635
2 2
3 1 4 3894 4749 5947 9876
3 1 2 4350 6094
2 1 2 4652 6482
2 1 2 6459 6698
1 19
2 2
3 1 5 68 268 942 2628 8137
3 1 3 195 864 3238
2 4
3 2
4 1 2 271 6933
4 1 3 459 2734 4903
3 1 2 1080 3873
3 1 2 3932 3944
3 1 2 4040 4063
2 2
3 1 4 316 2689 5393 7567
3 1 3 716 1306 7592
2 1 2 349 3834
2 2
3 1 2 410 5251
3 1 3 3776 7240 8530
2 1 3 548 5943 6830
2 1 5 641 3748 6796 7042 7885
2 1 4 750 1444 4591 5892
2 1 4 915 1294 3436 3824
2 2
3 1 2 956 2702
3 1 3 1298 1863 2200
2 4
3 1 2 1036 4710
3 1 7 2332 3260 4849 5745 7793 8414 8681
3 1 5 3864 7323 7547 7554 10064
3 1 2 8004 8330
2 2
3 1 2 1085 4032
3 1 2 2825 4103
2 1 2 1149 8023
2 2
3 1 2 1719 4472
3 1 3 2591 3196 3779
2 1 4 2023 5682 7823 9456
2 1 4 2080 2444 6398 7184
2 1 5 2984 3403 3998 4873 6400
2 1 3 3414 7246 9812
2 1 2 8511 8779
1 1 3 120 3504 5097
1 1 10 186 2462 4201 5971 6364 6470 7953 9132 9476 9885
1 2
2 1 4 388 506 624 8310
2 1 2 844 937
1 1 2 402 3933
1 4
2 1 5 427 3757 3887 5389 5418
2 1 3 901 6142 7039
2 2
3 1 4 2498 3640 4481 4486
3 1 3 5961 6399 8622
2 1 2 3655 9335
1 1 16 679 973 1250 2330 3135 3929 3940 4854 5058 5135 5807 6048 6422 7312 9307 9966
1 2
2 1 9 737 1345 1381 1859 1948 3323 4463 5415 6579
2 1 2 1691 4624
1 1 13 874 2019 3274 3809 4811 5059 5758 5787 6085 6197 6341 6588 8582
1 1 2 1051 6368
1 1 2 2379 10279
1 1 3 2385 5081 5867
1 2
2 2
3 1 2 2405 6083
3 1 2 8049 9133
2 1 3 6718 8348 10197
1 2
2 1 2 4779 6441
2 1 2 8881 8990
1 1 2 6145 6380
1 1 2 9579 9597
