0 18
1 77
2 18
3 3
4 2
5 1 4 0 3939 6429 6955
5 1 3 2819 3351 4927
4 2
5 1 3 2057 5428 6458
5 1 3 6066 6276 6279
4 1 2 3594 5284
3 5
4 1 2 6 7636
4 1 3 579 5911 6248
4 2
5 1 2 1081 6469
5 1 2 4429 5562
4 2
5 1 2 2940 5145
5 1 2 5555 6120
4 2
5 1 2 4412 4988
5 1 3 4788 5794 7178
3 5
4 1 5 222 963 5651 6936 7425
4 2
5 1 2 640 5631
5 1 2 4073 4430
4 2
5 1 4 2155 6174 7893 8656
5 1 2 5660 5858
4 2
5 1 3 3550 5665 6511
5 1 3 5244 5563 5645
4 2
5 1 2 5190 5940
5 1 4 5363 5707 5923 6395
3 4
4 1 6 314 5084 5439 5626 6404 6562
4 2
5 1 2 555 6505
5 1 2 749 7126
4 1 2 1150 5369
4 1 2 5721 5813
3 2
4 1 3 392 4693 5093
4 1 3 2906 5319 6375
3 2
4 2
5 1 3 511 872 6336
5 1 2 3773 8562
4 1 4 6294 6379 7979 10115
3 1 5 1046 1411 1938 7667 7885
3 1 3 2180 6281 7936
3 3
4 1 2 3139 4881
4 1 2 5091 5839
4 1 2 5973 6465
3 2
4 1 3 3265 5426 6726
4 1 4 6219 6421 6659 6679
3 1 4 4038 5307 5574 7017
3 4
4 1 2 4230 5788
4 1 2 5203 6042
4 1 3 5317 6009 6390
4 1 2 5622 6493
3 3
4 1 4 4470 6217 6331 6526
4 2
5 1 2 4944 8278
5 1 2 4987 5465
4 1 4 5769 5966 6536 6859
3 1 3 4531 4779 6441
3 2
4 1 3 5162 5928 6498
4 1 2 5730 6789
3 1 2 5270 6948
3 1 2 5495 6691
3 1 5 5687 6041 6260 6589 6621
2 2
3 1 19 1 344 1561 2158 4338 5298 5403 5719 6244 6283 6500 6560 6693 6725 6738 6797 6872 6984 7112
3 1 2 1182 7500
2 2
3 1 2 32 3965
3 1 12 1083 2591 3626 4681 4933 5376 5415 5590 5657 5763 5791 5798
2 3
3 1 12 34 3312 3613 3678 4782 5126 5318 5477 5545 5740 5873 6208
3 1 2 5122 5625
3 1 2 5840 6269
2 28
3 2
4 1 4 39 5020 5226 5870
4 1 3 754 879 6158
3 1 5 121 4024 4766 5142 6970
3 1 2 142 6622
3 5
4 1 2 166 5193
4 1 5 564 5926 7474 7476 10041
4 1 3 4747 5246 5937
4 1 3 4991 5257 5741
4 1 4 5158 5295 5296 5332
3 2
4 1 2 274 4422
4 1 4 4479 4815 5592 6516
3 2
4 1 5 276 724 3060 3424 6766
4 2
5 1 3 4214 4814 6043
5 1 2 5878 6473
3 4
4 1 4 294 651 1690 5865
4 1 4 357 4637 4847 5572
4 1 3 4827 4967 5214
4 1 3 5209 5624 6021
3 3
4 2
5 1 3 457 2745 5633
5 1 2 609 5422
4 2
5 1 2 923 5189
5 1 2 5163 5606
4 1 3 3295 4023 5501
3 2
4 1 4 474 3650 5685 5825
4 1 2 3536 3648
3 2
4 2
5 1 2 583 5906
5 1 2 4466 5198
4 1 3 1218 3086 5301
3 2
4 1 2 676 4535
4 1 5 3805 4438 4948 5927 6521
3 1 3 805 5595 5602
3 1 3 1513 2683 3868
3 5
4 1 2 1841 4503
4 1 3 3172 5458 5594
4 1 5 3321 5003 5137 5767 5850
4 1 4 3800 4212 4359 4455
4 1 3 5447 5656 5706
3 4
4 1 2 2858 3906
4 2
5 1 2 4832 5547
5 1 2 5183 5474
4 1 5 5018 5062 5150 6056 6161
4 2
5 1 2 5069 5514
5 1 2 5293 5623
3 2
4 1 3 2918 4306 5684
4 1 3 3280 4159 5454
3 1 3 3500 3740 5552
3 2
4 1 3 3636 3670 7024
4 2
5 1 2 5248 6159
5 1 2 6669 8160
3 2
4 1 2 3745 8267
4 1 5 5548 5967 6370 6555 7330
3 3
4 1 2 3884 5553
4 1 3 4645 5034 5412
4 1 2 5612 5988
3 1 2 3981 6064
3 2
4 1 2 4031 4891
4 1 2 4970 5384
3 2
4 1 2 4054 4660
4 1 3 5328 6030 6113
3 2
4 1 2 4218 4924
4 1 2 5395 6537
3 1 5 4689 5121 5239 5368 5576
3 3
4 1 2 4737 4962
4 1 4 5258 5282 7121 7558
4 1 2 5320 6025
3 2
4 1 3 5178 5321 5830
4 1 2 5546 5856
3 3
4 1 3 5266 5271 5409
4 1 2 5335 5392
4 1 2 5799 5849
2 3
3 1 14 44 700 1144 2642 3051 3437 3549 3772 5118 6050 6157 6932 7481 7921
3 1 2 1691 4624
3 1 2 3850 5900
2 2
3 1 30 75 132 168 1196 1374 1457 2038 2931 3112 3151 3188 3252 3361 3392 3401 3829 4166 4677 4928 5181 5201 5216 5429 5750 6383 6387 6539 7457 8446 8694
3 1 2 5117 6671
2 26
3 2
4 2
5 1 2 92 5712
5 1 2 4504 5993
4 1 4 4776 5355 5877 8339
3 2
4 1 4 131 5944 6119 6367
4 1 3 4539 4583 4786
3 2
4 1 2 286 4537
4 1 4 3851 3935 5838 6603
3 1 5 316 393 5968 6036 7071
3 1 4 475 4878 5247 5481
3 2
4 1 2 499 4344
4 1 2 4721 5147
3 2
4 1 5 540 2619 2761 2829 4153
4 1 4 3071 3776 5251 5471
3 1 3 669 6976 7015
3 1 6 778 1571 1583 3704 4380 5503
3 1 4 1199 3290 3657 4190
3 1 3 1216 4449 6656
3 1 2 2100 3067
3 1 2 2177 4377
3 1 4 2294 3739 4248 7192
3 1 4 2730 3856 5936 7478
3 3
4 1 2 3758 5420
4 1 2 4270 4956
4 1 3 4555 5414 5538
3 1 5 3992 4605 4683 5232 5283
3 3
4 1 2 4162 4445
4 1 4 4869 5231 5339 5366
4 1 2 5315 5542
3 1 3 4419 5044 6878
3 1 4 4848 5047 5071 5379
3 1 2 5490 5515
3 1 2 5535 5852
3 1 2 5646 6014
3 1 4 5715 5818 5954 7737
3 1 3 6888 7041 7343
3 1 2 7063 8058
2 6
3 2
4 1 4 98 3940 6227 7675
4 1 2 251 1811
3 1 2 266 604
3 2
4 1 5 560 753 2790 3735 4783
4 2
5 1 2 3217 4858
5 1 2 3328 6630
3 1 7 973 3929 5058 5135 5807 9307 9966
3 1 6 3006 3671 4743 5277 5565 6010
3 1 5 3696 5365 5924 6290 6834
2 2
3 1 4 100 5285 6598 6986
3 1 2 6053 6939
2 7
3 1 3 103 2547 5717
3 2
4 1 3 185 1791 2971
4 1 3 2682 6371 6405
3 1 8 320 1762 3121 4260 4273 4873 6118 6788
3 1 9 1520 2019 3220 5059 5758 5787 6085 6197 6341
3 1 2 1934 2926
3 1 5 2349 2542 3007 5325 6321
3 1 3 2991 5819 6363
2 2
3 1 3 154 426 7010
3 1 2 808 4402
2 3
3 1 4 158 670 6680 7056
3 1 3 3444 3639 5276
3 1 3 4540 4798 6966
2 4
3 1 42 179 629 1069 3455 3579 4415 4691 4780 5752 5795 5797 5805 5812 5826 5847 5868 5964 5965 6031 6055 6132 6140 6144 6165 6234 6264 6275 6285 6293 6301 6328 6329 6364 6384 6392 6407 6433 6517 6559 6750 6818 7046
3 1 3 1335 5733 6677
3 1 2 3471 6432
3 1 2 4703 6361
2 1 5 190 4763 5101 6284 6468
2 1 7 195 4845 5507 5897 6508 6937 7191
2 2
3 2
4 1 2 207 4785
4 1 2 6002 6274
3 1 2 1214 6758
2 19
3 1 3 211 4151 6541
3 2
4 1 3 298 1695 4215
4 1 5 2621 4629 5446 6262 6961
3 2
4 1 3 309 4518 5969
4 1 3 5569 5854 5887
3 1 3 324 5959 6778
3 3
4 1 2 398 5815
4 1 4 3966 5286 5932 6218
4 1 2 4071 6090
3 1 3 592 3025 6877
3 1 2 1092 6456
3 1 2 2711 6860
3 1 3 3022 4388 5405
3 1 5 4047 4990 5864 5907 6224
3 1 3 4295 4515 6155
3 3
4 1 3 4313 6409 6700
4 1 3 5533 6385 6688
4 1 2 6697 6746
3 1 2 5253 6648
3 1 2 6139 6690
3 1 2 6251 6871
3 1 2 6337 6502
3 1 3 6388 6501 6835
3 1 2 6396 6782
3 1 2 6629 6895
2 2
3 1 4 238 2720 6420 7083
3 1 2 6335 9416
2 1 3 253 5215 5421
2 2
3 1 2 269 4731
3 1 12 5177 5356 5518 5678 5782 6643 6737 6855 6861 7009 7732 7882
2 13
3 1 10 280 2306 4134 5560 5974 6163 6268 6288 6345 6366
3 1 9 433 1743 4668 5391 5530 5728 5796 6187 8567
3 1 3 2551 4246 5742
3 1 3 3244 5786 5842
3 1 2 4185 4491
3 1 3 4216 5037 5800
3 1 3 4863 5668 5829
3 1 2 5188 6037
3 1 2 5208 5571
3 1 2 5373 6152
3 1 2 5648 5658
3 1 2 5773 6011
3 1 2 6062 6111
2 3
3 1 11 310 484 3376 3971 5004 5423 5629 5760 6242 6660 6890
3 1 2 1100 4805
3 1 3 6322 6323 6706
2 8
3 2
4 1 2 329 6457
4 1 2 5779 6805
3 1 19 1993 2316 3111 4300 4319 4983 5060 5349 5955 6593 7196 7942 7961 8009 8011 8987 9367 9861 9882
3 1 2 2314 6838
3 2
4 1 2 3793 4893
4 1 2 5709 5714
3 1 3 4160 5671 6257
3 1 2 4664 6612
3 1 2 4985 7661
3 1 2 6295 6957
2 2
3 1 5 351 4066 4168 6214 7138
3 1 2 847 6670
2 2
3 1 2 363 6280
3 1 3 2026 6596 7264
2 2
3 1 2 391 6342
3 1 2 1359 6272
2 1 2 402 3933
2 1 2 428 6736
2 3
3 1 2 451 3895
3 1 4 3416 4014 5432 6869
3 1 3 5511 5820 5884
2 1 2 479 5014
2 2
3 1 48 566 680 688 939 1034 1168 1338 2221 2989 3165 3336 3462 3543 3573 3691 3847 3970 4194 4385 4441 4493 4625 4655 4728 4838 5040 5144 5157 5210 5233 5438 5744 5756 5804 6022 6184 6311 6518 6998 7119 7180 7268 7451 7817 8103 8145 8610 8801
3 1 2 3300 5679
2 1 6 632 1102 4085 4237 4317 7055
2 1 27 658 1812 2285 2368 2548 2841 3595 4282 4305 4392 4501 5008 5089 5173 5191 5280 5386 5522 5681 6059 6303 6319 6578 6617 6845 7977 9044
2 5
3 1 6 958 3318 4187 5259 5746 5790
3 1 2 2396 4309
3 2
4 1 2 3178 5260
4 1 3 5109 5400 9382
3 1 2 4968 5644
3 2
4 1 2 4997 5434
4 1 2 6138 6581
2 1 12 967 3131 4082 4842 5359 5388 5891 6032 6192 6240 6710 7235
2 1 7 1301 3190 4607 4839 5105 5991 6171
2 1 2 1677 5584
2 1 2 1728 6305
2 1 4 1768 4463 5670 8548
2 1 12 1840 3344 4378 5088 5095 5374 5517 5680 6212 6813 7585 7693
2 2
3 1 3 1846 3690 5777
3 1 3 4226 5772 7491
2 4
3 1 4 1900 2472 4262 4612
3 1 3 2116 6134 7403
3 1 3 5806 6109 6116
3 1 2 6067 6488
2 1 2 1911 3702
2 1 2 2123 5703
2 6
3 1 2 2405 3141
3 1 2 4116 5983
3 2
4 1 2 4686 6425
4 1 3 5941 6460 6951
3 2
4 1 4 4769 5090 5608 6167
4 1 2 5588 6784
3 2
4 1 3 5468 7241 8050
4 1 3 5483 6238 6318
3 1 2 6046 6450
2 1 5 2464 5032 5506 5802 6446
2 1 14 2552 2828 2901 4164 4791 4836 5039 5556 5570 5846 5948 6073 6206 7637
2 1 10 2625 4865 4965 5308 5524 5561 5872 5920 5958 6249
2 2
3 1 3 2735 5879 6360
3 1 4 2822 5225 7048 7678
2 2
3 1 10 2865 3731 4608 4688 5106 5351 5620 5704 6239 6254
3 1 2 4738 5881
2 1 2 3305 4851
2 1 4 3428 5862 6211 6339
2 1 2 3434 7438
2 3
3 1 13 3460 4880 4963 5407 5451 5686 5771 6040 6213 6291 6386 6423 6652
3 1 2 4497 4592
3 1 2 6326 6586
2 1 3 3658 5221 6245
2 2
3 1 3 3716 5396 8727
3 1 2 4401 5504
2 2
3 1 15 3795 4793 4935 5021 5436 5637 6125 6333 6400 6579 7237 7281 7472 7479 7998
3 1 2 5154 5378
2 1 4 3905 3945 4772 5452
2 1 4 4188 5045 5729 6929
2 1 2 4376 5382
2 1 3 4442 5275 6233
2 1 4 4454 5309 5609 5882
2 2
3 1 28 4464 5484 5859 6072 6076 6126 6131 6168 6191 6196 6277 6300 6306 6308 6309 6338 6376 6381 6506 6568 6624 6694 6908 7045 7209 7598 8096 8188
3 1 2 6696 6733
2 1 4 4476 4972 6695 7473
2 1 2 4553 5732
2 1 2 4923 4937
2 1 2 5092 5611
2 1 3 5164 6646 6699
2 1 2 5174 7327
2 1 5 5305 6092 6597 6744 6755
2 1 2 5539 8349
2 1 2 5551 7877
2 1 2 5808 6220
2 1 2 5987 7423
2 1 2 6016 6203
2 1 2 7612 8212
1 44
2 37
3 14
4 2
5 1 2 2 4121
5 1 2 1254 3979
4 1 4 55 2838 4064 4206
4 2
5 1 4 215 3559 3883 4424
5 1 3 949 3084 4007
4 1 3 409 2908 3713
4 1 5 682 1164 2579 3011 4860
4 1 3 2160 3762 4420
4 1 2 2222 3243
4 3
5 2
6 1 2 2339 4158
6 1 2 2778 4698
5 1 3 3324 3911 4850
5 2
6 1 2 3452 3600
6 1 3 3667 3777 4690
4 1 2 2408 3201
4 3
5 2
6 1 3 2786 4081 4955
6 1 3 2830 5029 5104
5 1 2 4348 4450
5 1 2 4460 5024
4 1 2 3441 4253
4 1 3 3628 3962 3967
4 1 2 3807 4192
4 2
5 1 3 4152 4427 4649
5 1 2 4509 4951
3 1 3 20 4213 4498
3 23
4 1 4 27 1555 2847 4946
4 2
5 1 3 33 2497 4993
5 1 4 59 2785 4574 4823
4 2
5 1 4 42 462 3203 4139
5 1 3 287 1827 4512
4 4
5 1 3 429 877 953
5 1 2 1488 4143
5 1 2 1493 4773
5 1 3 3390 3728 4560
4 1 4 432 605 1780 3228
4 2
5 1 5 530 4010 4636 4907 4984
5 1 2 4995 5241
4 1 6 535 1116 3267 3712 4324 4561
4 1 2 663 3231
4 1 4 911 5249 6916 7526
4 2
5 1 4 1093 4639 5055 5345
5 1 5 3388 4013 4757 4870 4931
4 1 4 1568 2122 3490 5230
4 1 4 2305 5473 5476 5699
4 1 2 2494 4055
4 1 3 2620 2900 4699
4 3
5 1 2 2736 4862
5 1 2 4094 4302
5 1 3 4444 4447 4465
4 2
5 1 2 3136 5079
5 1 2 4238 4892
4 1 2 3456 4694
4 1 8 3525 3612 3969 4001 4120 4132 4195 8636
4 1 2 3959 4750
4 1 2 4077 4986
4 1 2 4659 4767
4 1 2 4806 5125
4 1 2 4825 5025
3 2
4 1 6 48 2919 2951 3278 3409 4264
4 1 2 4097 4953
3 13
4 1 5 65 1037 3975 4146 4580
4 1 4 106 2831 4477 4522
4 1 4 151 424 1895 5067
4 2
5 1 2 317 4961
5 1 2 2084 2410
4 2
5 1 2 577 5065
5 1 3 3812 4255 4653
4 1 2 653 1189
4 3
5 1 2 901 994
5 1 2 997 3568
5 1 2 3072 4169
4 2
5 1 3 1521 2598 3028
5 1 3 2413 3756 4141
4 2
5 1 2 1554 3757
5 1 2 3640 4486
4 1 2 2406 3502
4 1 3 2460 4756 4994
4 2
5 1 2 3182 5362
5 1 2 3461 4437
4 1 2 3754 4367
3 7
4 2
5 1 4 67 1064 4199 4294
5 1 3 2511 3209 4341
4 1 2 204 4204
4 1 3 1417 4037 4060
4 1 2 1657 4634
4 2
5 1 6 1891 1949 4371 4403 5120 5186
5 1 2 2932 3314
4 1 2 3454 4407
4 1 2 4541 5072
3 13
4 1 5 70 300 3154 3400 4339
4 3
5 1 3 145 950 4175
5 1 4 341 1289 3082 4316
5 1 2 476 5871
4 1 5 308 1113 1730 2726 4326
4 2
5 1 2 453 3239
5 1 2 636 5493
4 1 3 674 2697 4224
4 1 3 815 995 4552
4 1 2 2412 3029
4 2
5 1 2 2478 3562
5 1 2 3339 4795
4 2
5 1 3 2515 3886 4087
5 1 2 4173 4183
4 2
5 1 3 2613 3561 3904
5 1 2 3385 4716
4 1 4 2792 3512 3888 4606
4 1 2 3189 3585
4 2
5 1 3 3413 3917 4186
5 1 4 4110 4113 4299 4360
3 16
4 4
5 1 2 83 1193
5 1 4 127 2344 4079 4239
5 1 2 3909 4325
5 1 2 3922 4736
4 3
5 1 3 203 425 3885
5 1 2 389 3974
5 1 4 1346 2411 4002 4702
4 1 9 240 1002 2709 2970 3765 4340 4490 4800 8336
4 2
5 1 5 254 3616 4333 4489 4799
5 1 4 3281 3668 3687 4674
4 1 2 285 1630
4 4
5 1 2 559 4568
5 2
6 1 2 858 4150
6 1 2 3396 5278
5 2
6 1 3 2868 3769 4315
6 1 2 3048 3337
5 1 3 3102 3673 3681
4 3
5 1 2 910 5229
5 1 2 2484 2773
5 1 2 3605 4867
4 1 4 1299 1509 2624 3958
4 3
5 1 3 1394 3701 4559
5 1 3 1454 3878 4370
5 1 3 3282 3622 4720
4 1 4 2149 2808 3432 4696
4 2
5 1 2 2195 2656
5 1 3 2525 3738 3871
4 3
5 2
6 1 2 2576 4505
6 1 2 4888 5168
5 2
6 1 3 3893 4256 4414
6 1 2 4433 4495
5 1 3 4320 4364 4589
4 1 2 3109 4697
4 1 2 4473 4813
4 2
5 1 2 4499 4596
5 1 2 4824 4942
4 1 2 4551 4735
3 2
4 1 4 85 756 2015 4156
4 2
5 1 2 1926 2953
5 1 3 2397 3680 4182
3 1 3 113 828 4042
3 2
4 1 2 125 3625
4 1 2 4091 4542
3 10
4 3
5 1 3 153 927 3699
5 1 2 3875 4261
5 1 2 4030 4506
4 2
5 1 2 590 4602
5 1 3 1361 3523 4646
4 1 5 1171 2165 2617 3977 4571
4 1 2 2099 3948
4 1 3 2766 3459 4565
4 2
5 1 2 2789 3130
5 1 2 4310 5461
4 1 2 2923 3168
4 2
5 1 2 3140 4789
5 1 3 4328 4349 4710
4 1 3 3204 4400 4831
4 1 3 3519 3677 5566
3 1 8 161 1097 3599 3907 4329 4859 5012 5764
3 2
4 1 4 199 1536 3250 3268
4 1 2 3126 3524
3 3
4 1 2 225 3597
4 1 5 1510 1987 2872 5005 5019
4 1 3 3652 4276 4500
3 1 4 340 348 2115 2570
3 2
4 1 8 361 364 488 2486 3482 4221 4666 5279
4 1 2 2945 3417
3 12
4 1 5 375 485 550 2976 4290
4 2
5 1 2 383 2677
5 1 3 532 2304 4362
4 1 2 514 2528
4 3
5 1 2 894 3695
5 1 3 2043 4196 4311
5 1 2 3831 3925
4 1 4 1234 2879 4089 4163
4 1 3 1620 3043 4167
4 1 2 1951 4243
4 1 6 2426 2451 3443 4092 4210 4265
4 2
5 1 2 2762 3298
5 1 2 2881 4095
4 1 2 3103 4247
4 1 2 3849 4439
4 1 2 4093 5169
3 7
4 1 3 381 2081 2606
4 1 8 642 2112 2648 2741 3261 4119 4714 5433
4 1 2 2909 4106
4 1 2 3279 4678
4 1 2 4809 5337
4 1 2 4901 5204
4 1 2 5299 8671
3 2
4 1 3 502 3349 5364
4 1 3 3780 3798 4900
3 3
4 1 3 585 1377 2937
4 1 3 4019 4971 5114
4 1 2 4628 4760
3 3
4 1 4 679 2117 4909 4960
4 1 2 2233 3442
4 1 3 3858 4730 5068
3 2
4 1 3 760 2729 4866
4 1 4 4035 4435 4492 4705
3 5
4 1 3 881 3806 3999
4 1 7 1983 3055 4834 5070 5127 5281 5494
4 1 4 2453 3367 3569 3720
4 1 2 4067 4919
4 1 2 4548 4557
3 2
4 1 4 1061 3258 3730 4744
4 1 3 2378 5456 5759
3 2
4 1 7 1122 4049 4267 4289 4520 4598 4926
4 1 2 1727 2546
3 2
4 2
5 1 2 1486 3233
5 1 3 2168 4297 4874
4 1 9 2710 2927 3024 4011 4080 4245 4347 4550 4617
3 1 2 2352 5102
3 3
4 1 2 2758 4701
4 1 3 3674 4426 5061
4 1 2 4706 5263
3 1 3 2952 4209 4231
3 1 8 3161 3481 3783 4746 4895 5134 5151 5243
3 1 2 3614 3787
3 1 2 3718 4643
3 2
4 1 6 3832 4006 4600 4890 5455 5559
4 1 2 5370 5402
3 2
4 1 3 4148 5291 5323
4 1 2 4904 7616
3 1 3 4369 4812 4908
3 1 2 5130 5789
2 24
3 3
4 1 3 4 3449 4932
4 2
5 1 2 869 1994
5 1 2 1932 2009
4 1 4 1188 1767 2225 3240
3 5
4 1 2 104 3430
4 1 2 218 1889
4 1 3 586 761 5534
4 1 3 1356 1477 2667
4 1 2 3410 3429
3 2
4 1 3 177 3226 3343
4 1 4 1050 2111 2833 3827
3 1 10 237 469 1603 1814 2817 3081 3173 3877 4406 4762
3 4
4 1 4 295 1156 1280 3036
4 1 5 930 2442 2588 4029 4386
4 1 2 2633 3921
4 1 2 3360 4107
3 1 6 330 687 955 2374 3514 4754
3 1 6 333 412 1558 2031 2947 4068
3 1 3 405 896 1179
3 2
4 1 2 886 3709
4 1 2 3544 3644
3 1 2 947 2725
3 1 4 1160 1667 3263 3325
3 2
4 1 3 1208 2695 7297
4 1 2 3118 3707
3 1 2 1637 2652
3 1 2 1685 4630
3 1 3 2127 4268 4857
3 1 3 2145 2713 2958
3 1 3 2190 3539 3817
3 1 2 2567 3005
3 1 2 2634 4284
3 2
4 1 2 2654 2949
4 1 2 3466 3842
3 1 3 2721 3576 3663
3 1 3 2843 5252 5575
3 1 2 2939 3003
3 1 3 4177 4235 4343
2 25
3 1 3 8 1458 3791
3 12
4 2
5 1 2 10 876
5 1 3 1995 3164 3778
4 2
5 1 4 74 2650 2716 7836
5 1 2 458 3098
4 3
5 1 3 186 2959 2966
5 1 2 198 2596
5 1 2 2836 3315
4 1 5 513 1283 2649 2975 6435
4 2
5 1 3 525 1894 2532
5 1 2 3124 3129
4 3
5 1 3 546 1205 2382
5 1 4 2209 2523 2651 3105
5 1 3 2447 2503 2669
4 1 2 748 2500
4 2
5 1 3 827 968 2751
5 1 2 1170 2482
4 1 4 1985 3159 3296 4034
4 2
5 2
6 1 2 2033 2443
6 1 3 2704 2973 3026
5 1 3 2674 2857 2954
4 1 4 2310 2922 2981 3019
4 1 3 2394 2439 3064
3 6
4 1 5 17 2933 3230 3488 3664
4 1 2 57 2003
4 1 3 369 1673 3262
4 2
5 1 4 493 1074 2826 3145
5 1 3 705 3225 3445
4 1 2 1341 2673
4 1 2 3050 3313
3 3
4 1 2 35 796
4 1 2 2174 3155
4 1 2 2610 3074
3 5
4 1 2 64 3303
4 1 3 489 2580 3369
4 1 3 652 2337 3752
4 1 2 2039 2980
4 1 2 2775 2870
3 8
4 4
5 1 2 139 2994
5 1 2 811 2393
5 1 4 1507 2988 3365 3782
5 1 3 2146 3273 3329
4 2
5 1 2 519 3596
5 1 4 964 2999 3297 3598
4 1 2 693 2530
4 1 4 1005 2863 3476 3570
4 2
5 1 4 1245 2749 2760 2982
5 1 3 2345 3425 3427
4 2
5 1 2 1928 3508
5 1 3 3275 3289 3617
4 1 3 2056 3101 3589
4 1 2 2601 3479
3 10
4 4
5 1 3 210 282 948
5 1 3 233 2319 2534
5 1 3 695 893 2842
5 1 3 2303 2671 3010
4 1 3 751 2106 2415
4 1 2 1108 1409
4 1 3 1202 1290 2087
4 1 3 1541 2873 2963
4 1 3 1864 2420 2930
4 2
5 1 2 2067 2553
5 1 2 2874 2920
4 1 3 2090 2440 3317
4 1 3 2437 2487 2993
4 2
5 1 3 2715 2942 3872
5 1 3 2861 2928 3059
3 1 6 302 468 1013 2754 3538 3584
3 3
4 1 15 350 794 1365 1950 1976 2091 2571 2743 2859 2883 3153 3185 3199 3218 3291
4 1 2 1916 2893
4 1 2 2522 2794
3 1 5 529 2504 2636 2666 3017
3 4
4 1 5 544 1649 2161 2505 3631
4 1 4 694 1412 2645 3358
4 1 3 1451 2189 2757
4 2
5 1 2 1586 2141
5 1 2 2797 4170
3 1 4 556 936 2856 3463
3 4
4 1 4 584 3242 3422 3724
4 1 2 631 2354
4 1 4 906 3008 3333 4879
4 1 2 1942 2733
3 1 4 935 2474 2632 3302
3 2
4 1 2 965 3033
4 1 2 2129 3213
3 2
4 1 3 1140 2188 2739
4 1 2 2902 3675
3 2
4 1 8 1271 2185 2890 3144 3147 3294 3379 3582
4 1 2 2681 4992
3 2
4 1 2 1378 2728
4 1 2 2384 2638
3 1 3 1792 2150 2457
3 1 4 2063 3619 4033 4039
3 1 4 2309 2501 3181 3237
3 2
4 1 2 2419 3202
4 1 2 2604 2742
3 3
4 1 5 2605 2703 2936 3167 3353
4 1 3 2611 2616 3063
4 1 4 3134 3407 3469 3470
3 1 2 2897 3956
3 1 2 3152 3373
2 78
3 1 12 11 782 976 979 1292 1296 1560 1604 1633 1643 1829 1975
3 3
4 1 2 16 660
4 1 3 638 1490 2569
4 1 2 1461 2496
3 1 2 18 1387
3 1 3 22 697 1190
3 2
4 1 26 29 112 365 528 1016 1125 1349 1471 1725 1817 1880 2070 2242 2243 2250 2254 2266 2278 2322 2323 2389 2764 2805 2960 3338 4022
4 1 3 871 1819 1887
3 14
4 3
5 1 2 40 1574
5 1 4 400 990 1252 2065
5 1 3 1212 1452 1758
4 2
5 1 3 71 928 1373
5 1 3 247 293 1566
4 1 4 118 841 1229 1419
4 1 2 181 2234
4 1 3 230 1854 2921
4 2
5 1 3 281 2227 2407
5 1 2 1798 2238
4 3
5 1 4 342 1309 1943 2770
5 2
6 1 2 725 1704
6 1 2 1539 1896
5 1 2 829 1382
4 1 4 473 917 1485 1597
4 3
5 1 2 541 773
5 1 2 558 1770
5 1 2 699 1333
4 1 5 627 986 1800 1828 2073
4 1 2 628 1134
4 1 3 711 1433 1736
4 2
5 1 2 945 3913
5 1 2 1741 1783
4 1 2 1146 1581
3 13
4 4
5 1 2 49 2584
5 1 4 418 1393 2312 2647
5 1 2 526 2391
5 1 3 1063 1920 2353
4 4
5 1 3 79 138 376
5 1 2 665 1631
5 1 2 1035 6894
5 1 4 1587 1592 1645 1740
4 2
5 1 2 91 1114
5 1 2 2114 2148
4 4
5 2
6 1 3 228 1291 1982
6 1 2 1324 2006
5 2
6 1 3 983 1407 1553
6 1 3 1014 1821 1850
5 1 5 993 1000 1702 1810 2110
5 1 2 1576 1710
4 2
5 1 3 290 1211 1325
5 1 2 301 2714
4 4
5 1 5 450 1040 1652 2717 6340
5 1 3 921 1868 2846
5 1 2 1020 2631
5 1 2 1546 1651
4 6
5 1 3 497 1231 1635
5 1 3 745 2545 5237
5 1 2 1076 1282
5 1 2 1154 1903
5 1 2 1664 3157
5 1 2 1676 1734
4 1 3 615 769 988
4 2
5 1 4 736 1608 1626 2032
5 1 2 1470 1945
4 1 5 1009 1242 1376 2083 2456
4 1 2 1141 1656
4 2
5 1 2 1460 1723
5 1 3 1742 1754 2061
4 1 2 2259 2260
3 1 44 68 843 961 1267 1278 1304 1447 1463 1525 1527 1528 1537 1548 1557 1562 1575 1579 1580 1588 1589 1595 1599 1600 1601 1605 1616 1622 1623 1629 1632 1650 1659 1660 1661 1663 1681 1688 1703 1778 1779 1781 1801 1802 1813
3 3
4 1 13 77 1375 1450 1495 1569 1590 1627 1683 1693 1775 1784 1799 1826
4 1 2 1029 1774
4 1 2 1437 1492
3 1 18 94 411 779 856 866 1129 1367 1423 1445 1466 1475 1578 1612 1615 1648 1737 1848 1849
3 9
4 1 3 108 1860 2252
4 2
5 1 5 227 833 1511 1824 2167
5 1 3 1159 1319 1570
4 2
5 1 4 465 518 1054 1856
5 1 2 1794 1912
4 1 3 985 2069 2351
4 3
5 1 2 1067 2217
5 1 2 1240 2705
5 1 2 1241 2356
4 1 2 1166 1396
4 1 4 1594 1761 1869 2281
4 1 5 1888 2287 2377 2502 3191
4 1 3 1899 2360 2791
3 1 2 124 1370
3 1 10 129 762 1024 1726 1765 1804 1882 2162 2204 2445
3 2
4 1 3 146 1056 1694
4 1 14 241 325 326 482 554 929 1077 1096 1257 1310 1326 1497 1531 1708
3 1 18 150 234 1269 1321 1352 1391 1552 1890 1921 2152 2173 2214 2334 2433 2441 2607 2623 2712
3 6
4 1 3 157 1230 1401
4 2
5 1 3 160 1169 1399
5 1 3 1363 1364 1406
4 1 3 178 291 1354
4 1 5 883 933 1162 1262 1362
4 1 5 1226 1334 1336 1339 1441
4 2
5 1 2 1270 1388
5 1 2 1311 1317
3 3
4 1 15 159 673 798 952 1760 1909 1979 1997 2050 2052 2105 2336 2369 2860 3125
4 1 2 390 1577
4 1 2 561 1422
3 1 20 169 634 890 943 954 1130 1142 1198 1249 1261 1275 1286 1440 1549 1766 1793 1875 1989 1996 4818
3 1 34 193 252 743 1044 1115 1235 1638 1639 1684 1696 1709 1823 1919 1963 1965 2010 2017 2054 2096 2197 2198 2210 2271 2272 2276 2289 2318 2320 2321 2324 2325 2348 2424 2425
3 1 10 197 1017 1133 1564 1724 1933 2124 2224 2237 2687
3 3
4 1 7 205 599 689 1272 1371 2253 2889
4 1 2 922 1256
4 1 2 2008 2265
3 3
4 1 2 209 2608
4 2
5 1 2 516 2467
5 1 2 707 2186
4 1 3 1405 1484 2755
3 2
4 1 12 216 895 1078 1088 1175 1260 1355 2089 2404 2630 2849 2871
4 1 2 2011 2298
3 1 4 217 830 1255 1646
3 2
4 1 22 221 232 360 713 735 1038 1233 1348 1383 1820 1844 1853 1915 1924 1946 2022 2046 2132 2157 2208 2277 2327
4 1 2 1018 1655
3 6
4 1 3 231 731 740
4 1 2 452 1449
4 1 2 806 1099
4 1 3 819 1248 1701
4 1 4 1680 1968 1971 8355
4 1 2 1700 1720
3 5
4 1 3 236 802 1473
4 1 8 666 1001 1323 1613 2024 2436 3475 6081
4 1 3 1483 1776 1807
4 1 2 1542 1990
4 1 2 1845 2427
3 2
4 1 8 246 708 1315 1476 1598 2257 2888 6273
4 1 3 284 1929 3021
3 2
4 1 2 258 1715
4 1 23 448 783 1007 1111 1287 1480 1559 1674 1678 2013 2248 2409 2536 2655 2708 2734 2800 2813 3215 3676 5463 5693 7511
3 2
4 1 3 261 659 1228
4 1 3 1313 1836 1947
3 2
4 1 9 267 299 623 820 1025 1389 1550 1769 2738
4 1 2 278 2307
3 2
4 1 2 327 1837
4 1 3 1185 1403 1918
3 2
4 1 3 377 1143 1443
4 1 20 644 904 1178 1526 1617 1679 1834 1885 1959 1960 1967 1972 1973 2005 2239 2245 2587 2769 2788 3355
3 4
4 1 3 386 1543 2644
4 1 3 414 1148 1718
4 1 2 1312 1565
4 1 2 1436 1551
3 3
4 1 15 387 728 978 1075 1153 1197 1210 1220 1332 1428 1545 1607 1699 1750 1831
4 1 2 1152 1353
4 1 2 1439 6102
3 2
4 1 6 397 456 696 885 957 1136
4 1 2 989 1247
3 1 3 399 1459 1905
3 2
4 1 3 437 1467 3083
4 1 2 2166 2521
3 6
4 1 4 446 772 1307 1474
4 3
5 1 2 447 2095
5 1 2 512 1501
5 1 2 940 1416
4 2
5 1 4 500 515 672 1127
5 1 3 1329 1992 2662
4 2
5 1 2 712 938
5 1 3 1217 1251 1386
4 3
5 1 2 770 2058
5 1 2 793 2133
5 1 2 1772 1787
4 1 3 1273 1969 2329
3 2
4 1 16 454 681 888 1003 1057 1068 1086 1135 1308 1340 1368 1372 1384 1404 1408 1432
4 1 3 768 1276 1337
3 1 5 487 1748 1822 1952 2295
3 3
4 1 5 496 1089 1876 2284 2663
4 1 2 547 1487
4 1 2 966 1464
3 1 3 501 600 1716
3 1 7 508 951 2191 2267 2279 2560 2678
3 2
4 1 13 578 747 1180 1181 1350 1523 1524 1956 2042 2333 3257 3306 6413
4 1 3 664 860 1293
3 2
4 1 3 617 704 1415
4 1 2 1698 9751
3 2
4 1 5 645 960 1498 1788 1944
4 1 10 1215 1991 2219 2220 2230 2241 2251 2255 2256 2283
3 1 2 648 2609
3 3
4 1 3 661 1733 1746
4 1 6 780 831 1177 1305 1434 1505
4 1 3 998 1745 2783
3 1 2 683 757
3 2
4 1 2 690 1563
4 1 2 907 2036
3 3
4 1 9 709 1385 1402 1852 1980 2059 2153 2229 2701
4 1 2 1157 2375
4 1 2 1209 2718
3 2
4 1 4 710 1713 1847 2292
4 1 2 1499 2101
3 2
4 1 3 741 839 1621
4 1 3 792 1962 1978
3 1 2 764 1593
3 1 5 790 892 1258 2261 3100
3 1 2 795 2679
3 1 2 814 832
3 2
4 1 3 826 1421 1881
4 1 4 862 905 1786 6761
3 2
4 1 2 835 1515
4 1 3 1606 2062 2668
3 1 2 842 1347
3 1 4 913 916 1012 3027
3 1 2 959 1884
3 2
4 1 2 1011 2269
4 1 4 1707 1902 2199 2207
3 1 2 1048 1795
3 1 2 1085 1855
3 1 3 1110 1654 1669
3 2
4 1 2 1167 1281
4 1 5 1573 1706 1731 1816 2403
3 1 4 1172 1191 1500 2018
3 2
4 1 2 1176 1206
4 1 2 1297 1314
3 1 4 1183 1222 1380 1722
3 2
4 1 2 1221 1438
4 1 4 1773 1830 1832 2041
3 1 5 1302 1790 1981 2000 2076
3 1 3 1426 2071 2086
3 2
4 1 3 1494 2079 2264
4 1 2 2228 2297
3 1 2 1825 2183
3 1 2 1874 3744
3 1 4 1878 2495 2672 2807
2 24
3 2
4 1 2 13 1343
4 1 5 606 1109 2137 2205 3016
3 1 3 28 1478 2273
3 1 34 109 249 1117 1161 1227 1446 1738 2021 2201 2311 2376 2399 2514 2543 2693 2700 2802 2844 2891 2955 2964 3041 3348 3354 3370 3387 3439 3555 3788 3830 3930 4008 4043 4575
3 1 6 270 306 2104 2799 4100 7276
3 1 4 335 483 775 1534
3 1 6 367 980 2387 2435 2880 3359
3 2
4 1 2 372 4549
4 1 2 2072 4126
3 1 29 406 498 849 934 1118 1158 1413 1572 1602 1988 2240 2392 2398 2438 2489 2549 2562 2767 2845 3015 3115 3224 3415 3611 3775 3919 3986 4538 7388
3 1 7 415 594 1640 3212 4208 4877 5129
3 1 2 601 1870
3 2
4 1 2 739 3580
4 1 3 2466 2556 5334
3 1 5 898 1284 1697 1954 4078
3 1 4 1006 2034 4122 4356
3 1 3 1104 2603 3465
3 1 2 1295 3903
3 1 4 1465 1682 2343 3541
3 1 2 1540 2268
3 1 3 1897 3040 8222
3 1 2 2226 3078
3 1 3 2544 2875 3094
3 1 2 2628 3014
3 1 2 2882 2941
3 1 2 2924 3399
3 1 3 3137 3556 3574
2 24
3 4
4 1 3 25 441 4475
4 2
5 1 2 47 1533
5 1 2 531 3122
4 2
5 1 2 147 2509
5 1 2 1131 1397
4 1 3 336 678 3719
3 1 21 117 144 235 289 307 534 1059 1529 2121 2326 2529 2589 2615 2748 3175 3304 3659 3662 4099 4227 4234
3 1 19 223 1939 2290 2371 2540 2779 2815 3395 3615 3803 3816 3820 3839 3857 4028 4045 4070 4440 4577
3 1 5 248 752 1873 2602 4936
3 1 21 288 722 788 2147 2246 2938 2997 3206 3247 3495 3530 3577 3607 4018 4059 4178 4232 4448 4941 4976 5028
3 1 2 347 3335
3 1 3 378 2554 2639
3 2
4 1 2 421 2049
4 1 2 1010 6270
3 1 21 524 551 618 1712 1930 2586 2985 2998 3133 3547 4375 4398 4741 5051 5211 5387 5398 5938 5942 6146 8745
3 1 2 536 568
3 1 2 595 3341
3 1 3 1107 1906 3091
3 1 2 1151 2793
3 1 2 1155 2694
3 1 3 1806 2516 2737
3 1 5 1907 1923 3513 3751 3867
3 1 2 1917 5202
3 2
4 1 3 2156 3694 4176
4 1 2 2600 2862
3 1 2 2159 2810
3 1 2 2270 3061
3 1 3 2340 2635 4003
3 1 2 2583 3564
3 1 2 2641 3890
3 1 2 3865 4069
2 3
3 1 44 30 31 171 250 255 571 622 1186 1424 1585 1671 1838 2037 2171 2342 2520 2744 2827 2866 3047 3156 3350 3521 3557 3575 3864 3876 3892 3960 3988 4056 4098 4149 4157 4303 4425 4452 4525 4599 4623 5410 5482 5647 7497
3 1 5 334 2765 2905 3729 6422
3 1 2 466 2508
2 11
3 2
4 1 3 36 459 4072
4 1 2 1294 3824
3 1 4 271 1080 3873 4903
3 2
4 1 2 548 1163
4 1 3 2080 2444 6398
3 2
4 1 2 750 942
4 1 2 1444 2023
3 1 3 864 3238 3932
3 3
4 1 2 956 2702
4 1 2 1298 2200
4 1 2 1863 3633
3 1 3 1717 2753 3120
3 2
4 1 4 2689 3095 3108 3198
4 1 2 3301 3474
3 1 3 2984 3403 3998
3 1 2 2987 3734
3 1 3 3378 3944 4032
2 5
3 1 42 51 53 163 655 868 870 1021 1082 1316 1379 2075 2119 2135 2179 2381 2463 2490 2507 2839 2895 2911 3107 3391 3520 3590 3786 3815 3949 4016 4041 4052 4128 4242 4332 4640 4729 4884 4982 4996 4999 5427 5513
3 1 2 155 2380
3 2
4 1 2 343 1430
4 1 2 2898 3039
3 1 2 2821 3088
3 1 2 4145 4562
2 4
3 1 3 54 4283 4530
3 1 2 61 3234
3 1 67 463 999 1200 1253 1910 2138 2315 2400 2446 2458 2541 2653 2699 2752 2804 2814 2840 2848 3018 3219 3272 3288 3440 3545 3588 3608 3621 3632 3634 3637 3645 3647 3661 3683 3693 3717 3767 3794 3799 3814 3818 3835 3837 3838 3845 3902 3936 3954 3990 3996 4000 4015 4020 4058 4062 4184 4225 4278 4292 4488 4527 4529 4532 7739 8043 8747 8910
3 1 2 3686 4408
2 1 52 72 148 184 684 854 1223 1303 1331 1747 1753 1763 1808 1940 2016 2417 2455 2850 2968 3149 3197 3254 3287 3332 3567 3665 3705 3722 3927 3942 4057 4129 4321 4395 4585 4713 4855 4856 4912 4940 5016 5140 5160 5184 5411 5508 5605 5855 5925 5935 6089 6514 6741
2 3
3 1 44 102 467 490 633 738 771 1883 2355 2691 3117 3123 3160 3166 3246 3256 3372 3464 3491 3511 3623 3891 3901 4111 4171 4229 4279 4322 4358 4594 4597 4712 4816 4821 4853 5015 5096 5167 5197 5254 5268 5381 5413 5416 5599
3 1 2 720 4966
3 1 3 1266 1692 1999
2 1 35 110 384 763 1062 1398 1522 1886 2247 2470 2944 2950 3216 3310 3331 3346 3389 3394 3398 3431 3447 3487 3542 3548 3558 3862 4281 4291 4590 4661 4864 4876 4916 4917 4920 5172
2 3
3 1 49 115 262 767 810 882 1764 2477 2485 2594 2661 2724 2740 2787 2853 2878 2935 2962 2965 3097 3104 3330 3426 3436 3438 3494 3591 3697 3811 3863 3880 4051 4219 4374 4563 4751 4796 4841 4871 4875 5030 5056 5082 5165 5288 5330 5449 5492 5496 5863
3 1 3 174 187 332
3 1 2 2450 3065
2 2
3 1 25 119 359 657 702 818 992 996 1101 1173 1431 1442 1689 2094 2182 2286 3020 3089 3345 3638 3770 3928 4275 4280 4632 4974
3 1 2 1974 2887
2 2
3 1 4 130 2077 2373 2566
3 1 4 759 1192 2196 7089
2 1 3 162 480 1665
2 1 2 167 972
2 2
3 1 25 192 201 706 733 912 932 944 977 1049 1194 1503 1556 1984 2029 2120 2499 2564 2707 2796 3606 4123 4456 4581 4644 7065
3 1 3 591 3601 3692
2 1 4 297 1213 1647 2820
2 3
3 1 3 353 766 3923
3 1 3 1322 2698 3708
3 1 3 1506 3058 3158
2 2
3 1 2 356 3669
3 1 9 510 715 1425 1749 3211 3251 4391 4458 4759
2 5
3 1 26 362 840 1244 2357 2366 2370 2731 2798 2978 3002 3075 3205 3232 3366 3553 3976 3983 3985 4088 4682 4745 4950 5052 5054 5057 5457
3 1 2 863 1224
3 1 2 1957 3053
3 1 2 3535 4586
3 1 2 3651 4474
2 3
3 1 2 401 3972
3 1 3 1504 3208 3485
3 1 3 4576 4675 6190
2 1 2 430 3096
2 1 5 576 803 1628 3227 3241
2 4
3 1 4 589 1908 2193 3138
3 2
4 1 2 727 2428
4 1 2 3914 4837
3 1 7 1066 2614 3177 3311 3654 3771 3994
3 1 5 1207 1670 2646 3194 3342
2 1 2 593 2169
2 1 2 824 5950
2 1 65 970 1410 1508 1872 1879 1936 2206 2263 2299 2364 2448 2465 2658 2759 2864 2885 3046 3054 3106 3143 3169 3184 3186 3264 3446 3560 3912 4096 4335 4748 4872 4897 4939 4975 4978 5076 5136 5139 5242 5290 5306 5350 5435 5509 5512 5702 5833 5848 5853 5874 5880 5921 5922 5986 5992 6088 6129 6142 6825 7259 7789 8022 8044 8047 8167
2 3
3 1 3 987 1658 3749
3 1 2 1705 2531
3 1 2 1857 4957
2 1 2 1259 1395
2 1 12 1342 3453 3506 3609 4136 4174 4595 5207 5475 5866 6443 6633
2 2
3 1 3 1719 3779 4472
3 1 2 2480 3196
2 1 2 1777 2629
2 1 2 1803 2244
2 1 2 2001 2361
2 1 3 2128 2916 4271
2 1 2 2211 2756
2 1 3 2563 2595 2657
2 1 3 2912 2957 2983
2 1 2 2915 3142
2 1 2 3162 5097
2 1 2 5731 5754
1 31
2 2
3 1 6 3 460 846 2592 5975 6742
3 1 2 7158 10254
2 3
3 1 8 97 962 2894 3515 3848 4396 5250 5536
3 1 2 3684 8655
3 1 2 4794 4945
2 9
3 1 3 191 5394 5775
3 1 3 777 1711 3356
3 2
4 1 4 918 1455 1496 7671
4 1 3 941 981 1120
3 1 2 1530 7611
3 2
4 1 2 1835 4084
4 1 2 6096 9373
3 1 4 2051 2612 2974 4053
3 2
4 1 2 2330 5783
4 1 2 3853 3870
3 1 3 3200 5138 5801
3 1 3 4389 7023 9738
2 4
3 2
4 1 2 242 2555
4 1 2 1904 3747
3 2
4 1 3 1358 2877 5297
4 1 2 2539 5085
3 2
4 1 2 3352 4979
4 1 3 3898 4656 6507
3 1 2 6587 7487
2 7
3 1 3 279 3038 4626
3 2
4 1 3 1072 2493 2929
4 1 3 1892 1953 3013
3 1 4 1264 1518 2093 8312
3 1 7 1456 1584 2213 2338 2574 2772 3649
3 1 6 1714 1782 2526 2575 2972 8331
3 1 4 2317 2390 3195 3253
3 1 2 2660 3307
2 4
3 1 5 346 491 3473 3533 3750
3 1 3 1789 4046 5170
3 1 2 2568 3163
3 1 3 3093 3501 3743
2 2
3 1 2 352 6466
3 1 3 3375 6628 8608
2 4
3 1 5 358 2774 2782 2835 3309
3 1 3 776 2068 2471
3 1 4 2125 2518 3052 3056
3 1 2 3069 3725
2 3
3 1 2 420 6566
3 1 4 3656 3710 5510 5654
3 1 2 4620 4913
2 1 28 435 1757 2035 2280 2388 3326 3357 3374 3706 3781 3915 4829 4980 5010 5664 5869 6282 6564 6572 6756 7533 7880 8069 8094 8104 8194 8362 8505
2 1 7 523 1279 2181 3113 5580 5956 6879
2 11
3 2
4 1 2 573 1079
4 1 3 8294 9753 9817
3 3
4 1 2 2550 9810
4 1 3 5103 9121 9253
4 1 2 8905 9361
3 1 3 3383 4296 6798
3 2
4 1 3 3509 8591 10239
4 1 4 7242 8480 9205 9263
3 1 3 3742 4405 7915
3 1 3 3821 4009 6177
3 1 3 5857 8663 8863
3 1 4 5875 7766 8760 8797
3 3
4 1 2 5939 6133
4 1 2 7906 9320
4 1 2 8532 8726
3 1 3 6117 6731 8325
3 1 2 8593 9019
2 1 4 613 677 3723 6935
2 1 3 667 1239 5347
2 1 3 719 744 1429
2 1 3 734 6991 7768
2 1 6 816 3897 4074 4665 6044 9446
2 1 9 817 2082 3789 3943 4673 4752 6418 7730 9768
2 1 11 1055 1755 1958 2538 3340 3711 3964 4704 4938 5083 5442
2 5
3 1 3 1360 3785 8843
3 2
4 1 3 2946 5792 9489
4 1 3 5046 5112 5322
3 1 2 3840 6346
3 1 2 3997 6462
3 1 3 5601 6576 8537
2 3
3 1 4 1366 2809 5346 5774
3 2
4 1 2 2876 4288
4 1 3 4130 4861 6169
3 1 3 2892 4654 8721
2 1 3 2012 4709 5525
2 2
3 1 4 2194 4781 6207 7013
3 1 3 6773 6853 7109
2 1 3 2362 2558 10182
2 1 8 2768 3099 3214 3285 4236 5041 7528 9790
2 1 9 2934 3362 3882 4411 4658 5161 7245 7524 7689
2 2
3 1 2 3080 3653
3 1 2 6202 7646
2 1 2 3393 5589
2 1 2 7153 7990
2 1 2 7352 10221
2 1 2 7735 8597
1 98
2 23
3 9
4 1 3 5 6767 7110
4 2
5 1 4 422 2004 3085 5404
5 1 2 3534 5529
4 2
5 1 3 797 6304 6814
5 1 2 7538 8778
4 1 3 900 1514 5780
4 1 3 1318 5467 7744
4 1 4 3505 5141 5171 8415
4 1 2 4114 6150
4 1 4 5401 5845 6515 6653
4 1 3 5908 6093 7630
3 1 3 101 7530 8643
3 9
4 1 5 277 3458 7518 7628 7647
4 4
5 1 3 382 7632 8030
5 1 3 1644 4118 7833
5 1 3 5489 5581 6112
5 1 2 6635 6977
4 3
5 1 3 569 7816 7841
5 1 4 4361 5115 5479 6678
5 1 3 6606 6906 7238
4 2
5 1 2 1491 4826
5 1 2 6513 6753
4 2
5 1 2 2187 7172
5 1 2 5224 7794
4 2
5 1 2 4431 8459
5 1 2 7905 8395
4 1 5 4593 5929 6883 7175 7779
4 3
5 1 2 6640 7898
5 1 2 7579 7797
5 1 2 7792 7945
4 1 4 7028 7232 7610 8432
3 6
4 2
5 1 2 370 7683
5 1 2 7078 7965
4 1 3 1033 3531 6079
4 1 2 3042 3517
4 1 4 4732 6551 6658 6858
4 1 2 6156 8669
4 1 2 7470 9289
3 6
4 1 2 449 8648
4 2
5 1 3 1865 2113 6198
5 1 3 3763 5573 10120
4 1 3 3952 5672 7345
4 1 3 5050 5543 8164
4 2
5 1 2 5835 8455
5 1 2 6815 8219
4 3
5 1 2 6098 8628
5 1 2 8764 8818
5 1 2 8816 8876
3 9
4 2
5 1 2 587 7354
5 1 3 3546 6748 9417
4 3
5 2
6 1 2 1611 4061
6 1 2 1739 8650
5 1 3 4921 7098 8079
5 1 3 7059 8187 8247
4 1 3 2996 7764 8329
4 1 2 3433 7422
4 1 6 3689 5425 8284 8689 8752 9013
4 1 3 4494 5662 8638
4 2
5 1 3 4725 6851 8270
5 1 4 6972 7455 8616 9014
4 1 4 7907 8134 8248 9226
4 1 2 8937 9033
3 7
4 2
5 1 3 603 2824 7713
5 1 2 7014 8962
4 2
5 1 2 3627 7514
5 1 2 8451 8506
4 1 4 3826 6573 9657 9908
4 1 3 4516 5192 8227
4 1 3 5358 8191 8305
4 1 4 6015 6114 6359 6718
4 2
5 1 2 6910 7828
5 1 2 7623 7889
3 8
4 1 2 650 4543
4 1 4 1243 2358 7505 7847
4 1 3 4021 7390 9669
4 1 4 6411 7044 7705 7923
4 1 2 6829 7944
4 1 4 6930 7236 7972 8716
4 1 2 7490 8890
4 1 2 7545 8477
3 7
4 1 4 662 3412 7947 8014
4 2
5 1 3 859 1596 6504
5 1 2 4611 6785
4 2
5 1 2 1041 3672
5 1 2 6316 6841
4 1 5 2706 3931 6803 6899 7441
4 2
5 1 2 6638 7402
5 1 3 7104 7344 7371
4 2
5 1 2 6791 7878
5 1 2 7292 7452
4 1 2 7099 7149
3 2
4 1 6 791 5017 5310 5739 7295 7800
4 1 2 7177 7272
3 2
4 2
5 1 2 889 4523
5 1 4 6613 7556 7560 7966
4 2
5 1 4 6344 6512 6637 6777
5 1 2 6743 7358
3 1 4 897 1026 5841 6330
3 3
4 1 3 1195 5235 9122
4 1 3 5722 7775 9532
4 2
5 1 2 5836 8353
5 1 2 7644 8722
3 1 3 1479 7541 7981
3 5
4 1 4 2665 3980 7503 7926
4 1 2 2780 4352
4 1 2 4397 8074
4 1 2 5567 9313
4 1 2 6580 7135
3 3
4 1 3 3497 6467 6824
4 1 3 5568 7374 8263
4 1 2 7318 7389
3 1 5 3537 4519 7053 7186 8171
3 3
4 1 2 3715 8497
4 1 2 4652 6534
4 1 3 6548 6942 7652
3 2
4 1 3 3736 7471 7522
4 1 3 5107 8111 8282
3 1 5 5499 5527 5635 7421 7629
3 2
4 1 2 6178 7680
4 1 3 6550 6655 6796
3 2
4 1 5 6180 6645 7195 7866 9806
4 1 3 7165 7996 8080
3 1 2 6828 8052
2 15
3 1 4 7 621 2203 3899
3 2
4 1 2 66 5179
4 1 2 517 4331
3 3
4 1 2 220 8599
4 1 2 3764 8373
4 1 3 6000 8790 9162
3 2
4 1 3 245 6852 8938
4 1 4 4142 8363 8923 9214
3 2
4 1 5 920 5205 6923 7864 9637
4 1 4 6880 7551 7699 8619
3 3
4 1 2 931 7814
4 1 2 4189 8366
4 1 2 7469 8140
3 2
4 1 2 2040 8749
4 1 3 4108 7128 8158
3 1 3 2088 5219 8240
3 1 3 2578 5303 6644
3 2
4 1 3 3450 4217 6681
4 1 3 4521 6104 6241
3 1 5 4026 4443 7183 8494 8889
3 1 3 5166 6720 8092
3 2
4 1 2 5785 7761
4 1 3 7248 8065 8482
3 1 3 6602 8225 8508
3 1 4 7217 8113 8260 8299
2 16
3 1 5 9 6950 7002 7133 7904
3 1 5 611 6751 7174 7304 8441
3 1 3 884 5466 7334
3 2
4 1 2 2331 7018
4 1 2 6623 7062
3 1 4 2557 2593 5613 7031
3 1 3 3245 5185 8924
3 3
4 1 3 4090 6632 7440
4 1 2 6476 8789
4 1 3 7100 7316 7765
3 2
4 1 3 4105 4998 7047
4 1 3 7167 7747 7901
3 1 2 4467 6982
3 2
4 1 2 4610 7543
4 1 2 7536 8989
3 1 3 4695 6408 8091
3 1 4 5498 6394 7118 7590
3 1 3 5997 7960 8397
3 2
4 1 2 6100 9702
4 1 2 6101 6127
3 1 2 6183 6905
3 1 2 6230 8665
2 3
3 1 2 15 6780
3 1 3 304 5200 8232
3 1 3 6428 6847 7215
2 2
3 1 16 21 522 3483 4272 5585 6372 7054 7417 7821 7852 7859 8106 8127 8460 8471 8541
3 1 6 721 4685 7093 7353 7781 8272
2 3
3 1 3 62 7152 8256
3 1 4 5577 6510 6804 7355
3 1 2 6802 8920
2 2
3 1 56 73 396 867 1512 2519 2585 3070 3148 3368 3566 3961 4207 4434 4569 4868 5073 5149 5187 5267 5289 5399 5448 5550 5659 5718 5831 6122 6278 6320 6542 6705 6721 6846 7000 7011 7019 7022 7101 7335 7437 7496 7723 7751 7759 7820 7890 7934 7976 8006 8068 8201 8215 8269 8297 8333 8369
3 1 2 4161 8175
2 1 2 78 7396
2 1 13 88 133 2837 4517 6610 7108 7329 7593 8008 8042 8168 8237 8448
2 1 2 89 1300
2 1 37 95 175 296 1238 1898 3484 3629 4274 5472 5618 6185 6265 6722 6740 6854 6934 6992 7103 7106 7147 7161 7262 7280 7464 7504 7603 7672 7773 7837 7838 7855 7871 8266 8293 8296 8453 9112
2 33
3 3
4 1 2 99 2795
4 1 2 1686 3405
4 1 3 8358 8579 8588
3 1 3 107 6909 8095
3 2
4 1 2 164 7643
4 1 5 2637 3171 3603 7722 7971
3 1 6 315 5736 7214 8025 8258 8516
3 1 2 444 5586
3 3
4 1 3 464 4298 7682
4 1 3 5916 7986 8662
4 1 4 5931 6487 8295 8534
3 2
4 1 3 505 2884 7204
4 1 3 6351 8465 8549
3 1 7 610 4797 7291 7584 8120 8121 8883
3 3
4 1 3 619 4200 5124
4 1 2 5666 7748
4 1 2 6827 7624
3 2
4 1 3 730 7564 8640
4 1 2 6893 8017
3 2
4 1 3 784 3727 8443
4 1 5 4140 6188 7223 7663 7919
3 1 3 2533 7691 8431
3 3
4 2
5 1 3 2886 6008 6685
5 1 2 5943 7701
4 1 2 3496 7495
4 1 3 7042 7991 9130
3 1 4 3660 5557 7026 7168
3 1 2 4582 8311
3 2
4 1 2 4810 8172
4 1 3 7660 8115 8498
3 2
4 1 2 4828 6143
4 1 3 7453 7929 8426
3 1 7 4849 5431 6256 7561 8083 8444 8527
3 1 2 5343 5996
3 3
4 1 5 5375 6317 6454 8129 8573
4 1 2 6018 6994
4 1 2 7639 7690
3 2
4 1 3 5700 5824 6768
4 1 3 7736 8053 8192
3 1 3 5735 5893 8340
3 1 3 6071 7600 8243
3 1 3 6107 8425 8491
3 2
4 1 2 6426 7007
4 1 2 6837 7717
3 1 2 6556 8557
3 1 2 6594 9994
3 1 2 7414 7467
3 1 2 7582 7819
3 2
4 1 3 7640 7867 7920
4 1 2 8002 8207
3 1 3 7791 7978 8442
3 1 2 7993 8155
3 2
4 1 3 8221 8359 9069
4 1 2 8380 8786
2 2
3 1 55 105 259 625 671 786 1008 1420 1675 2301 2395 2517 3001 3235 3790 3860 4308 4459 4753 4833 5372 5444 5480 5502 5520 5766 5770 5913 6232 6297 6494 6588 6675 6925 7127 7258 7306 7312 7429 7480 7570 7580 7648 7670 7685 7707 7758 7763 7782 7801 7812 7829 7870 7927 7962 7989
3 1 2 6439 7692
2 1 18 120 311 417 567 2475 4379 4707 5690 7079 7309 7641 8322 8401 8675 8728 8913 9012 9182
2 41
3 1 4 135 3768 6922 7539
3 2
4 1 6 170 635 3592 4615 4930 5652
4 1 2 6664 6987
3 2
4 1 2 305 7171
4 1 2 7760 8018
3 2
4 1 2 319 5002
4 1 2 2823 3926
3 5
4 1 3 321 3174 6427
4 1 2 3796 9040
4 1 2 4254 6857
4 1 3 4436 6307 7359
4 1 3 5977 6800 7401
3 2
4 1 2 442 543
4 1 2 3077 6682
3 6
4 2
5 1 2 477 5156
5 1 3 6885 7070 7562
4 1 6 630 3924 7432 7549 7573 7653
4 1 3 4004 4902 7709
4 1 3 5688 7436 7607
4 1 2 5982 7749
4 1 2 7548 7824
3 5
4 2
5 1 2 537 6790
5 1 2 4342 7332
4 1 3 1955 4734 8948
4 2
5 1 3 2350 4614 7913
5 1 2 3578 6641
4 3
5 1 2 3703 6713
5 1 4 5152 5360 6723 6795
5 1 2 6175 7456
4 2
5 1 3 6362 7234 8621
5 1 4 6453 6546 7494 8054
3 3
4 1 2 581 8013
4 1 2 5720 6604
4 1 5 7060 7266 7787 8138 10148
3 1 4 597 5640 7049 8738
3 1 4 620 7399 8161 8261
3 3
4 1 2 649 1998
4 1 3 4715 7064 7439
4 1 6 4742 5074 6940 6985 7163 7868
3 3
4 1 2 675 8670
4 1 5 3322 4887 6585 6873 9194
4 1 2 4723 7308
3 3
4 1 4 1414 4835 8479 9074
4 1 2 2512 7430
4 1 3 5195 5822 5915
3 2
4 1 3 2365 5692 8512
4 1 2 5614 5749
3 1 5 2402 6419 6704 7367 7553
3 3
4 1 2 3110 3810
4 1 3 4511 4717 6843
4 1 2 7416 7668
3 3
4 1 5 3187 5342 7146 7362 7375
4 1 3 4251 4633 6149
4 1 3 5500 6577 7148
3 2
4 1 3 3222 5086 7094
4 1 6 5113 5478 5634 5827 6255 6821
3 1 9 3293 6661 6724 6793 6896 7077 7160 7320 8288
3 1 3 3323 3700 6314
3 2
4 1 3 3774 7321 7635
4 1 2 5175 7466
3 1 2 3869 6259
3 2
4 1 2 4131 6836
4 1 2 5994 6374
3 1 3 4147 4334 7995
3 1 5 4154 4784 7331 7450 7955
3 1 4 4905 5823 6600 6900
3 1 2 5038 7162
3 1 4 5218 6332 6687 6864
3 1 3 5711 6570 7114
3 2
4 1 3 5817 6225 6430
4 1 4 6917 7035 7512 7684
3 1 2 5844 6553
3 1 3 6061 6808 7287
3 1 3 6068 6558 6590
3 1 7 6298 6529 6956 7102 7700 7756 8159
3 1 3 6850 8856 9324
3 1 2 6884 7319
3 1 2 6938 7369
3 1 2 6990 8012
3 1 2 7378 7394
3 1 2 7703 7840
2 5
3 1 8 136 1756 6434 6451 7043 7617 7872 8142
3 1 7 141 4722 4755 6349 7688 7808 8152
3 1 2 4918 7516
3 1 2 7263 7769
3 1 2 7544 7665
2 1 20 140 538 2212 3946 4233 5007 5579 6481 6702 6941 7445 7738 8016 8020 8151 8197 8233 8350 8383 8590
2 3
3 1 33 156 1344 2763 2995 4451 4513 5001 5302 5582 6889 6898 6975 6993 7136 7203 7827 7831 7848 7899 7917 7918 7949 8005 8031 8077 8122 8156 8179 8189 8307 8352 8574 8629
3 1 2 7336 8416
3 1 2 7385 7839
2 3
3 1 11 182 3146 6222 6378 6799 6944 7027 7310 7669 7770 8473
3 1 2 520 8342
3 1 2 3984 7307
2 3
3 1 25 196 807 4382 4790 4959 5153 5223 5488 5661 5776 5778 6137 6412 6775 7025 7284 7486 7741 7853 8202 8216 8287 8301 8513 10276
3 1 2 5888 6236
3 1 3 6654 7211 7356
2 2
3 1 20 200 563 845 878 1246 2414 3044 3292 3792 4036 4351 5460 5558 6243 6701 6752 6918 7194 7270 7834
3 1 3 7243 9431 9604
2 2
3 1 3 226 2670 6989
3 1 3 2565 3957 7210
2 2
3 1 3 257 3733 5912
3 1 4 1132 4012 8246 8434
2 3
3 1 49 263 495 607 691 1087 1225 2176 3551 3813 4372 5377 5430 5583 5593 5843 6017 6023 6049 6063 6078 6195 6615 6856 6920 6974 7030 7067 7088 7251 7277 7325 7527 7554 7614 7676 7724 7742 7822 7910 8034 8049 8166 8200 8271 8304 8393 8409 8766 9972
3 1 2 1858 6924
3 1 3 4687 5895 5952
2 1 3 264 3032 9016
2 12
3 1 4 318 686 3991 7322
3 1 10 471 1687 5896 6027 6199 6448 7740 7900 7935 8664
3 1 10 643 4381 4428 5933 6565 6657 6786 7082 7415 7826
3 2
4 1 3 2202 6250 8236
4 1 2 5603 6971
3 1 2 3528 7095
3 1 4 4198 6483 7888 8402
3 2
4 1 2 6058 8642
4 1 2 7757 7778
3 1 3 6235 7523 8422
3 1 3 6549 8361 8601
3 1 3 6692 8067 8324
3 1 2 7339 7360
3 1 3 8118 8405 8476
2 2
3 1 2 322 588
3 1 2 1618 6978
2 4
3 1 38 331 461 781 1642 2092 3587 5361 6020 6123 6136 6471 6676 6912 6958 6967 6999 7084 7113 7116 7224 7244 7347 7373 7381 7535 7557 7687 7698 7767 7807 7846 7932 8107 8286 8300 8319 8335 8454
3 1 2 3896 7575
3 1 2 5541 7260
3 1 2 6772 6943
2 2
3 1 3 337 1285 4564
3 1 2 7185 7830
2 1 34 354 472 698 2618 3421 3448 3522 4591 5669 6095 6760 6913 7069 7521 7532 7563 7618 7785 8110 8114 8143 8388 8466 8521 8538 8540 8572 8587 8624 8718 8746 8835 8854 9131
2 7
3 1 3 379 4631 7795
3 1 3 3386 3420 8133
3 1 2 3934 8061
3 2
4 1 3 4249 5213 8832
4 1 4 5311 7908 7928 8206
3 1 3 7406 8208 8834
3 1 2 7442 8768
3 1 2 8384 8539
2 2
3 1 3 388 7145 7220
3 1 4 553 5035 6762 7529
2 2
3 2
4 1 2 394 8775
4 1 2 6897 9360
3 1 2 8147 8170
2 2
3 2
4 1 2 410 7240
4 1 2 5726 6166
3 1 4 3308 6830 8520 8530
2 1 54 439 692 800 1128 3269 3982 4117 4528 4651 5099 5516 5995 6069 6631 7012 7080 7115 7201 7249 7255 7257 7364 7446 7447 7449 7502 7588 7609 7803 8027 8097 8099 8109 8124 8128 8136 8183 8265 8285 8313 8326 8341 8374 8447 8737 8771 8820 8868 8869 8870 8891 8900 8903 9409
2 2
3 1 2 443 8561
3 1 4 6492 7559 8347 8715
2 1 3 492 7599 7815
2 1 3 494 3276 8637
2 1 2 539 8980
2 1 4 562 1123 7397 7552
2 6
3 1 3 714 2184 8117
3 1 4 799 8229 8314 8502
3 1 4 3382 5000 7477 8105
3 1 6 4621 5526 5755 5985 6325 9212
3 1 3 5617 7123 8100
3 1 2 7745 7799
2 4
3 1 3 716 1306 8137
3 1 3 2825 4050 6881
3 1 2 4103 7129
3 1 2 7997 8360
2 1 4 726 5341 6952 7645
2 2
3 1 3 758 2332 2967
3 1 5 1036 5745 7793 8414 8681
2 1 13 836 2469 4604 4627 5262 6875 7296 7776 7869 8327 8338 8509 8809
2 1 7 1058 3635 3951 5904 6286 6764 7728
2 4
3 1 3 1149 1735 7879
3 1 19 4205 4404 4820 4882 5312 5464 6673 6727 7073 7317 7674 7809 7844 7856 7876 7946 8181 8254 8259
3 1 3 5182 5628 7706
3 1 3 6611 6832 6840
2 1 4 1236 6839 7950 8019
2 2
3 1 3 1263 1935 8815
3 1 3 7033 8387 8603
2 3
3 1 16 1357 3119 4533 4566 5406 5724 6065 6528 6662 6728 7431 7673 7897 8468 8696 8723
3 1 3 6979 7134 7711
3 1 2 7465 8396
2 1 17 1400 3852 4144 4609 4922 5094 5371 5600 5821 6649 6921 7004 7052 7181 7261 7463 7686
2 1 2 1535 7225
2 1 4 1538 7254 7604 7802
2 5
3 1 3 1614 6544 7351
3 3
4 1 2 4277 8198
4 1 2 7380 8153
4 1 2 7719 8144
3 1 4 5329 5604 7142 7938
3 1 3 6200 7365 7488
3 1 2 7008 7569
2 7
3 1 3 1641 4663 9296
3 1 3 2664 6401 7835
3 1 4 3127 5676 8093 8767
3 2
4 1 2 3423 7489
4 1 2 5532 8376
3 1 3 4894 6634 8894
3 1 2 6369 8330
3 1 3 7804 8885 8964
2 2
3 1 24 1785 1805 1871 2561 2896 2904 3271 3451 3563 3646 5352 5946 6315 6575 6689 6779 7193 7228 7383 7434 7602 7873 7894 8332
3 1 2 7348 7413
2 1 2 2020 3572
2 1 4 2131 2992 6382 7176
2 1 2 2136 8157
2 4
3 1 3 2218 6523 8607
3 1 2 3249 3554
3 1 2 6355 8430
3 1 5 6765 7780 8028 8364 8911
2 1 2 2302 9993
2 1 3 2367 4662 8406
2 1 4 2385 5081 5867 6179
2 1 3 2481 6719 7132
2 4
3 1 2 2685 7931
3 1 5 5390 6627 6914 7810 9499
3 1 2 6099 6525
3 1 2 6811 6844
2 1 8 2852 3529 3908 4480 4770 5957 6996 7411
2 2
3 1 3 3066 6619 6749
3 1 3 6148 6154 6757
2 1 2 3183 8627
2 2
3 1 4 3334 4508 5851 7520
3 1 2 6026 7696
2 1 15 3381 3435 5155 6087 6151 6554 6601 7206 7874 8075 8125 8135 8205 8318 8966
2 3
3 1 2 3486 6153
3 1 2 4482 6717
3 1 4 6215 6486 6708 7140
2 2
3 1 3 3642 6038 7721
3 1 3 4954 6926 7286
2 1 20 3714 4258 4573 5564 5837 5886 6124 6130 6176 7096 7341 7384 7587 7638 7881 7940 8257 8475 8947 10022
2 2
3 1 20 3963 4925 5261 5383 5544 6266 6437 6595 6783 7382 7863 7892 7909 8085 8141 8146 8185 9166 9215 9286
3 1 2 6618 7550
2 1 4 4365 4898 6373 6988
2 1 2 4667 5761
2 1 2 4765 7784
2 1 3 4792 8647 8688
2 1 2 4910 9877
2 1 3 4958 8686 8968
2 1 2 5064 5424
2 1 3 5327 6674 7704
2 1 2 5491 6732
2 2
3 1 3 5554 5934 7922
3 1 2 6810 8289
2 4
3 1 2 5643 7475
3 1 5 6478 7274 7328 8467 9005
3 1 2 6964 7994
3 1 2 8725 8798
2 1 3 5708 6353 7350
2 3
3 1 2 5814 6503
3 1 2 6464 8320
3 1 2 6862 8102
2 1 2 5951 8251
2 1 2 6182 7239
2 1 6 6287 7298 7577 8039 8193 8268
2 1 3 6416 6904 7902
2 3
3 1 3 6442 6703 7029
3 1 3 6953 7444 8279
3 1 5 7454 7508 8410 8851 9195
2 1 4 6665 7231 7702 7925
2 2
3 1 2 6911 7883
3 1 2 7293 8592
2 1 2 7034 7418
2 1 2 7061 8204
2 1 2 7081 8281
2 1 2 7300 9096
1 14
2 1 4 12 1610 7313 7620
2 1 6 43 2154 2282 3938 5497 8969
2 1 4 50 2750 2899 4718
2 1 5 183 3571 4764 5725 7370
2 2
3 1 3 419 7150 9024
3 1 3 8081 8394 9461
2 4
3 1 4 574 2573 3037 4808
3 2
4 1 2 582 2346
4 1 2 3371 7865
3 2
4 1 2 765 8423
4 1 2 1867 3950
3 2
4 1 2 1751 4191
4 1 2 1833 5487
2 1 5 575 2961 7622 7788 8046
2 1 5 717 3518 6035 7589 7858
2 2
3 1 2 919 5338
3 1 5 1797 1914 2977 3377 3746
2 2
3 1 3 2341 3552 4017
3 1 2 3480 9268
2 2
3 1 3 3737 6047 7250
3 1 2 3844 5273
2 1 7 5300 5757 6289 6931 7154 7433 8040
2 1 2 7843 8569
2 1 3 7851 7914 8249
1 104
2 64
3 13
4 1 4 14 5176 8788 8951
4 3
5 1 4 2732 6962 7200 8316
5 1 3 4314 7170 10293
5 2
6 1 2 6712 7576
6 1 2 9530 9923
4 2
5 1 4 3229 3854 5245 8849
5 1 4 7813 8424 9558 9627
4 3
5 1 4 4286 6876 9691 9805
5 2
6 1 2 4416 7634
6 1 2 6070 7337
5 1 3 7954 8707 9397
4 2
5 1 2 4929 8922
5 1 2 7072 10183
4 1 2 5683 9180
4 1 4 5701 6054 9898 10271
4 1 5 6189 7937 8556 9643 10128
4 1 3 6545 10131 10244
4 1 3 7400 8528 10107
4 1 3 8149 8365 8936
4 1 2 8803 8823
4 1 3 9172 9967 10218
3 1 10 38 507 1843 2178 3843 8356 8524 8777 9204 9636
3 3
4 1 2 90 4911
4 1 2 6983 7164
4 1 2 8932 9767
3 2
4 1 2 149 8763
4 1 4 5953 6520 8051 8972
3 1 2 180 9067
3 4
4 1 5 189 8386 8713 9157 10023
4 1 2 423 2535
4 1 5 5445 6945 7448 8456 9073
4 1 2 9029 9193
3 1 2 323 9778
3 11
4 2
5 1 2 355 6489
5 1 2 3973 6491
4 1 3 1204 7279 9120
4 2
5 1 3 3221 8991 9046
5 1 4 5727 8614 9020 9345
4 2
5 1 4 3503 7137 7850 8306
5 1 2 8066 8682
4 2
5 1 3 4287 6639 8517
5 1 4 6012 8242 8470 9100
4 2
5 1 3 5876 9097 9179
5 1 2 8852 8930
4 1 3 6927 7806 9203
4 1 4 7420 9109 9140 9601
4 1 3 8672 8837 9265
4 1 2 8784 9283
4 1 3 8864 8988 9117
3 1 2 373 9359
3 1 10 380 5087 8032 8531 8886 9224 9232 9401 9432 9464
3 2
4 1 4 552 732 8214 8602
4 1 9 737 2097 2483 5336 6730 7426 8309 8744 9206
3 2
4 1 2 580 8503
4 1 3 3761 4587 5615
3 1 8 654 1053 2913 5677 7393 9077 9101 9389
3 5
4 1 4 729 8551 9049 9368
4 1 3 5705 9038 9076
4 2
5 1 2 8190 8653
5 1 2 8658 8872
4 1 2 8411 9057
4 1 3 9103 9258 9435
3 1 9 857 5519 6347 7631 9125 9128 9517 9550 9845
3 1 10 914 7924 8583 8824 8901 8956 9078 9388 9419 9840
3 4
4 1 2 975 7066
4 1 4 1625 5240 7151 9199
4 1 3 4076 5269 6605
4 2
5 1 2 7314 8514
5 1 3 8461 9510 9746
3 3
4 2
5 1 2 1098 4801
5 1 2 8076 9135
4 1 8 1165 7131 7218 8063 8959 9198 9378 9508
4 1 2 8631 10125
3 1 2 1544 9567
3 1 2 1619 7786
3 2
4 1 3 1796 9060 9192
4 1 4 3128 7346 9247 9491
3 1 12 1961 3910 6616 7212 8228 8735 8893 9102 9453 9642 9867 10185
3 1 3 2335 7398 9531
3 1 2 2347 9099
3 1 8 2359 4138 5006 5049 5128 5313 9001 9644
3 4
4 1 11 2401 2431 3987 4613 5596 6327 7392 7973 9061 9159 9937
4 1 10 5066 8275 8440 8698 8793 9092 9158 9216 9538 9566
4 1 3 7003 7731 8210
4 1 2 8634 8741
3 4
4 1 3 2498 6833 8484
4 1 7 4570 8412 8708 9277 9463 9525 9595
4 1 2 5961 8825
4 1 3 8649 8850 9599
3 1 2 2811 8274
3 1 4 4240 6461 9668 9694
3 2
4 1 6 4323 8604 8983 9062 9098 9415
4 1 2 8238 9807
3 1 3 4366 8417 9771
3 1 8 4368 7323 7547 8004 8518 8819 9088 9648
3 1 4 4393 7155 9371 9518
3 1 3 4567 6817 7253
3 1 6 4774 7694 8169 8438 9300 9396
3 3
4 1 4 5292 6028 6527 8576
4 1 2 7594 8695
4 1 2 9677 9734
3 1 4 5453 7302 8785 9722
3 2
4 1 2 5587 8486
4 1 2 8814 9622
3 2
4 1 5 5649 5914 8925 9050 9184
4 1 5 5979 7372 8495 9093 9783
3 2
4 2
5 1 2 5901 9957
5 1 2 6887 9298
4 1 3 7895 9896 10176
3 1 3 6357 7985 8838
3 1 6 6393 8609 8730 9086 9262 9352
3 1 4 6552 8217 9227 9351
3 1 2 6561 9164
3 1 2 6599 8942
3 1 2 7124 8026
3 2
4 1 3 7428 8298 9188
4 1 2 8709 8751
3 3
4 1 3 7916 8500 8711
4 1 2 8577 9221
4 1 2 9229 9522
3 1 3 7952 8303 9439
3 2
4 1 2 8253 9727
4 1 3 9370 9608 9641
3 1 2 8357 9314
3 1 2 8381 9154
3 1 3 8390 9322 9404
3 1 2 8493 8542
3 1 3 8559 9542 9589
3 1 2 8757 9811
3 1 2 8781 9418
3 1 3 8828 9047 9183
3 1 3 8958 9147 10043
3 1 2 8997 9535
3 2
4 1 2 9006 10094
4 1 2 9023 9065
3 1 3 9021 9139 9457
3 1 2 9037 9441
3 1 2 9089 9355
2 2
3 1 49 19 974 1043 1065 1818 2258 2383 3035 3270 3889 4373 4989 5765 5809 6075 6271 6402 6995 7117 7166 7269 7625 7845 7862 7974 8163 8667 8668 8692 8882 9256 9274 9405 9408 9460 9500 9569 9581 9816 9927 9954 9955 9988 10048 10075 10150 10264 10273 10291
3 1 3 4846 10087 10091
2 32
3 7
4 3
5 2
6 1 2 24 9958
6 1 3 268 3319 8934
5 1 2 822 9708
5 1 2 8813 9634
4 4
5 1 2 173 7338
5 1 2 3586 10062
5 1 2 3819 5638
5 1 2 6033 9353
4 2
5 1 4 3833 8817 9692 10052
5 1 5 7525 8555 9777 9844 10145
4 1 4 4083 6077 9197 9658
4 1 3 4462 7143 7597
4 3
5 1 2 6193 9839
5 1 2 8073 10108
5 1 2 9254 9961
4 2
5 1 2 9846 10096
5 1 2 10073 10093
3 15
4 2
5 1 3 81 9284 9602
5 1 3 5753 8218 9433
4 1 7 114 4619 4934 7650 9796 10072 10139
4 1 4 626 2249 3179 7988
4 1 2 2308 10006
4 1 4 3150 8770 8943 9482
4 1 4 3507 4483 6172 9372
4 5
5 1 4 3741 7596 7726 8860
5 1 3 6474 9010 9028
5 1 2 6735 9855
5 1 2 7020 7021
5 1 2 9780 9940
4 1 3 4241 7271 9430
4 2
5 1 2 5962 8944
5 1 2 7578 9259
4 1 2 6776 9009
4 1 3 7493 8526 9600
4 2
5 1 3 7613 8523 9411
5 1 2 8916 8917
4 1 2 8378 8960
4 2
5 1 3 8560 8845 9369
5 1 3 8755 9549 9684
4 1 3 9177 9245 9329
3 9
4 1 3 87 9223 10086
4 1 5 224 1268 6128 6892 10030
4 2
5 2
6 1 2 3593 5234
6 1 2 8986 9480
5 1 4 5784 9161 9323 9451
4 2
5 1 3 3602 5919 9748
5 1 3 6324 7233 9675
4 2
5 1 3 4883 7681 9011
5 1 3 8720 8759 9066
4 1 3 5075 8377 8399
4 1 5 7408 8729 8739 9856 9971
4 1 2 8472 9311
4 1 2 9444 10067
3 1 6 208 1489 8165 8533 9745 9889
3 2
4 1 2 214 8302
4 1 7 2288 3641 4949 8255 8666 9171 9577
3 5
4 1 4 328 7197 10102 10290
4 1 2 2030 9717
4 1 2 4252 10285
4 1 4 8598 8826 9054 9667
4 1 2 9288 9376
3 6
4 1 3 339 9090 9616
4 1 2 3527 5206
4 1 2 4101 9575
4 2
5 1 2 5143 9968
5 1 3 9160 9436 9871
4 1 3 6229 10013 10061
4 1 2 8981 9963
3 8
4 2
5 1 3 374 8041 9319
5 1 2 6747 8055
4 2
5 1 2 565 9928
5 1 4 7075 9141 9761 9897
4 1 2 3062 10033
4 2
5 1 3 3859 5917 9630
5 1 2 5111 10234
4 2
5 1 3 6045 9606 9893
5 1 3 6531 9494 10109
4 1 5 6391 9155 9564 9869 10042
4 2
5 1 2 8975 9032
5 1 2 9497 9880
4 1 2 9672 9970
3 3
4 1 3 404 8697 9236
4 1 3 2776 8623 9872
4 1 3 8098 8343 9576
3 2
4 1 5 533 2028 7294 8750 9466
4 1 3 1624 9251 10110
3 1 3 608 5469 8581
3 3
4 1 3 718 9586 9620
4 1 3 5043 9343 9524
4 1 4 5696 8992 9886 10044
3 2
4 1 12 825 6006 8802 8933 9129 9725 9765 9774 9982 9996 10000 10007
4 1 3 2103 7720 9126
3 6
4 1 5 915 4885 7567 9031 9826
4 1 4 5682 7184 7823 9456
4 2
5 1 2 6210 9848
5 1 2 8529 10162
4 1 5 8250 8351 8935 9269 9338
4 2
5 1 2 8487 9812
5 1 2 9202 9339
4 1 3 8847 8880 9475
3 1 12 1023 4363 7733 7951 8963 9007 9119 9138 9348 9357 10129 10265
3 3
4 1 4 1052 5098 8035 9652
4 1 3 8224 9847 10167
4 1 2 9792 9883
3 3
4 2
5 1 3 2524 8758 9423
5 1 2 9459 9548
4 2
5 1 3 6831 10003 10158
5 1 2 8087 9747
4 1 2 9438 9495
3 4
4 1 2 2640 8919
4 1 2 4943 8811
4 1 3 7443 10082 10288
4 1 3 9260 10260 10298
3 2
4 1 2 3327 4137
4 1 3 9649 9785 9800
3 1 5 3995 4889 9233 9544 9975
3 2
4 1 3 4086 6221 9794
4 1 2 7980 9546
3 3
4 4
5 1 2 5238 9045
5 1 2 6968 8822
5 1 2 8485 8961
5 1 2 9210 9654
4 1 4 5663 7886 8921 10249
4 3
5 1 3 6792 10172 10304
5 1 3 9709 9832 9914
5 1 2 9904 9990
3 3
4 1 2 5264 10311
4 1 2 8827 9732
4 1 3 9764 9987 10124
3 1 7 5832 8547 9152 9217 9304 9815 9849
3 1 2 6424 9621
3 3
4 1 2 6709 9698
4 1 4 7068 8660 9802 10089
4 1 3 9603 9788 9991
3 2
4 1 2 6902 9151
4 1 2 9156 9391
3 2
4 1 6 7948 9110 9297 9442 10081 10224
4 1 3 9349 9477 10080
3 1 2 8914 9997
3 1 2 8929 9237
3 1 2 9115 9275
3 1 2 9321 9656
2 3
3 1 14 26 3825 4112 4740 5768 6039 7419 8553 8620 8978 9025 9687 10002 10299
3 1 2 3726 9528
3 1 2 8611 9588
2 17
3 1 6 41 4534 6547 6949 7619 7968
3 2
4 1 3 213 3540 8769
4 1 3 4417 9354 9804
3 2
4 1 3 850 9720 10181
4 1 2 7207 9824
3 3
4 1 2 2098 8998
4 1 3 4220 8195 8586
4 1 4 5627 5984 8180 10248
3 2
4 1 3 2907 9716 10153
4 1 3 9169 9536 9934
3 1 3 3918 9211 10063
3 1 4 3947 8139 9363 9713
3 1 4 5528 7299 9490 9629
3 1 5 5892 6620 8370 9949 9977
3 1 5 6005 6684 9310 9462 9618
3 2
4 1 3 6186 8836 9534
4 1 2 6477 8712
3 2
4 1 2 6569 7842
4 1 2 9789 10068
3 1 3 7903 9830 9841
3 2
4 1 2 8003 9580
4 1 3 9239 9280 9556
3 1 4 8403 8437 9498 9505
3 1 2 9255 9772
3 1 2 9782 9809
2 23
3 1 2 45 10035
3 1 8 172 2027 7005 7591 10228 10263 10267 10270
3 1 4 413 5333 7982 9285
3 2
4 2
5 1 2 503 10233
5 1 3 5255 6226 8154
4 1 3 9220 10103 10130
3 1 4 1265 6115 9638 9823
3 1 4 1472 9903 9960 10258
3 1 5 2684 8445 8954 9696 10142
3 1 3 3414 9186 9888
3 1 3 3624 4180 9068
3 1 2 4719 9165
3 1 2 8280 9650
3 2
4 1 3 8337 9557 10238
4 1 2 9318 9907
3 2
4 1 2 8481 9985
4 1 2 8808 9863
3 1 3 9244 9750 9947
3 1 4 9455 9458 9933 10083
3 1 2 9665 10099
3 1 2 9868 10262
3 1 2 9900 10272
3 1 2 9906 10078
3 1 2 10133 10179
3 1 3 10201 10243 10282
3 1 2 10205 10220
3 1 2 10269 10281
2 5
3 1 31 52 312 434 1060 3135 3406 5316 5889 5963 6141 6160 6205 6261 6499 7130 7462 7750 7933 8571 8630 8821 8853 8939 9146 9174 9308 9681 9769 9981 10105 10308
3 1 2 6583 8062
3 1 2 7484 9002
3 1 2 8995 9145
3 1 3 9902 9932 9951
2 1 4 58 2430 9309 9706
2 8
3 1 2 69 188
3 1 2 219 8926
3 2
4 1 3 1327 6299 8211
4 1 3 1752 8915 8950
3 1 4 1390 8946 9051 9664
3 1 5 2510 7412 7825 9104 9149
3 1 3 2590 7601 9153
3 2
4 1 2 5108 5194
4 1 3 7090 9366 9425
3 1 3 8564 8612 8687
2 26
3 6
4 2
5 1 2 80 4197
5 1 2 6711 8458
4 1 11 445 874 1091 1861 3993 4383 5272 8015 8186 9653 9986
4 1 4 527 4346 8082 8126
4 1 3 4250 4822 8317
4 1 2 4514 7290
4 1 3 6024 7849 8861
3 5
4 2
5 1 4 82 646 8223 9507
5 1 2 8421 8732
4 1 3 436 9887 9917
4 3
5 1 2 2781 7427
5 1 2 7282 10186
5 1 3 8646 8871 9723
4 1 3 3489 5978 9347
4 2
5 1 4 8490 9563 10123 10266
5 1 3 8795 8895 9039
3 1 17 229 1666 3411 4648 5031 6108 7198 7896 8724 8867 8977 9003 9048 9081 9551 9591 10085
3 1 3 1174 9775 9808
3 8
4 2
5 1 2 1288 7633
5 1 4 4496 7361 9519 9710
4 1 4 2418 6891 7006 9631
4 3
5 1 4 2956 4269 9609 9700
5 1 2 5100 9246
5 1 3 5505 7939 9560
4 2
5 1 2 3492 9478
5 1 6 4844 5743 6406 8552 8657 9749
4 1 8 3526 7755 7970 8522 9315 9704 9729 9739
4 1 2 8973 9763
4 2
5 1 2 9136 9427
5 1 2 9562 9786
4 1 2 9707 9926
3 2
4 1 2 1330 7857
4 1 3 3012 7333 10064
3 3
4 1 2 2140 10040
4 1 3 9072 10021 10037
4 1 2 9870 10001
3 3
4 1 7 3049 7501 8940 9399 9762 10066 10112
4 1 2 4222 9619
4 1 2 4578 4843
3 7
4 1 3 3408 7498 8680
4 1 4 4257 5909 8436 9387
4 1 5 5630 9820 10029 10113 10305
4 1 2 6228 8999
4 1 2 6642 7983
4 1 2 8626 9402
4 1 2 9503 9740
3 3
4 1 2 4487 10126
4 1 3 5180 9312 9814
4 1 2 7357 9864
3 8
4 2
5 1 3 4758 8678 9574
5 1 3 4817 5834 9091
4 2
5 1 4 6237 8996 9540 9666
5 1 3 6806 6820 10106
4 2
5 1 3 6292 6543 9383
5 1 2 10019 10168
4 1 4 7734 8645 9374 9547
4 1 3 8568 9964 10017
4 1 3 9470 10141 10208
4 1 3 9473 9545 9660
4 1 2 9736 9921
3 1 3 5199 6204 10092
3 1 4 5716 6625 10203 10287
3 2
4 1 13 5751 8543 8654 8774 8927 8971 9365 9818 9973 10014 10151 10198 10286
4 1 2 9026 9055
3 3
4 1 3 6707 9272 10056
4 1 2 8684 9884
4 1 2 10122 10295
3 1 2 7229 9624
3 1 3 7583 9454 9561
3 2
4 1 3 7790 9248 10253
4 1 5 9196 9770 9995 10255 10275
3 2
4 1 3 8056 8700 9607
4 1 2 8070 9137
3 1 6 8089 9201 10178 10212 10226 10303
3 1 3 8234 8389 9452
3 1 2 8407 8535
3 1 7 8450 8488 9336 9541 9825 9956 10119
3 2
4 1 2 8510 9890
4 1 2 8676 8796
3 1 4 8736 9328 9894 10189
3 1 2 9946 10005
2 11
3 1 4 84 2722 6963 6980
3 1 2 1047 3874
3 1 3 1862 4357 9241
3 1 2 2291 4650
3 1 4 3176 3299 4223 6449
3 1 6 3841 4075 5486 6121 7771 9625
3 1 2 4692 6490
3 2
4 1 2 5009 10229
4 1 3 5022 7654 8291
3 1 7 6181 6928 7832 8918 8974 9406 9610
3 1 3 7190 8519 9043
3 1 2 7485 8108
2 3
3 1 12 116 137 984 2537 7424 8023 8644 9015 9143 9377 9479 9670
3 1 2 2943 8941
3 1 2 9008 9084
2 3
3 1 12 134 152 789 6029 6082 8873 9449 9582 9874 9989 10100 10173
3 1 3 2379 5417 10279
3 1 2 4969 7303
2 2
3 1 2 165 8589
3 1 3 3034 6901 8382
2 1 3 202 4802 7540
2 37
3 5
4 2
5 1 2 206 9984
5 1 2 2144 6034
4 1 3 2055 2806 9935
4 1 3 7092 8088 9225
4 1 2 7712 9801
4 1 3 7964 8276 9356
3 2
4 1 4 239 3192 4579 4819
4 1 3 8899 9079 9754
3 5
4 2
5 1 3 313 7911 9207
5 1 2 10132 10296
4 1 2 2506 8323
4 1 2 8762 10097
4 2
5 1 2 9612 10257
5 1 2 10070 10095
4 1 2 10049 10118
3 2
4 1 2 431 9306
4 1 2 9701 9733
3 2
4 2
5 1 2 557 5636
5 1 2 7376 8578
4 1 2 9572 10177
3 2
4 1 2 616 10058
4 1 2 7534 10138
3 2
4 1 2 1970 10143
4 1 4 9334 9828 9919 9943
3 3
4 1 2 2143 7340
4 1 2 5397 9123
4 1 3 7752 8563 9219
3 2
4 1 3 3000 4432 9398
4 1 2 6812 9181
3 1 6 3079 3610 5437 8585 9036 9533
3 2
4 1 5 3223 9613 9938 10211 10278
4 1 3 7642 8469 9705
3 1 3 3804 9358 9803
3 1 4 3866 8345 8791 8994
3 1 3 4301 4554 10259
3 1 6 4544 4638 9516 9998 10018 10216
3 2
4 1 3 5462 8570 9271
4 1 2 9776 10202
3 1 4 5695 6231 8840 9279
3 3
4 1 2 6019 9565
4 1 2 9850 10057
4 1 2 10036 10219
3 2
4 1 2 6754 9891
4 1 3 8812 8887 9124
3 1 4 6959 7227 7798 9646
3 2
4 1 2 7386 9573
4 1 3 7718 8239 9472
3 1 3 7565 10053 10237
3 1 3 7626 9257 9857
3 1 4 7753 9512 9690 9912
3 2
4 1 2 8346 9639
4 1 2 9113 9913
3 1 2 8504 9920
3 2
4 1 2 8600 9835
4 1 2 8904 10015
3 1 3 8625 8690 9150
3 1 3 8652 9485 10274
3 1 3 8844 9230 9941
3 1 2 8862 9290
3 1 3 9052 9626 9699
3 1 3 9448 9860 9878
3 1 3 9674 9715 9915
3 1 3 9676 10135 10207
3 1 2 9721 9922
3 1 2 9819 10252
2 3
3 1 27 272 303 2416 2680 4421 4680 5597 6781 7379 7805 8606 8704 8717 8792 9264 9292 9400 9504 9526 9527 9714 9726 9730 9892 9944 9953 10050
3 1 3 5123 8235 9350
3 1 2 8855 10032
2 5
3 1 2 283 10098
3 1 2 2130 10227
3 2
4 1 2 4603 6267
4 1 2 6663 9346
3 1 5 6356 9853 9983 10137 10297
3 1 3 8379 8641 8702
2 4
3 1 3 349 5998 6097
3 1 55 1964 2812 3504 4172 5531 5667 6403 6683 6842 6865 7086 7246 7608 7727 7884 7943 7992 8119 8148 8178 8199 8209 8550 8596 8685 8765 8773 8787 8800 8831 8858 8865 8912 9063 9105 9111 9173 9238 9242 9301 9317 9385 9486 9728 9756 9851 9873 9879 9950 9952 9962 10079 10165 10192 10245
3 1 2 5393 9697
3 1 2 9266 9287
2 2
3 1 5 385 1468 4469 9384 9578
3 1 3 6253 7366 9502
2 5
3 1 8 407 3260 4647 5077 8489 9421 9437 9647
3 1 4 7122 9191 10191 10197
3 1 3 8231 8565 9429
3 1 3 9895 9979 10047
3 1 2 10010 10028
2 4
3 1 3 455 8072 9291
3 1 2 4181 9520
3 1 2 7105 8877
3 1 2 8024 8731
2 3
3 1 3 470 8955 10009
3 1 8 1345 1381 1859 1948 4293 4327 6981 9682
3 1 3 8021 8354 8703
2 2
3 1 3 506 844 937
3 1 2 624 8310
2 5
3 1 2 521 1839
3 1 3 4484 5212 7202
3 1 3 5810 7729 9758
3 1 2 8420 9234
3 1 5 9380 9679 9929 10246 10284
2 1 9 639 785 4679 6870 7459 10154 10210 10213 10214
2 2
3 1 20 668 5655 6574 7038 8400 9303 9450 9568 9999 10024 10060 10074 10101 10149 10152 10236 10251 10268 10283 10294
3 1 2 852 1448
2 1 11 701 6162 6343 8429 8439 8898 9395 9484 9539 9633 9724
2 2
3 1 4 742 8952 9295 10016
3 1 2 9420 9655
2 1 5 787 5694 9326 9386 9555
2 1 4 837 6965 8945 9821
2 2
3 1 51 861 1070 1112 3685 4244 4266 4337 4423 6310 6919 7482 7571 7574 7710 7912 8010 8203 8226 8321 8368 8404 8452 8594 8639 8719 8754 8756 8783 8830 8888 9004 9042 9094 9116 9185 9187 9337 9381 9390 9469 9487 9501 9614 9680 9731 9766 9858 9862 10117 10146 10196
3 1 4 2313 8367 8949 9496
2 2
3 1 2 873 6091
3 1 2 6774 10157
2 7
3 2
4 1 4 891 3419 10204 10223
4 1 4 3643 7120 8699 10231
3 2
4 1 4 1071 5353 9793 9854
4 1 3 8897 9678 9791
3 1 4 1184 8078 9053 10161
3 1 4 7743 8483 9570 9645
3 1 6 8262 8902 10164 10301 10307 10309
3 1 2 9506 9590
3 1 3 9552 9617 9712
2 1 4 902 7592 8392 10027
2 1 3 1073 8701 8804
2 2
3 1 27 1103 3073 5972 7076 7958 8112 8264 8674 8693 9056 9083 9282 9293 9332 9392 9413 9757 9798 9899 9974 10004 10008 10012 10163 10180 10199 10242
3 1 3 8150 9426 9515
2 1 3 1105 4641 10169
2 3
3 1 28 1139 2126 3846 4307 5023 5196 5236 6365 7097 8086 8418 8683 8907 8909 8953 9064 9142 9407 9440 9465 9474 9594 9688 9925 10147 10184 10222 10306
3 1 3 5691 7987 10140
3 1 3 7891 8842 9375
2 1 9 1250 4854 5828 7058 8290 8499 8618 9107 9492
2 2
3 1 2 1369 5011
3 1 19 1519 1809 3004 5899 8273 8575 8582 8733 8780 9127 9134 9278 9294 9799 9829 9843 9931 9978 10011
2 1 3 1462 2727 8558
2 1 4 2045 8734 8892 10289
2 1 8 2102 6004 7762 7875 8957 9755 9834 10215
2 1 16 2328 7407 7975 8985 9087 9325 9434 9584 9585 9587 9596 9671 9673 9695 9773 9827
2 3
3 1 11 2462 4201 5971 6470 7953 9132 9175 9208 9476 9885 10116
3 1 2 5734 6533
3 1 2 9837 10046
2 1 2 2688 4977
2 2
3 1 2 3180 9412
3 1 7 5945 6807 9114 9509 10077 10235 10302
2 2
3 1 2 3210 8714
3 1 2 6734 8457
2 1 3 3274 8064 10088
2 1 2 3498 9443
2 3
3 1 5 3655 6296 8372 9344 9611
3 1 2 6823 10174
3 1 2 9521 10193
2 5
3 1 3 3721 7507 10155
3 1 3 7714 9976 10025
3 2
4 1 3 8753 9118 10170
4 1 2 10195 10209
3 1 3 9082 9842 10187
3 1 2 9797 10206
2 2
3 1 2 3753 5148
3 1 2 4409 9305
2 2
3 1 3 3766 7141 9743
3 1 3 3968 4726 10171
2 1 5 3828 4461 6173 9537 9905
2 1 2 3836 7999
2 1 3 3879 9034 9866
2 1 2 3937 8449
2 4
3 1 3 4481 6110 9335
3 1 3 6399 7039 8622
3 1 3 6954 7725 8427
3 1 3 8463 8536 9493
2 3
3 1 2 4670 10144
3 1 2 8857 10194
3 1 2 9379 9965
2 1 3 4761 5523 8546
2 3
3 1 2 4830 9865
3 1 2 5653 9133
3 1 3 6083 8196 8348
2 1 4 5053 6650 8131 10084
2 1 2 5132 10121
2 1 3 5816 5903 9651
2 2
3 1 2 6106 10250
3 1 3 8029 9514 10134
2 1 3 6312 8230 9901
2 1 3 6389 8691 9683
2 3
3 1 2 6532 7189
3 2
4 1 2 6915 9632
4 1 2 9822 9992
3 1 2 10232 10256
2 1 2 6584 6636
2 2
3 1 2 6609 9108
3 1 2 9231 10076
2 2
3 1 3 6866 9163 9240
3 1 3 7963 9333 9910
2 2
3 1 2 6933 9218
3 1 2 8799 9554
2 1 3 7016 7219 10175
2 2
3 1 2 7051 9424
3 1 2 9030 9428
2 3
3 1 2 7169 9483
3 1 3 8782 9170 9959
3 1 2 8982 10026
2 1 2 7289 8772
2 2
3 1 3 7301 7404 8116
3 1 4 8632 9752 10225 10280
2 2
3 1 4 7311 8007 9148 9327
3 1 3 9235 9340 9623
2 1 2 7517 9969
2 1 4 7537 8090 8884 9017
2 1 3 7581 9924 10190
2 2
3 1 2 7657 8057
3 1 2 8881 8990
2 1 3 7666 9481 9583
2 1 4 7679 8428 9178 9471
2 2
3 1 4 7716 8677 9663 10071
3 1 2 9605 9939
2 2
3 1 7 8213 8375 8993 9859 9875 9980 10247
3 1 4 8965 9209 9718 10055
2 3
3 1 3 8245 8398 8878
3 1 3 8511 8779 9930
3 1 2 9018 9559
2 2
3 1 4 8492 9529 9813 10054
3 1 2 10045 10160
2 1 2 8501 8595
2 2
3 1 2 8554 8710
3 1 3 8928 9640 10059
2 1 3 8580 9273 10156
2 1 3 8584 9468 9511
2 1 2 8761 9942
2 1 3 8806 8984 9022
2 2
3 1 4 8931 9838 9881 10031
3 1 3 9070 9190 9948
2 1 3 9035 9911 10104
2 2
3 1 3 9488 10114 10136
3 1 2 9784 9852
2 1 3 9662 10034 10090
2 1 3 9735 10069 10127
2 1 2 9833 10038
2 1 2 9945 10020
2 2
3 1 2 10111 10292
3 1 2 10300 10310
1 2
2 1 51 23 46 880 903 1004 1015 1094 1137 1634 1732 1759 1771 1925 1966 2488 2577 3090 3207 3759 4165 4708 4811 4952 4981 5578 6246 7036 7087 7139 7157 7226 7230 7267 7315 7461 7586 7605 7697 7783 7959 8037 8038 8060 8419 8433 8545 8848 8874 9167 9410 9918
2 1 2 2479 8544
1 6
2 1 3 37 8743 9719
2 1 110 86 111 176 545 746 755 821 908 1022 1027 1039 1187 1931 2007 2118 2223 2491 2626 2690 2869 2917 3467 3881 4133 4179 4304 4478 4775 5116 5119 5354 5537 5549 5591 6135 6263 6524 6540 6729 7001 7050 7085 7256 7288 7324 7363 7395 7405 7435 7460 7468 7492 7510 7513 7555 7572 7627 7677 7746 7754 7772 7811 7956 7957 7969 8036 8084 8101 8162 8220 8408 8464 8474 8507 8566 8617 8673 8679 8748 8794 8810 8829 8879 8896 8976 9000 9027 9080 9085 9252 9267 9270 9276 9281 9316 9393 9414 9543 9571 9592 9598 9686 9760 9787 9836 10051 10159 10188 10217 10277
2 1 33 292 2235 6352 8277 8807 8841 8859 8866 8875 8906 8908 9095 9168 9176 9189 9200 9213 9222 9228 9243 9249 9250 9261 9330 9362 9364 9445 9513 9523 9553 9615 9741 9742
2 1 6 3679 4739 5133 5976 6164 7125
2 1 5 4672 5710 6258 6770 7458
2 1 2 6444 8045
1 1 22 56 2513 3516 4657 4733 5110 5227 5441 5902 6048 6060 6147 6497 6607 6739 7111 7144 7208 7861 7984 9737 9781
1 17
2 3
3 2
4 1 3 60 1744 6759
4 1 2 5607 5738
3 1 3 8176 9342 9635
3 1 4 8659 9058 9302 10166
2 2
3 1 5 63 2867 3023 3822 4588
3 1 3 371 1567 1609
2 7
3 1 6 76 194 395 549 1201 1547
3 2
4 1 3 123 1121 2421
4 1 3 804 1124 2262
3 1 4 438 875 991 3397
3 1 4 909 1274 2060 4840
3 1 4 1145 2422 2777 4048
3 1 4 1351 1469 1482 3045
3 2
4 1 4 1502 1877 3283 6794
4 1 2 1893 6626
2 1 7 128 685 4102 5598 5918 7515 9795
2 2
3 1 2 143 2085
3 1 5 273 2163 2293 5063 9909
2 5
3 1 4 244 924 2723 3087
3 3
4 1 4 416 5146 6348 9661
4 1 2 481 5217
4 1 2 865 4336
3 1 4 2559 2784 5026 6882
3 1 3 2832 3236 3797
3 2
4 1 2 2914 3057
4 1 3 3978 4115 4312
2 6
3 1 3 366 4044 4202
3 2
4 1 3 899 2064 3802
4 1 3 2048 2747 10039
3 1 3 1028 3941 4025
3 1 3 1030 4203 6377
3 1 5 1901 3193 5013 5331 6848
3 1 2 3170 6052
2 4
3 2
4 1 3 504 7506 9711
4 1 3 4005 4852 5793
3 1 3 2676 3894 4749
3 1 2 4350 6094
3 1 2 5960 9876
2 2
3 1 2 602 7656
3 1 2 6459 6698
2 1 5 851 1090 3823 5408 6668
2 1 2 1084 1126
2 4
3 1 3 1435 2801 7708
3 1 3 3682 6003 7658
3 1 2 4353 6001
3 1 3 4777 6482 6557
2 1 10 2423 4502 4526 5947 6334 6667 7887 8071 8605 9447
2 1 4 2459 4318 8615 9744
2 1 2 3259 4413
2 1 3 4727 8334 8435
2 1 2 6313 7199
1 19
2 25
3 4
4 2
5 1 4 93 8244 8344 8385
5 1 2 6960 8283
4 1 2 2275 8496
4 1 3 4601 8515 8525
4 1 2 8241 8705
3 4
4 2
5 1 2 126 3266
5 1 3 4135 4394 5220
4 1 3 2363 2597 5324
4 1 2 2948 4572
4 1 3 4453 4787 6074
3 1 2 408 3404
3 3
4 1 4 478 9394 9759 9779
4 1 3 596 2164 9831
4 1 2 8805 8846
3 1 14 542 848 946 1662 1922 2044 2172 2599 3364 3760 3989 5450 5905 6209
3 2
4 1 6 572 3114 3630 4899 5294 6787
4 1 5 4536 4545 5610 5619 7615
3 1 4 598 4468 5033 8391
3 1 11 612 1095 1532 2025 2572 3076 4915 5304 5385 5894 6867
3 3
4 2
5 1 2 809 3732
5 1 2 1106 3784
4 1 3 6103 6907 7531
4 1 2 6354 7091
3 3
4 1 3 823 2014 2925
4 1 3 2582 3277 4556
4 1 4 4330 4671 7818 7967
3 3
4 1 3 838 6809 6816
4 1 3 2986 4906 7621
4 1 2 3116 7391
3 1 11 1032 1866 5314 5340 5999 6252 6771 8001 8173 8635 9422
3 1 5 1045 2816 3009 3688 4684
3 1 6 2066 2434 2903 5861 6509 6666
3 1 2 2109 8776
3 2
4 1 2 2432 4125
4 1 4 3478 8130 8839 9659
3 2
4 1 3 2696 5131 5980
4 1 2 5540 5781
3 4
4 1 3 2851 7695 8184
4 2
5 1 4 3532 7546 7662 7860
5 1 2 6051 6563
4 3
5 1 3 3581 5027 7377
5 1 2 5970 6849
5 1 2 6591 7777
4 2
5 1 3 4446 6201 6216
5 1 2 6463 6969
3 1 2 3363 5256
3 1 2 3808 5048
3 1 2 4109 10261
3 3
4 2
5 1 2 4228 8123
5 1 3 6358 7213 8000
4 1 2 5642 6608
4 2
5 1 3 6397 6886 8970
5 1 2 7715 8033
3 1 6 4485 5348 8132 8613 9331 9689
3 1 2 4768 10240
3 1 2 8651 9628
2 27
3 1 3 96 2151 2449
3 2
4 1 4 212 486 4399 9071
4 1 4 1842 5616 5898 6431
3 6
4 1 3 243 5860 7606
4 1 3 338 440 2910
4 1 3 1653 4973 8048
4 1 2 1913 6716
4 1 3 2476 2627 6822
4 1 2 5380 7188
3 2
4 1 3 260 6475 6495
4 1 2 2274 5344
3 1 10 509 2047 2139 2192 2492 5698 5885 6519 6530 8177
3 4
4 1 3 703 2771 6801
4 1 4 3861 6057 6485 7305
4 1 2 6415 7216
4 1 2 6868 6903
3 2
4 1 3 812 4700 7074
4 1 3 2231 2990 5811
3 1 3 853 8308 8462
3 3
4 1 3 887 4127 7854
4 1 4 4211 5459 6455 7387
4 1 4 5747 6479 6480 6763
3 3
4 2
5 1 3 1203 2818 6592
5 1 2 3284 6440
4 2
5 1 3 1517 3347 6223
5 1 2 5890 6417
4 2
5 1 3 2643 2686 3316
5 1 2 2746 3801
3 2
4 1 3 1516 1721 4724
4 1 3 2232 3698 6302
3 4
4 1 2 1672 7252
4 1 2 3916 6672
4 1 3 6194 6582 7409
4 1 2 6438 7247
3 7
4 1 3 2002 4471 6874
4 1 2 2372 9075
4 2
5 1 3 5713 6013 8661
5 1 2 7179 7283
4 2
5 1 2 6080 6247
5 1 2 7349 8478
4 1 2 6436 7222
4 1 2 6819 6946
4 1 2 6863 7509
3 2
4 1 2 2429 5367
4 1 2 3604 4155
3 1 7 3068 3834 3920 4410 4804 5080 5485
3 3
4 1 5 3255 4669 4676 4711 7499
4 1 2 5036 6086
4 1 3 6447 6496 6647
3 1 3 3472 5689 9106
3 1 4 3583 5641 6484 6538
3 1 2 4027 6745
3 2
4 1 2 4124 5910
4 1 2 6535 7040
3 2
4 1 4 4507 6571 7519 8740
4 1 4 5440 7057 7595 8833
3 1 2 6007 6170
3 1 6 6445 6452 6522 9341 9593 9936
3 1 3 6686 7285 7542
3 1 2 7107 7205
3 1 3 7659 8174 9703
3 1 2 7774 7796
2 22
3 7
4 2
5 1 3 122 275 2300
5 1 4 656 855 2170 4524
4 3
5 1 2 614 925
5 1 3 971 2078 2134
5 1 2 1237 5159
4 1 4 813 969 1019 7342
4 1 3 926 3855 5981
4 2
5 1 2 2452 3248
5 1 2 6472 7664
4 1 4 4263 4642 4778 5883
4 1 3 4618 6714 6997
3 1 5 265 3092 5078 6715 8315
3 6
4 1 2 345 7275
4 1 3 801 1977 5228
4 2
5 1 2 1668 5737
5 1 2 2108 4418
4 1 2 1927 6567
4 1 3 3418 4104 5697
4 1 2 4285 4457
3 1 7 570 1481 1729 3499 4546 4914 7032
3 2
4 1 2 637 1277
4 1 5 1042 1147 1815 4510 4547
3 3
4 2
5 1 3 723 4771 6973
5 1 2 4964 5443
4 2
5 1 3 2675 3132 4584
5 1 2 2855 7265
4 1 2 3618 7483
3 2
4 1 3 774 3809 4259
4 1 2 4384 5222
3 1 4 982 3380 7182 7326
3 2
4 1 3 1219 3030 5990
4 1 2 2581 2979
3 1 6 1392 1582 1636 2454 4558 4635
3 1 3 1427 4886 5803
3 1 3 1453 7156 9685
3 1 6 1851 1941 2622 2692 2834 9403
3 1 2 2074 3565
3 1 4 2107 3031 4387 4807
3 1 5 2216 2527 3384 3510 7568
3 1 5 2386 5357 5949 5989 7273
3 1 6 2468 2969 3755 4896 4947 5673
3 2
4 1 4 3493 7173 7368 8059
4 1 2 6145 6380
3 1 4 4354 4355 4390 5419
3 2
4 1 2 4803 7566
4 1 2 6105 8328
3 3
4 1 3 5265 5930 7930
4 1 2 6410 9693
4 1 2 7187 9916
2 4
3 1 2 256 368
3 1 3 1031 2053 4622
3 1 3 3620 4065 8742
3 1 2 6769 8967
2 1 2 641 3748
2 4
3 1 3 834 5287 5521
3 3
4 1 2 1119 5274
4 1 3 1320 3320 5326
4 1 2 2473 2659
3 1 2 1418 7410
3 1 2 2854 3402
2 1 4 1138 9467 10065 10241
2 1 4 1328 5650 6350 10230
2 1 3 1591 4040 4063
2 1 3 1937 6414 7221
2 1 4 1986 2236 2296 4193
2 2
3 1 3 2142 2175 2719
3 1 3 5621 7278 7651
2 2
3 1 5 2215 3477 3953 4345 5674
3 1 2 3457 3468
2 1 3 2461 8252 9299
2 3
3 2
4 1 2 2803 8633
4 1 2 6947 8371
3 2
4 1 3 3666 5762 7941
4 1 2 5042 5748
3 1 3 6651 8292 8706
2 1 3 3900 7655 10200
2 1 3 3955 7649 9144
2 1 2 5470 7159
2 1 3 5639 6084 6614
1 2
2 1 3 403 1232 4616
2 1 4 3286 5632 5675 5723
1 1 4 427 3887 5389 5418
1 1 2 647 8182
1 1 2 1051 6368
1 1 2 6826 7037
1 1 4 8413 8979 9041 9059
1 1 2 9579 9597
