0 22
1 59
2 42
3 7
4 1 2 0 6642
4 2
5 1 3 135 4725 5996
5 1 2 749 7126
4 2
5 1 2 164 7643
5 1 4 2795 4927 5284 6276
4 3
5 1 4 2637 5567 7186 8079
5 1 4 2665 3171 5929 6777
5 1 4 5841 6504 6670 7295
4 3
5 1 2 3249 6753
5 1 2 5107 6513
5 1 2 5499 7421
4 1 2 4120 6178
4 1 2 6977 7797
3 1 6 140 2158 3946 6551 8016 8233
3 1 6 141 522 4258 4722 6349 8567
3 4
4 3
5 1 3 207 3534 5050
5 1 3 5141 6972 7945
5 1 2 5862 8187
4 2
5 1 4 569 662 7816 7841
5 1 2 3531 7175
4 1 3 3433 7778 8395
4 2
5 1 3 4431 6678 7238
5 2
6 1 2 6655 7232
6 1 2 7028 7610
3 2
4 2
5 1 3 370 5479 6512
5 1 2 7503 7890
4 1 4 686 3736 5541 8042
3 1 5 422 2706 5558 7108 7172
3 1 2 542 7529
3 2
4 1 2 553 4770
4 1 2 649 6790
3 7
4 1 2 562 4218
4 1 2 3269 5672
4 1 2 4755 7623
4 2
5 1 2 5192 6099
5 1 2 6640 7785
4 1 3 5500 6156 7978
4 2
5 1 2 6153 6717
5 1 2 7647 7904
4 1 2 6332 7359
3 2
4 1 2 799 7432
4 1 2 3497 6376
3 1 3 836 4189 8366
3 1 4 878 5152 5166 8459
3 2
4 1 4 1036 2332 7856 8117
4 1 2 7073 7541
3 2
4 1 2 1132 7494
4 1 3 4663 4921 7062
3 1 3 1357 7530 7814
3 1 5 2184 3660 5735 6889 8601
3 2
4 1 3 2187 4863 8477
4 1 2 6964 7994
3 1 4 2202 6112 7737 7809
3 1 5 2664 5643 6401 7379 7488
3 11
4 1 2 2886 8361
4 1 2 3505 8415
4 2
5 1 3 4114 5221 5401
5 1 2 6198 6211
4 1 2 4277 8153
4 1 2 5082 5577
4 1 2 5977 6800
4 1 3 6071 7719 8243
4 1 2 7551 7614
4 1 2 7579 7944
4 1 2 7683 7940
4 1 2 7828 7878
3 1 2 3001 8092
3 1 2 3434 7438
3 2
4 1 2 3733 5912
4 1 3 5451 6702 6815
3 1 3 3991 5431 7401
3 3
4 1 4 4160 5467 7422 7775
4 1 2 5115 7808
4 1 2 5845 6515
3 1 2 4298 8431
3 1 3 4503 5856 7078
3 1 3 4611 5224 6785
3 2
4 1 5 4820 6658 6727 7829 8260
4 1 2 7098 7919
3 1 3 4967 5412 7931
3 1 3 5092 5611 7382
3 3
4 1 2 5404 5498
4 1 3 6108 7538 7539
4 1 2 7518 8642
3 2
4 1 2 5437 8557
4 1 2 8171 8236
3 1 2 5721 5813
3 2
4 1 2 5726 6906
4 1 2 6000 8256
3 1 3 5826 7231 7925
3 1 3 5842 6124 8380
3 1 4 5944 7682 7920 8482
3 2
4 1 3 6079 6150 7673
4 1 3 6635 7628 7711
3 2
4 1 3 6613 7353 8191
4 1 2 7966 8340
3 1 2 7008 7569
3 1 4 7148 8100 8172 8728
2 3
3 1 2 15 6780
3 1 4 4214 5200 6847 8232
3 1 2 5671 6428
2 1 40 34 311 688 721 939 1034 1338 2221 3165 3336 3691 3731 3847 4164 4201 4211 4553 4625 4655 4728 4838 5045 5144 5233 5306 5390 5407 5438 5539 5679 5744 5756 6022 6313 6518 7012 7419 7423 8145 8189
2 43
3 2
4 1 2 39 7362
4 1 6 3146 5736 5859 5979 6913 7169
3 2
4 1 3 142 6622 6855
4 1 5 2621 4338 4629 6311 6363
3 6
4 1 3 166 5003 5193
4 1 3 2350 5020 7913
4 1 2 4511 5612
4 2
5 1 4 4747 5246 5633 5937
5 1 2 4991 5741
4 2
5 1 2 4784 6795
5 1 2 5282 6641
4 1 3 5137 5150 6161
3 6
4 1 3 274 5614 5835
4 1 2 357 6217
4 1 2 597 2512
4 1 5 651 675 3077 3322 7724
4 1 2 3471 6432
4 1 2 4422 6744
3 1 4 294 1214 4637 5247
3 3
4 1 4 321 6427 6835 7331
4 1 3 4251 6259 6545
4 1 3 4260 5926 7476
3 1 3 442 543 7047
3 1 4 457 6367 6938 7693
3 5
4 1 3 564 3805 5305
4 1 3 640 5688 6687
4 1 3 879 5631 6158
4 1 3 2829 4627 5395
4 2
5 1 2 4633 6149
5 1 2 5572 7456
3 1 5 592 4479 6218 6262 6617
3 6
4 1 3 609 5296 5332
4 2
5 1 2 923 5195
5 1 2 5163 5189
4 2
5 1 2 3060 5226
5 1 2 6225 6430
4 1 3 3295 5606 5771
4 1 3 4763 4858 6468
4 2
5 1 3 5069 6268 6279
5 1 2 5320 5514
3 6
4 1 5 724 3424 3868 6546 6766
4 1 3 3500 3740 5817
4 1 3 3703 4814 6643
4 1 3 3926 5360 7709
4 1 2 5002 6850
4 1 3 6043 6473 7308
3 2
4 1 5 726 2761 3300 4153 4474
4 1 5 754 2143 2810 5014 6295
3 1 8 903 3366 4134 4466 5064 5198 5749 5927
3 2
4 2
5 1 3 967 5823 6600
5 1 3 6251 6885 7562
4 1 5 3222 3924 7549 7573 7653
3 2
4 1 2 1218 5846
4 1 2 3086 5301
3 2
4 1 9 1840 3376 4401 5517 5654 5680 6419 6873 7065
4 1 2 4793 7200
3 1 2 1938 4151
3 1 2 1954 6064
3 3
4 1 4 1955 6577 6723 7500
4 1 4 2402 5381 6175 6362
4 1 3 3174 3796 4023
3 1 9 2116 4190 4887 5359 5429 5556 6073 6165 6459
3 1 11 2157 2823 4273 5008 5074 5544 6555 6961 6985 7031 7481
3 1 3 2177 5936 5954
3 1 9 2615 5405 5570 5711 6212 6987 7049 7416 7558
3 2
4 1 2 2624 6713
4 1 3 5501 5864 6529
3 1 2 2685 4924
3 2
4 1 2 2746 4471
4 1 2 6864 9183
3 1 2 3650 7663
3 1 3 3852 5852 6030
3 1 4 4154 5844 5870 9499
3 1 3 4614 5164 5592
3 1 3 4710 5329 6726
3 1 2 4738 5214
3 1 3 4837 5920 6843
3 1 4 5546 6453 7450 8012
3 1 2 5609 5882
3 1 3 5623 6307 7868
3 1 3 5742 5750 6409
3 1 2 5854 6269
3 1 3 6068 6558 6590
3 1 2 6335 9416
3 1 2 6337 6502
3 1 2 6884 7319
2 71
3 1 31 44 1759 2401 4004 5086 5094 5155 5430 5518 5827 6266 6479 6511 6610 6665 6673 6836 6861 7009 7115 7160 7220 7266 7390 7397 7577 7588 7686 7732 7844 7881
3 1 2 78 7396
3 1 42 95 175 417 1094 1238 1287 1898 2904 4274 4308 5062 5311 5472 5618 5828 6179 6185 6265 6297 6510 6654 6722 6854 6912 6956 6992 7045 7046 7100 7147 7193 7315 7383 7504 7837 7838 7855 8266 8293 8453 9112 9944
3 1 82 105 226 254 259 296 331 620 671 1008 1675 2301 2365 2469 2517 2529 3183 3276 3421 3633 3666 3790 3860 4024 4205 4382 4402 4533 4790 4792 4833 4845 4849 5035 5372 5444 5480 5502 5520 5585 5770 6031 6137 6232 6494 6503 6627 6675 6704 6730 6865 6875 6918 6925 6944 7026 7127 7157 7258 7322 7334 7520 7580 7648 7670 7685 7763 7770 7776 7782 7810 7812 7834 7864 7869 7870 7876 7962 7989 8008 8259 8320 8383
3 1 3 107 4470 6909
3 1 2 131 472
3 1 29 134 630 3085 3293 3629 4144 4404 4482 4922 5095 5352 5600 5634 5821 6038 6471 6649 6660 6662 6899 6921 6940 7052 7080 7118 7181 7261 7329 7692
3 1 62 156 494 698 2763 2837 3374 3395 3768 3773 3818 4494 4513 4528 4570 4687 4799 5001 5122 5302 5582 5599 5604 5669 5831 6122 6578 6689 6765 6837 6898 6975 6993 7079 7136 7203 7336 7669 7738 7745 7756 7817 7827 7831 7839 7899 7917 7936 8077 8109 8141 8156 8159 8179 8183 8246 8255 8307 8350 8365 8509 8574 8869
3 1 75 196 304 396 539 606 800 1128 3090 3148 3571 3982 4117 4619 4651 5099 5516 5878 6069 6192 6544 6631 6676 6740 7082 7101 7106 7112 7116 7161 7199 7208 7224 7230 7249 7317 7446 7449 7502 7590 7602 7609 7637 7641 7672 7674 7767 7769 7803 7811 7871 8020 8027 8114 8124 8128 8136 8251 8257 8265 8285 8296 8313 8322 8326 8335 8341 8374 8406 8447 8454 8541 8737 8820 8870 8900
3 1 83 257 337 580 607 626 691 1069 1087 1225 2176 2475 3382 3435 3551 3572 3846 3875 4198 4372 4438 4742 5032 5039 5142 5377 5446 5488 5583 5593 5620 5765 5843 6009 6017 6020 6023 6049 6063 6078 6123 6222 6378 6585 6615 6669 6775 6844 6856 7030 7034 7069 7070 7088 7133 7178 7201 7554 7593 7733 7742 7801 7822 7825 7897 7900 8034 8065 8144 8167 8168 8200 8201 8216 8271 8304 8338 8388 8393 8409 8766 9274 9604 9972
3 1 32 263 503 786 1805 2395 2561 4891 4948 5423 5532 6426 6437 6483 6516 6661 6724 6793 6896 7035 7054 7067 7077 7183 7228 7257 7262 7298 7320 7740 7927 8286 8288
3 1 2 269 4731
3 2
4 1 2 305 6601
4 1 5 1318 2565 3957 7129 7210
3 1 2 356 3554
3 1 8 403 1335 2841 2843 4616 4677 6239 7190
3 1 3 454 6206 7892
3 1 61 461 572 781 1642 2092 2212 3412 3587 4050 4717 5361 5635 6136 6481 6528 6750 6786 6813 6834 6958 6967 6997 6999 7019 7113 7134 7163 7194 7243 7260 7284 7300 7347 7373 7381 7474 7533 7535 7557 7665 7668 7687 7696 7698 7807 7846 7866 7932 8067 8099 8127 8181 8254 8297 8300 8332 8333 8466 8468 8513 9040
3 1 3 492 7599 7815
3 1 2 520 8342
3 1 2 540 8122
3 2
4 1 2 588 9740
4 1 2 1618 6978
3 1 3 669 816 5915
3 1 2 920 4734
3 1 2 1535 7225
3 1 5 1538 7254 7604 7802 8237
3 1 4 1561 7348 7413 7471
3 1 3 1690 4167 8163
3 1 3 1858 5640 6924
3 1 2 2196 7089
3 1 3 2203 6291 7152
3 1 3 2551 4723 6374
3 2
4 1 2 2670 6416
4 1 2 6904 7512
3 1 2 2683 6166
3 1 3 2822 5182 6939
3 1 3 3034 4878 7235
3 1 5 3066 5177 6619 6749 7287
3 1 2 3175 5554
3 1 3 3420 5371 7553
3 1 3 3546 6618 7550
3 1 2 3896 7575
3 1 2 4118 7833
3 1 2 4357 4714
3 1 3 4476 4662 5022
3 1 3 4667 5761 6623
3 2
4 1 2 4828 6143
4 1 2 6457 6805
3 1 2 5038 7162
3 1 2 5491 6732
3 1 2 5603 6971
3 1 2 5632 5723
3 1 2 5686 7350
3 1 2 5768 6315
3 1 3 5888 6037 6236
3 2
4 1 2 5982 7749
4 1 2 6353 7211
3 1 2 6182 7239
3 1 6 6369 6840 7341 7345 7430 7452
3 1 3 6442 7171 7463
3 1 3 6653 6791 7293
3 1 2 6674 7704
3 1 3 6692 7499 7654
3 1 2 6719 7132
3 1 2 6755 7934
3 1 2 6772 6943
3 1 2 6810 8289
3 1 2 7061 8204
3 1 2 7081 8281
3 1 5 7104 7335 7364 7368 7371
3 1 3 7306 8267 8352
3 1 2 7327 8278
3 1 2 7339 7360
3 1 2 7465 8396
3 1 2 7760 8018
2 1 22 56 2513 3516 4239 4657 4733 5110 5441 5902 6060 6147 6319 6497 6607 6739 6851 7111 7144 7209 7275 7343 7861
2 2
3 1 64 73 567 867 897 958 1168 1512 1582 1851 1900 2519 2585 2628 3031 3111 3368 3462 3566 3961 4168 4187 4207 4385 4434 4868 5073 5149 5187 5267 5289 5312 5399 5550 5659 5718 5724 5968 6036 6224 6244 6320 6542 6846 6890 6984 6996 7000 7011 7048 7437 7451 7496 7702 7723 7751 7820 7824 7976 8006 8009 8068 8215 8269 8369
3 1 2 7612 8212
2 1 34 75 132 253 1196 1457 2828 2931 3112 3151 3188 3252 3361 3392 3401 3829 4262 4442 4576 4685 4882 4928 5181 5201 5216 5590 5755 5782 6007 6180 6383 6387 6405 7457 8694
2 46
3 2
4 1 3 88 3025 6877
4 1 2 5117 6671
3 1 3 92 4504 5712
3 3
4 1 3 103 872 7947
4 1 3 511 5465 6597
4 1 2 6336 8562
3 2
4 1 11 168 1743 1928 4668 5530 5728 5805 6187 6301 6333 7237
4 1 2 4497 4592
3 1 3 170 5215 5421
3 2
4 1 3 185 1791 6371
4 1 4 5259 6294 6379 7979
3 2
4 1 3 188 6119 6316
4 1 2 2464 8248
3 1 3 211 6233 6541
3 2
4 1 2 329 6656
4 1 2 3601 6789
3 7
4 2
5 1 2 392 5093
5 1 3 4788 4988 5555
4 4
5 1 2 579 4881
5 1 3 2180 5973 6498
5 1 2 4377 6120
5 1 2 5533 6248
4 2
5 1 2 2940 5145
5 1 3 3265 4429 6883
4 2
5 1 2 3351 5495
5 1 3 4131 6421 6659
4 2
5 1 3 3939 5626 6219
5 1 2 4188 6066
4 1 4 4412 5911 6395 6536
4 2
5 1 2 5426 6458
5 1 2 5551 5562
3 1 7 486 5208 5974 6163 6213 6288 6366
3 1 7 635 3592 4441 4930 5406 5503 7094
3 1 7 791 3131 4880 5739 6386 6549 6845
3 1 3 805 5595 5602
3 2
4 1 2 1100 4805
4 1 2 3071 3856
3 6
4 1 2 1263 1935
4 3
5 1 2 3810 5581
5 1 3 4230 4593 5489
5 1 2 4455 5730
4 1 2 5232 5310
4 1 2 6396 7099
4 1 3 6525 6743 7015
4 1 3 6652 6811 6914
3 2
4 1 2 1596 6953
4 1 2 6002 6274
3 11
4 1 4 1644 5275 6053 6803
4 1 3 2619 6693 6706
4 1 3 3139 4842 6240
4 1 4 3931 4791 5732 5959
4 2
5 1 3 5788 6155 6493
5 1 2 6321 6323
4 1 2 5802 5997
4 1 2 5879 6360
4 1 3 5900 6465 6467
4 1 2 6015 8329
4 1 2 6322 7441
4 1 3 6526 6679 6710
3 4
4 1 2 1762 5018
4 1 5 4102 4688 5106 5351 5704
4 1 2 5298 6008
4 1 2 6250 6254
3 1 2 2123 5703
3 2
4 1 2 2306 6955
4 1 2 5840 6469
3 7
4 1 3 2307 6260 6778
4 1 2 4071 5628
4 1 2 5271 5769
4 1 3 5308 5858 6152
4 1 2 5660 6061
4 1 2 5773 6646
4 1 2 6130 6872
3 2
4 1 2 2472 4612
4 1 2 6629 6895
3 4
4 1 2 3042 3517
4 1 5 5382 6638 7063 7402 7408
4 1 2 5993 7358
4 1 2 7414 7467
3 1 6 3460 4963 5515 5798 6208 6423
3 2
4 1 3 3627 6881 7272
4 1 2 6824 7123
3 2
4 1 2 3739 4082
4 1 2 4388 6056
3 1 6 3951 4185 5162 6264 6281 6852
3 2
4 1 3 3971 5464 6242
4 1 3 4785 5969 6116
3 1 2 4030 5553
3 1 3 4147 6758 8140
3 1 3 4531 5779 6738
3 1 3 4664 6014 6126
3 1 3 4810 6214 7270
3 1 3 4968 5865 7149
3 3
4 1 3 4997 5434 6235
4 1 2 5933 6581
4 1 2 6090 7297
3 1 2 5109 5400
3 1 3 5174 6937 7191
3 1 4 5183 5668 6134 7403
3 3
4 1 4 5257 6688 6832 6859
4 1 2 6700 6746
4 1 2 7369 7384
3 2
4 1 6 5511 5622 5786 6040 6113 6375
4 1 2 6173 6283
3 1 2 5851 6381
3 1 2 5994 6857
3 1 3 6062 6111 6725
3 1 2 6696 6733
3 1 2 7177 7277
2 9
3 2
4 1 3 100 7847 8197
4 1 3 6598 6986 7972
3 1 3 158 2358 6272
3 4
4 1 3 650 6829 7056
4 1 3 670 4021 4543
4 1 2 4525 6966
4 1 2 4798 6680
3 1 2 2916 7140
3 1 4 3536 4540 5276 6109
3 1 2 4161 8175
3 1 2 5088 5687
3 2
4 1 3 6411 7490 7923
4 1 3 7044 7236 7705
3 1 4 6930 7248 7505 7877
2 13
3 1 8 136 393 7071 7268 7280 7879 8103 9757
3 1 2 583 7142
3 1 2 744 6354
3 1 6 1721 5967 6055 6195 6370 6521
3 1 2 3315 5681
3 1 2 4776 5355
3 1 2 5652 7721
3 1 2 5894 6900
3 1 2 6095 6382
3 2
4 1 2 6103 6524
4 1 2 6907 7531
3 1 2 6139 6782
3 1 3 6450 6690 6735
3 1 2 7799 8548
2 1 13 151 3795 4935 5436 5637 6125 6400 6579 6826 7281 7472 7479 7998
2 1 3 154 426 7010
2 1 4 179 2057 3850 6560
2 1 9 190 4865 4965 5178 5561 5872 5958 5985 6249
2 21
3 1 6 222 5391 5674 5804 6763 7083
3 7
4 1 3 238 2720 2946
4 1 3 262 1285 4564
4 1 5 398 848 2331 6154 6501
4 2
5 1 3 1041 5322 5815
5 2
6 1 2 3116 3840
6 1 2 6183 6926
4 1 3 3966 5286 5932
4 1 3 3997 5792 6462
4 1 2 6576 8537
3 3
4 1 3 266 5924 7023
4 1 3 3328 3696 6630
4 1 3 4783 6841 7675
3 7
4 2
5 1 2 286 3851
5 1 2 5838 6603
4 2
5 1 3 451 3895 5987
5 1 2 784 4215
4 1 4 1695 4869 6114 6566
4 1 4 2175 4142 4835 7627
4 3
5 1 3 3774 6976 7321
5 1 2 5253 5466
5 1 2 5617 6394
4 1 4 4443 6388 6871 7025
4 2
5 1 3 5156 6897 8443
5 1 2 6586 6606
3 2
4 1 4 1360 3642 5560 8158
4 1 6 3905 4389 5112 5966 6797 9738
3 1 5 3244 6174 6397 6500 7706
3 7
4 1 5 3312 5318 5545 5678 5740
4 1 4 3671 5363 5923 6011
4 2
5 1 2 3869 4721
5 1 3 5651 6331 6691
4 1 4 4419 4539 4583 5829
4 1 3 4985 6828 7661
4 2
5 2
6 1 2 5084 5715
6 1 2 6936 7425
5 2
6 1 2 5439 6308
6 1 2 6404 6562
4 1 2 5794 6010
3 2
4 1 2 3793 7093
4 1 2 5709 5714
3 3
4 1 8 3952 4615 5258 5524 5719 5873 6042 7121
4 1 3 4073 4893 4936
4 1 2 5460 5928
3 1 3 4054 4660 5366
3 3
4 1 2 4116 6046
4 2
5 1 3 4746 6317 7617
5 1 3 5818 6425 6947
4 1 3 5983 6695 7473
3 2
4 1 2 4124 5820
4 1 2 5270 5884
3 2
4 1 2 4537 6737
4 1 2 5315 5356
3 2
4 1 3 4645 5034 5101
4 1 4 4826 5375 5675 7544
3 3
4 1 2 4743 6227
4 1 2 5341 7645
4 1 2 5365 7678
3 2
4 1 2 4847 5569
4 1 2 5373 6827
3 1 3 5277 5565 6303
3 2
4 1 3 5328 5910 6686
4 1 2 6929 6948
3 2
4 1 4 5459 5571 6708 7387
4 1 3 5887 6819 6946
3 1 3 5552 6922 7102
3 1 2 6888 7041
2 2
3 1 3 224 7055 7893
3 1 10 874 3220 5059 5758 5787 6085 6197 6341 6588 8582
2 29
3 2
4 1 2 298 4379
4 1 2 4237 7215
3 1 2 319 6767
3 3
4 1 3 474 5685 5806
4 1 3 4518 5447 5706
4 2
5 1 2 5908 7946
5 1 2 6210 6796
3 2
4 1 2 575 5601
4 1 2 7146 7522
3 1 7 611 4165 4517 5175 7304 7765 8441
3 3
4 1 4 676 2547 3484 6550
4 1 4 2004 7389 7585 7744
4 1 2 6200 7318
3 1 4 714 1911 5000 7477
3 2
4 1 2 859 6779
4 1 3 3603 5342 6728
3 1 3 921 1614 7351
3 1 3 1865 5573 6403
3 3
4 1 5 1998 2819 7064 7436 7636
4 1 3 5692 7018 7195
4 1 2 7607 8155
3 1 2 2218 6523
3 4
4 1 2 2630 5907
4 1 2 3022 6080
4 1 2 4104 5697
4 1 2 5889 7182
3 1 5 2865 4459 5624 6021 6326
3 2
4 1 4 3670 5948 7024 7325
4 2
5 1 2 5893 7192
5 1 3 6330 7375 7464
3 2
4 1 2 3690 5777
4 1 3 4778 5767 6988
3 1 3 3758 6304 6814
3 1 4 4342 4962 6215 6486
3 1 5 4621 5526 6325 8291 9212
3 2
4 1 2 4902 7114
4 1 2 6539 6570
3 1 3 5248 6159 8160
3 1 3 5283 5575 7374
3 1 3 5717 6950 7145
3 1 4 5733 7859 7960 7993
3 1 2 5825 5951
3 1 2 6093 7630
3 1 4 6703 7029 7418 8164
3 1 3 7110 7296 7889
3 1 2 7165 7480
2 1 5 351 2026 6280 6596 7264
2 6
3 1 3 391 6342 7888
3 1 3 758 3110 6537
3 1 2 1359 5670
3 2
4 1 3 3334 4508 6648
4 1 2 7138 7800
3 1 2 3672 7794
3 3
4 1 2 5504 6989
4 1 2 5891 6860
4 1 2 6951 7995
2 3
3 1 16 407 4381 5548 5747 6184 6565 6612 6657 6818 7002 7119 7415 7439 7453 7826 8166
3 1 2 3528 7095
3 1 2 6553 7276
2 2
3 1 5 433 730 5307 5574 7017
3 1 3 1841 6677 6833
2 2
3 1 16 477 700 1144 1156 1513 2642 3437 3549 3772 6050 6082 6157 6305 6932 7582 7921
3 1 2 1691 4624
2 2
3 1 3 495 852 5812
3 1 6 5745 5800 6998 7793 8414 8681
2 4
3 2
4 1 3 517 4331 7444
4 1 2 7747 8279
3 2
4 1 2 3386 8133
4 1 4 7454 7508 8851 9195
3 1 2 4610 7543
3 2
4 1 3 4998 7167 7901
4 1 2 6751 7440
2 1 17 563 658 680 845 1246 1296 2414 2680 3290 3292 3936 4351 5262 5403 6243 6701 6752
2 2
3 1 3 625 4026 5522
3 1 21 1173 1812 2285 2368 2548 2971 3639 4282 4392 4797 4972 5089 5124 5191 5386 5906 6284 6446 6517 7977 9044
2 3
3 1 5 632 1102 3051 4085 6556
3 1 2 2314 6838
3 1 2 4932 6339
2 1 2 647 8182
2 1 4 719 1429 3900 4954
2 8
3 1 2 809 3004
3 1 3 1387 3141 6238
3 2
4 1 2 2405 4686
4 1 3 6718 8348 10197
3 1 3 2730 5535 7478
3 2
4 1 2 3190 5071
4 1 2 4830 8196
3 1 3 4585 6083 8050
3 1 3 5468 7241 7366
3 2
4 1 3 5483 5588 6784
4 1 2 6318 7722
2 1 9 847 1026 1785 5772 6059 7773 7788 7792 7910
2 3
3 1 10 946 1662 2044 2599 3344 5116 5450 5644 5905 6621
3 1 4 4449 6869 7521 7835
3 1 5 6917 6920 7367 7781 8107
2 2
3 1 5 1058 3635 5629 5904 6764
3 1 5 5529 6286 6721 6804 7728
2 3
3 1 41 1083 3455 3579 3623 3727 3970 4378 4415 4691 4780 5225 5309 5368 5374 5720 5752 5790 5795 5797 5847 5868 5934 5965 6140 6226 6245 6275 6277 6285 6293 6364 6384 6392 6407 6420 6433 6508 6559 6788 6825 6941
3 1 2 4703 6361
3 1 2 6067 6488
2 2
3 1 6 1301 2019 5105 5646 5991 6171
3 1 2 3565 4839
2 2
3 1 7 1687 6027 6199 6448 7783 7935 8664
3 1 2 5796 6645
2 2
3 1 33 1993 2316 3318 3486 3573 4300 4319 4333 4983 5349 5955 6092 6593 6952 7103 7196 7309 7310 7527 7707 7830 7865 7942 7961 8011 8086 8371 8801 9367 9596 9737 9861 9882
3 1 2 7285 7542
2 1 3 2735 4765 7784
2 1 3 3070 5060 6594
2 4
3 1 2 3187 7676
3 1 2 5218 7867
3 1 3 6131 6711 7391
3 1 2 6762 6905
2 1 3 3271 6188 7316
2 1 11 3483 4272 6234 6372 6995 7174 7417 7821 7852 8129 8151
2 1 4 3496 5877 6327 8339
2 1 2 3984 7307
2 3
3 1 2 4047 6127
3 1 2 5452 6100
3 1 2 6101 7344
2 2
3 1 2 4216 5037
3 1 2 5648 5658
2 2
3 2
4 1 2 4293 8222
4 1 2 5785 7761
3 1 3 5729 5895 5952
2 1 3 4365 4898 6373
2 2
3 1 27 4464 5118 5484 6072 6076 6088 6168 6196 6255 6300 6306 6328 6329 6338 6568 6624 6694 6697 6878 6908 7043 7259 7445 7598 7758 8096 8188
3 1 2 6025 6191
2 2
3 1 3 4515 4769 5608
3 1 3 5941 6167 6460
2 1 2 5383 6118
2 2
3 1 2 5639 6666
3 1 2 6084 6614
2 1 2 5808 6220
2 1 2 5964 8643
2 1 2 6006 7718
2 1 2 6016 6203
2 1 2 6561 9164
2 1 2 6911 7883
1 36
2 41
3 1 32 1 249 306 308 406 498 577 720 849 934 1118 1158 1185 1572 1602 1988 2240 2438 2489 2673 2699 2745 2767 2845 2930 3115 3404 3611 3886 3919 4538 7388
3 3
4 1 2 28 2273
4 1 3 1465 1682 3541
4 1 4 2137 2343 3209 3820
3 1 30 53 163 655 1082 2075 2119 2122 2135 2179 2188 2381 2507 2562 2895 2911 3107 3520 3590 3786 4041 4128 4332 4729 4884 4982 4996 4999 5427 5513 5986
3 1 2 61 3234
3 2
4 1 2 67 1064
4 1 2 4199 5559
3 1 2 109 3304
3 1 2 155 2380
3 1 39 320 657 870 1021 1057 1077 1117 1161 1227 1316 1446 1738 2021 2104 2311 2392 2399 2490 2514 2543 2693 2802 2844 2891 3016 3224 3387 3391 3803 3830 3986 4008 4028 4043 4242 4356 4451 4575 4590
3 1 4 335 775 1534 2115
3 1 6 367 980 2387 2435 2880 3359
3 2
4 1 2 412 4067
4 1 2 4491 5645
3 1 7 415 594 1573 3212 4950 4975 5129
3 1 6 576 803 1628 3162 3227 3241
3 2
4 1 2 590 1870
4 1 2 601 2571
3 1 3 739 2466 3580
3 1 5 815 1170 2482 2649 2716
3 1 6 898 1284 1640 1697 1736 4078
3 1 3 1104 2603 2694
3 1 3 1150 4877 5044
3 1 2 1295 3903
3 1 2 1540 2268
3 1 3 1645 2003 3313
3 1 2 1897 6270
3 1 4 2110 2540 2541 5819
3 1 2 2112 2406
3 1 2 2211 2756
3 1 2 2511 4371
3 1 3 2544 2875 3094
3 1 2 2700 2793
3 1 3 2758 2839 4701
3 1 2 2821 3088
3 1 2 2848 2849
3 1 2 2882 2941
3 1 3 2905 2924 3399
3 1 2 2922 3775
3 1 2 2939 3040
3 2
4 1 3 2975 3574 3911
4 1 2 3137 3556
3 1 2 3014 3098
3 1 2 3063 3415
3 1 3 3348 5731 5754
3 1 2 3634 4208
2 36
3 22
4 3
5 1 3 2 3969 4121
5 3
6 1 2 488 4344
6 1 2 499 2451
6 1 3 1412 4290 4599
5 1 5 2600 3268 3430 3502 3948
4 1 3 113 828 4042
4 6
5 1 3 161 3599 3907
5 1 2 1657 3800
5 1 3 2043 4261 4311
5 1 2 2195 4079
5 1 2 3103 4247
5 2
6 1 2 3935 4270
6 1 3 3992 4060 4341
4 1 4 204 2515 3651 4294
4 5
5 1 2 225 3597
5 1 2 995 4426
5 1 2 1510 5005
5 2
6 1 3 2553 2671 2775
6 1 2 2677 3140
5 1 4 3652 3678 4276 4500
4 1 3 270 2799 4450
4 3
5 1 4 314 2494 3365 3849
5 2
6 1 2 532 535
6 1 2 2411 3423
5 1 4 839 1509 3622 3878
4 3
5 1 2 389 3974
5 1 2 3189 4756
5 1 2 3585 4495
4 2
5 1 3 485 2484 2976
5 1 3 1893 3673 4299
4 3
5 1 3 531 4002 4557
5 1 3 1122 3452 3600
5 1 2 1980 1999
4 6
5 1 2 559 5566
5 1 2 566 2222
5 1 3 1705 3885 4204
5 1 3 2773 4364 4720
5 1 2 3616 3657
5 1 2 3656 4505
4 1 3 1234 4089 4100
4 3
5 1 2 1298 4326
5 1 2 1730 3152
5 1 2 2605 4340
4 1 3 1346 3962 4698
4 3
5 1 2 1417 4289
5 1 2 3443 3769
5 1 4 3812 4267 4463 4598
4 3
5 1 3 1983 4186 4243
5 1 2 3614 3787
5 1 3 4110 4113 4360
4 2
5 1 2 2478 3512
5 1 2 3126 3524
4 1 3 2858 3906 4256
4 2
5 1 2 2952 4250
5 1 2 4209 4231
4 1 4 3223 3884 3967 4424
4 1 4 3724 4007 4087 4175
4 1 3 3904 4025 4224
3 18
4 6
5 1 4 4 1637 2725 3921
5 2
6 1 2 947 3965
6 1 3 3827 4406 4468
5 1 2 1280 3036
5 2
6 1 2 1951 3267
6 1 2 2633 2908
5 1 2 2225 3240
5 1 2 5335 5392
4 4
5 1 4 42 586 2695 3644
5 1 3 333 2721 4068
5 1 4 886 2833 3544 3709
5 1 3 4177 4235 4339
4 2
5 1 2 85 4152
5 1 3 1926 4156 4182
4 5
5 1 3 300 3400 5102
5 1 3 405 1289 3561
5 1 2 453 4362
5 1 4 479 2613 3082 3154
5 1 3 3713 4762 5029
4 4
5 2
6 1 3 687 955 3514
6 1 3 930 2442 4754
5 1 3 761 3996 5656
5 1 3 1356 4812 5188
5 2
6 1 2 3182 5362
6 1 2 3461 5243
4 1 4 778 1571 1583 1827
4 3
5 1 2 911 5067
5 1 3 4150 4994 5168
5 1 2 5409 5461
4 2
5 1 2 1050 4857
5 1 2 3226 3707
4 1 2 1179 4874
4 2
5 1 3 1248 3339 4795
5 1 2 2031 2339
4 2
5 1 3 2736 4302 4465
5 1 3 3118 4094 4444
4 1 2 2879 3817
4 1 6 3239 3877 4386 5493 5534 6278
4 1 4 3279 4317 5295 5398
4 1 3 3428 3658 6138
4 1 3 3466 3842 4766
4 1 2 4093 4343
4 1 3 4238 4689 5104
3 18
4 4
5 1 2 10 3228
5 1 2 605 3203
5 1 3 1361 4602 4646
5 1 2 3680 3765
4 2
5 1 4 64 1171 3178 5047
5 1 4 2996 3490 4970 5230
4 1 4 106 4427 4850 4862
4 1 4 248 3432 4265 5323
4 3
5 1 5 287 3481 3784 4139 5091
5 1 2 2789 4310
5 1 3 4295 5121 5563
4 3
5 1 5 530 4560 4806 4907 4995
5 1 2 4825 5025
5 1 2 4834 4984
4 6
5 1 2 663 4827
5 1 4 949 2460 6916 7526
5 2
6 1 2 1109 5763
6 1 2 2002 3716
5 1 3 3321 4143 4359
5 1 4 4445 4990 5339 5542
5 2
6 1 2 4522 5090
6 1 2 4548 4993
4 3
5 2
6 1 2 2378 4512
6 1 2 3055 5384
5 1 5 4683 4870 4919 5125 5345
5 1 2 4944 9601
4 2
5 1 3 2413 2953 3465
5 1 4 5387 5396 5477 5699
4 2
5 1 2 2525 3283
5 1 2 3960 4108
4 1 4 2528 2932 4659 4767
4 1 3 2635 2872 4246
4 2
5 1 3 2847 4946 5024
5 1 5 3204 4400 4831 4931 5019
4 1 3 2923 4348 4848
4 1 3 3130 4309 5169
4 2
5 1 2 3674 5061
5 1 2 5249 5263
4 1 4 4454 4925 5364 5420
4 1 2 4706 5028
3 7
4 2
5 1 2 20 4037
5 1 2 1891 2785
4 1 3 59 4789 4859
4 1 3 484 3456 4694
4 1 2 760 4297
4 1 6 950 2919 3409 4013 4264 4636
4 1 2 4077 4986
4 1 2 4097 4953
3 7
4 1 4 32 5209 5454 5746
4 1 5 33 642 3280 4926 5657
4 1 2 1059 4159
4 1 3 1846 4306 5684
4 1 3 3198 4447 5260
4 1 5 4148 4933 5376 5415 5791
4 1 2 5154 5378
3 21
4 1 4 55 2838 3628 4064
4 5
5 1 4 57 2831 3172 5281
5 1 3 139 3243 5369
5 1 4 2792 3396 4697 5456
5 1 2 4439 4961
5 1 2 4699 5458
4 1 4 127 2682 4475 7385
4 4
5 2
6 1 3 153 4473 4736
6 1 3 1097 4506 4562
5 1 3 927 3699 4987
5 1 3 2165 4169 4460
5 1 3 3072 3756 4141
4 1 5 240 2591 4433 4489 4574
4 3
5 1 3 340 2729 4634
5 1 3 424 3701 5789
5 1 3 2909 3136 5079
4 1 4 341 682 3977 4316
4 1 2 997 4653
4 2
5 1 3 2084 2410 3754
5 1 2 2146 4908
4 1 4 2160 4349 4649 5202
4 1 2 2830 4081
4 1 2 3102 3681
4 1 2 3145 4498
4 1 5 3282 3459 3612 4407 4565
4 1 3 3667 3777 4690
4 1 2 3677 4253
4 1 2 3804 4430
4 2
5 1 2 3893 3909
5 1 2 4106 4325
4 1 2 4630 5070
4 1 2 4824 4942
4 1 2 4866 4888
3 10
4 1 3 65 4146 4580
4 2
5 1 6 70 2766 4255 4370 4678 4955
5 1 6 117 3168 4403 4588 4606 5186
4 1 2 906 3161
4 1 3 1493 4324 4702
4 1 4 2656 3668 3738 3816
4 1 4 3281 3482 3871 4674
4 1 2 3523 4180
4 1 2 3718 4643
4 1 2 3975 4509
4 1 2 4956 5210
3 1 5 83 1193 3917 4245 4684
3 1 11 144 534 1061 2927 3024 4080 4347 4550 4617 4639 4892
3 3
4 1 10 237 1603 2147 2246 3247 3562 3607 4448 5120 5207
4 1 2 1208 4976
4 1 2 3720 4313
3 10
4 1 3 276 3832 5422
4 1 4 425 5337 5799 5849
4 1 2 475 4937
4 1 2 1224 4757
4 1 2 1259 1395
4 1 3 2233 3442 3449
4 1 2 2304 4589
4 1 3 2398 2947 5151
4 1 2 3959 4750
4 1 2 5065 5134
3 1 6 288 1081 2149 4227 4696 5992
3 2
4 1 3 317 1377 2777
4 1 5 1536 1949 3712 4561 7635
3 5
4 1 3 344 5547 5576
4 1 4 2648 4535 4801 5474
4 1 3 4226 4853 5231
4 1 5 4600 4890 4960 5455 5473
4 1 2 4832 5158
3 1 5 372 2294 4248 5157 5334
3 5
4 1 6 432 881 3636 3728 3999 4571
4 2
5 1 3 1554 2497 3444
5 1 3 2620 4055 4773
4 1 2 2015 4437
4 1 9 3454 3525 4001 4132 4195 5476 5512 5764 8636
4 1 2 4320 5252
3 2
4 1 5 476 674 2726 4303 5871
4 1 3 636 1934 2926
3 2
4 1 2 502 3798
4 1 2 3780 4900
3 1 13 529 1113 2709 2970 3278 3687 4367 4490 4492 4568 4705 4971 8336
3 6
4 1 2 585 2937
4 2
5 1 2 1189 4019
5 1 2 1895 5159
4 1 2 3324 3958
4 2
5 1 2 3388 4328
5 1 2 3783 4212
4 1 2 3858 5068
4 1 2 4628 4760
3 1 2 811 2393
3 1 8 882 1002 2667 4555 4800 5414 5538 5897
3 2
4 1 2 953 3097
4 1 2 4541 5072
3 2
4 2
5 1 3 1037 2486 4420
5 1 2 2344 4836
4 2
5 1 2 1758 4221
5 1 2 4666 5279
3 1 2 1092 6456
3 2
4 1 7 1216 2305 3121 3998 4532 4607 5055
4 1 6 2349 2982 3007 4563 4681 5325
3 2
4 1 2 1413 3981
4 1 3 3109 5321 5830
3 2
4 1 3 1884 3808 5048
4 1 2 2270 3061
3 1 4 1946 4029 4551 4735
3 1 2 2100 3067
3 1 3 2817 2951 5988
3 4
4 1 2 2868 5278
4 1 4 3048 4232 4435 5839
4 1 4 3095 3659 4315 6385
4 1 2 4499 4596
3 1 3 3301 3474 5850
3 1 2 3676 5481
3 1 3 3762 4213 4559
3 1 2 4904 7616
2 49
3 1 3 6 363 519
3 4
4 1 2 8 3791
4 1 2 458 994
4 1 2 2504 2636
4 1 2 2598 3028
3 6
4 1 2 27 1522
4 2
5 1 3 364 1019 2856
5 1 4 964 969 2883 3373
4 3
5 1 3 544 2728 3167
5 1 2 2384 2638
5 1 2 2415 2487
4 1 3 656 2300 6880
4 1 4 752 926 2078 2170
4 1 5 1520 1555 2074 2834 2979
3 4
4 2
5 1 3 47 421 536
5 1 2 1917 2733
4 2
5 1 2 462 4549
5 1 2 1806 2516
4 1 4 546 1140 1155 5482
4 1 4 1478 2049 2906 5319
3 1 4 48 441 2999 3310
3 1 5 110 1521 2310 2394 3470
3 1 4 174 289 877 2737
3 2
4 1 2 187 4045
4 1 3 1131 3469 4018
3 1 11 192 763 1062 1383 1886 2247 2470 3447 3548 4871 4941
3 2
4 1 3 233 695 893
4 1 3 2319 2534 3303
3 1 4 282 948 4178 5173
3 1 6 307 2602 3331 3333 3422 4879
3 1 2 361 6923
3 2
4 1 2 378 2554
4 1 2 2639 3358
3 2
4 1 3 429 1488 2481
4 1 3 2453 3367 3569
3 4
4 1 3 489 2345 3329
4 1 2 2933 3488
4 1 2 2994 3273
4 1 2 3101 3343
3 1 6 528 935 2632 2873 3015 3346
3 2
4 1 3 547 756 3242
4 1 4 3177 3508 3664 4875
3 1 3 550 1107 5229
3 1 2 556 1568
3 1 4 568 3314 3463 3782
3 2
4 1 5 584 2703 2870 2944 2988
4 1 3 3181 3237 3345
3 1 13 618 1930 1939 2938 2998 4398 4872 5211 5874 5938 5942 6146 8745
3 2
4 1 2 637 1586
4 1 2 1160 3325
3 1 3 693 999 2530
3 1 4 796 2226 3008 3353
3 1 3 936 1673 3262
3 2
4 1 3 965 3033 8920
4 1 3 1627 2129 3213
3 2
4 1 2 1005 2863
4 1 2 3570 3576
3 1 5 1013 2754 2993 3538 3662
3 1 6 1033 1378 1650 1712 2963 3230
3 1 7 1093 1271 2354 2370 3159 4581 7491
3 1 2 1146 1581
3 1 5 1379 1630 2174 2631 4000
3 1 3 1398 2616 3360
3 1 2 1507 2657
3 1 2 1777 2629
3 2
4 1 2 1950 2669
4 1 2 2447 2503
3 2
4 1 2 1965 3084
4 1 2 2408 3201
3 1 2 2063 3425
3 1 3 2072 2141 2523
3 1 3 2601 3081 3173
3 1 2 2641 3890
3 1 2 3021 3185
3 1 2 3050 3217
3 1 2 3108 3134
3 1 4 3245 3619 4033 4039
3 1 3 3275 3289 3617
3 1 3 3302 3390 3577
2 75
3 10
4 1 7 11 448 1278 1447 1559 1678 1703
4 2
5 1 3 16 638 1075
5 1 2 2569 2662
4 1 6 297 1030 1213 1647 2150 2219
4 1 3 399 1459 1905
4 1 2 400 1869
4 1 3 728 2191 3157
4 1 2 876 2755
4 1 3 966 1487 1598
4 1 2 1309 1995
4 1 3 2267 2560 2678
3 13
4 3
5 2
6 1 2 13 1643
6 1 2 648 2742
5 1 4 369 1409 1541 2067
5 1 3 768 1382 2167
4 4
5 1 5 25 336 678 1397 1533
5 2
6 1 2 446 1307
6 1 3 772 1864 2765
5 2
6 1 2 452 1386
6 1 3 1282 1873 2230
5 1 2 1148 1151
4 2
5 1 2 49 690
5 1 2 218 2959
4 1 3 71 1592 1847
4 2
5 1 2 104 2920
5 1 3 247 1373 1975
4 1 3 160 487 976
4 2
5 1 3 191 1273 2329
5 1 3 1761 2312 2874
4 1 2 258 1715
4 2
5 1 3 408 725 1704
5 1 2 1676 2407
4 2
5 1 4 414 711 1337 1419
5 1 2 628 1134
4 2
5 1 3 456 1231 1314
5 1 2 826 1176
4 3
5 1 2 883 3105
5 1 3 2420 3045 3129
5 1 2 2651 3100
4 1 5 1167 1389 1483 1769 2738
3 13
4 1 32 18 193 216 437 697 795 820 1016 1044 1133 1210 1235 1638 1696 1823 1882 1963 2010 2054 2096 2127 2198 2210 2229 2237 2266 2272 2278 2320 2322 2323 2427
4 1 3 124 1370 1716
4 1 2 231 740
4 1 27 232 252 713 1175 1182 1233 1276 1286 1348 1384 1564 1639 1684 1709 1816 1919 1996 2017 2076 2080 2086 2197 2208 2271 2276 2324 2327
4 1 3 301 1371 2714
4 1 2 501 600
4 1 3 578 1241 2356
4 2
5 1 9 696 885 978 1136 1183 1197 1669 1685 1929
5 1 2 830 1255
4 1 2 842 1347
4 2
5 1 2 1011 2269
5 1 2 2199 2207
4 1 5 1169 1172 1191 1500 2018
4 1 2 1608 2277
4 1 3 2011 2279 2298
3 2
4 1 2 22 1190
4 1 2 1154 2034
3 18
4 5
5 1 3 35 3155 3297
5 1 3 998 1745 2337
5 1 3 1009 1242 1376
5 1 3 1116 1319 2234
5 1 2 2456 2610
4 2
5 1 2 91 2133
5 1 2 1114 1414
4 4
5 2
6 1 2 129 2204
6 1 2 1594 2228
5 1 4 181 1014 1407 1553
5 1 3 1702 1783 2061
5 1 2 1800 2073
4 3
5 1 3 138 1283 3019
5 1 3 1792 2382 2457
5 1 2 3596 5918
4 2
5 1 5 150 500 558 1742 3913
5 1 2 526 2391
4 2
5 1 2 157 2008
5 1 2 2039 2265
4 3
5 2
6 1 3 228 736 2114
6 1 4 1291 1903 1982 6894
5 1 6 1272 1626 1713 1821 1850 3083
5 2
6 1 3 1470 1962 2261
6 1 3 1772 1976 2209
4 2
5 2
6 1 2 290 1740
6 1 2 1485 1491
5 1 3 497 699 1635
4 7
5 2
6 1 2 293 1810
6 1 2 993 1700
5 2
6 1 2 465 1054
6 1 5 1162 1741 1794 1856 1912
5 1 3 541 990 3317
5 1 4 806 1888 2217 2377
5 1 2 1000 1854
5 1 3 1076 1313 1947
5 1 2 2403 2502
4 7
5 1 3 418 1040 1212
5 1 4 516 1807 1920 1969
5 1 2 1159 2099
5 2
6 1 2 1211 2083
6 1 2 1543 1565
5 2
6 1 2 1354 2006
6 1 2 3164 3778
5 1 3 1511 1824 3191
5 1 2 2166 2521
4 2
5 1 4 518 1229 1724 2445
5 1 3 1240 1452 2065
4 3
5 1 3 615 988 1152
5 1 2 1876 2588
5 1 2 2186 2351
4 2
5 1 3 665 731 1754
5 1 2 983 1734
4 2
5 1 2 694 710
5 1 3 1252 2260 2770
4 1 4 745 1226 2545 5237
4 3
5 2
6 1 2 928 1651
6 1 2 1108 2586
5 2
6 1 2 1024 2717
6 1 3 1460 1566 1723
5 1 4 1546 1652 1868 6340
4 1 2 1504 3208
4 1 3 2495 2645 2647
3 1 3 40 1180 1574
3 1 18 68 159 856 952 1760 1909 1979 2050 2105 2159 2161 2162 2425 2609 2625 2860 2889 3064
3 3
4 1 3 76 2152 2163
4 1 2 593 2169
4 1 2 1440 2238
3 1 17 77 1375 1450 1495 1549 1569 1683 1693 1775 1776 1779 1781 1784 1795 1826 1829 2333
3 15
4 2
5 1 2 79 376
5 1 2 1256 1748
4 1 27 108 943 961 986 1267 1304 1463 1466 1528 1562 1575 1579 1589 1606 1612 1615 1616 1621 1622 1632 1654 1659 1699 1706 1737 1793 1804
4 1 3 209 1281 1631
4 2
5 1 3 291 1230 1401
5 1 3 933 957 1262
4 1 3 617 704 1415
4 1 4 645 960 1498 1788
4 1 4 672 1474 1563 1718
4 2
5 1 19 741 866 1445 1526 1527 1537 1548 1557 1590 1595 1604 1613 1623 1648 1660 1661 1707 1708 1799
5 1 2 862 1798
4 1 2 913 1341
4 2
5 1 2 1029 1367
5 1 2 1577 1774
4 1 3 1123 1617 7552
4 1 3 1206 1405 1484
4 1 2 1311 1317
4 1 3 1362 1437 1492
4 1 2 1698 9751
3 1 11 94 819 895 1078 1099 1260 1355 1380 1560 2089 2404
3 3
4 1 3 118 1932 2009
4 1 2 869 1994
4 1 3 1188 1767 1997
3 4
4 1 9 123 366 1028 1084 1323 1482 1550 1629 2421
4 1 4 342 1110 1943 2060
4 1 2 712 1567
4 1 2 2474 2549
3 4
4 1 3 146 1056 1710
4 2
5 1 3 281 1670 3342
5 1 3 589 1908 2646
4 1 4 747 1290 2303 3539
4 1 3 1066 1207 2193
3 1 21 169 681 1003 1010 1068 1086 1089 1129 1135 1269 1308 1312 1340 1368 1372 1374 1391 1404 1408 1410 1475
3 6
4 1 2 178 2090
4 1 3 473 917 1597
4 1 3 627 1576 1828
4 1 2 841 1339
4 1 3 1297 1351 1646
4 1 2 1396 1694
3 1 2 205 1364
3 3
4 1 11 221 267 493 1035 1899 1945 2227 2436 2608 2989 3143
4 1 2 1426 2071
4 1 2 2121 2348
3 11
4 2
5 1 2 227 2861
5 1 2 833 2584
4 1 5 261 940 1228 1251 1416
4 1 2 360 1787
4 1 3 447 1727 1878
4 1 2 770 2095
4 1 3 773 1570 1845
4 1 2 793 1587
4 1 3 814 1217 1449
4 1 2 938 1822
4 1 2 985 2928
4 1 2 2791 2813
3 5
4 1 3 230 438 1143
4 1 13 255 666 922 1001 1115 2124 2652 2783 2800 3475 5463 6081 6435
4 1 3 386 2672 2807
4 1 2 1499 2101
4 1 2 1848 2360
3 1 5 234 1451 1649 2433 3332
3 1 4 236 802 1473 3059
3 1 8 246 708 945 1315 1476 2878 2888 6273
3 1 4 278 1157 2069 2375
3 1 3 284 660 1656
3 3
4 1 12 325 359 482 554 659 929 1096 1257 1326 1497 1531 1688
4 1 2 1222 1722
4 1 3 1247 1393 2281
3 1 38 326 779 1674 1849 1879 1936 2182 2206 2263 2292 2364 2374 2409 2448 2465 2655 2815 2962 2968 3054 3264 3560 4219 4604 4748 4912 5139 5350 5693 5702 5833 5853 5880 5921 5922 6129 7789 8022
3 2
4 1 2 327 1837
4 1 2 1403 1918
3 1 2 343 1430
3 1 3 377 1443 2214
3 3
4 1 4 387 2058 2087 2467
4 1 3 508 2419 3202
4 1 4 1178 2440 2715 3752
3 1 35 390 411 450 599 782 959 1017 1125 1349 1725 1731 1801 1813 1817 1915 1924 1944 2005 2052 2070 2242 2243 2248 2253 2254 2321 2325 2389 2708 2713 2805 3338 3446 4895 6132
3 2
4 1 4 395 909 1201 2262
4 1 37 397 644 783 904 1020 1038 1111 1578 1580 1600 1601 1605 1636 1663 1679 1681 1778 1834 1836 1941 1959 1960 1967 1972 1973 2022 2046 2239 2245 2287 2318 2424 2587 2769 2788 2796 3355
3 1 2 468 2220
3 5
4 1 3 496 1952 2295
4 1 3 829 1539 1896
4 1 5 979 1680 1968 1971 8355
4 1 3 1166 1333 1770
4 1 2 1825 2183
3 2
4 1 2 512 1501
4 1 17 623 890 1130 1142 1198 1249 1261 1490 1525 1588 1599 1633 1720 1766 1875 1989 4818
3 1 5 515 1127 1329 1992 3125
3 1 2 561 1422
3 1 3 631 1300 1902
3 1 10 634 789 798 1275 1325 1336 1363 1399 1406 2284
3 2
4 1 2 661 1733
4 1 3 916 1012 3027
3 1 2 664 1293
3 2
4 1 6 673 1773 1832 1844 2041 2042
4 1 2 1221 1438
3 1 2 683 757
3 1 2 685 3215
3 2
4 1 2 707 1916
4 1 2 2522 2893
3 2
4 1 9 709 1385 1464 1852 1880 2059 2153 2687 2701
4 1 2 1209 2718
3 4
4 1 15 743 843 1321 1352 1890 1921 2173 2289 2536 2607 2623 2644 2712 3078 3106
4 1 2 792 1978
4 1 2 860 2663
4 1 2 907 2036
3 1 6 748 1202 1692 2500 3124 3169
3 2
4 1 2 759 2859
4 1 2 2563 2595
3 1 2 764 1593
3 2
4 1 2 769 951
4 1 2 1402 1609
3 2
4 1 5 780 831 1305 1434 1505
4 1 2 1477 1746
3 1 3 790 892 1258
3 2
4 1 2 808 2634
4 1 10 1153 1220 1332 1353 1428 1439 1545 1607 1750 1831
3 1 3 835 1515 2668
3 1 3 871 1819 1887
3 1 2 905 2290
3 1 3 1006 2604 2921
3 1 2 1018 1655
3 1 3 1063 2353 6429
3 1 2 1085 1855
3 1 3 1141 2111 2336
3 1 7 1215 1933 1991 2251 2255 2256 2283
3 1 3 1270 1388 1701
3 1 4 1302 1790 1981 2000
3 1 2 1310 1433
3 1 17 1350 1523 1524 1552 1765 1853 1907 1956 2013 2132 2148 2259 2441 2679 3257 3306 6413
3 1 2 1421 1881
3 1 2 1436 1551
3 1 2 1441 2064
3 1 2 1461 2496
3 3
4 1 2 1494 2264
4 1 3 1542 1990 2250
4 1 2 2079 2297
3 1 3 1860 2369 2580
3 1 2 2001 2361
2 2
3 1 59 17 184 347 684 854 1303 1331 1480 1558 1747 1753 1763 1808 1940 2016 2417 2455 2501 2744 3149 3197 3254 3286 3287 3511 3665 3705 3722 3927 3942 4016 4057 4129 4321 4395 4425 4452 4640 4713 4856 4897 4940 5016 5076 5140 5184 5239 5290 5411 5509 5531 5605 5855 5925 5935 6089 6741 6957 6970
3 1 2 1803 2244
2 1 49 29 72 148 332 350 353 524 629 810 1343 1764 1885 2477 2661 2705 2724 2759 2787 2804 2853 2960 2965 3330 3354 3426 3438 3697 3811 3863 3880 3925 3930 4051 4374 4751 4796 4841 5030 5165 5172 5268 5288 5330 5449 5492 5496 5507 5759 5863
2 5
3 1 10 30 299 735 2062 2257 3194 3311 3595 3702 3994
3 1 2 1328 3771
3 1 2 1454 1467
3 1 2 1830 3256
3 1 2 3654 3663
2 4
3 1 31 31 171 250 469 571 970 1186 1424 1585 1802 1838 2037 2171 2520 2827 3047 3156 3350 3555 3575 3734 3824 3864 3876 3988 4149 4163 4623 4730 5410 5647
3 1 3 480 622 1665
3 1 2 514 2798
3 1 3 1717 2753 3120
2 45
3 1 4 36 1620 3349 4072
3 2
4 1 2 125 3625
4 1 2 4091 4542
3 5
4 1 3 145 3385 3648
4 2
5 1 2 653 2252
5 1 2 963 3675
4 2
5 1 3 1195 3413 3806
5 1 2 2505 3479
4 1 2 1458 6761
4 1 3 2412 3029 3476
3 1 3 147 3831 4823
3 1 12 177 706 2900 3298 3372 3407 3494 3591 3815 3839 3857 3902
3 1 2 203 4369
3 1 3 210 595 3341
3 1 8 215 223 375 868 3272 3495 3559 3838
3 1 4 256 2808 3521 3620
3 1 3 285 2918 3506
3 2
4 1 3 309 4860 5291
4 1 10 381 2038 2396 3261 4049 4809 5127 5433 5494 5881
3 2
4 1 3 383 3519 7394
4 1 4 3547 3872 4011 4088
3 2
4 1 3 409 1987 3231
4 1 3 3403 3485 4873
3 4
4 2
5 1 2 513 3589
5 1 3 2902 3605 3631
4 1 4 827 2189 2751 5190
4 1 4 910 3416 3610 4170
4 1 3 3568 4095 4477
3 8
4 3
5 1 2 525 2757
5 1 3 1324 2857 2987
5 1 2 1894 2674
4 2
5 1 4 832 1164 2579 5293
5 1 2 1529 1786
4 1 3 896 1205 3441
4 2
5 1 3 968 2032 3427
5 2
6 1 3 1245 2749 2836
6 1 2 2532 2786
4 2
5 1 2 1942 3017
5 1 3 1985 2439 4375
4 1 5 1957 2299 3074 3296 4414
4 2
5 1 2 2371 2954
5 1 4 2443 2704 2973 3026
4 1 2 2762 2778
3 1 4 591 888 3692 3695
3 2
4 1 3 705 2826 3598
4 1 3 1074 4126 4620
3 1 2 750 942
3 1 3 863 3369 3429
3 2
4 1 2 987 3749
4 1 2 1726 2033
3 1 3 1199 3745 4661
3 1 3 1254 2760 3232
3 2
4 1 3 1299 2056 2748
4 1 2 3513 3867
3 1 3 1394 2710 4552
3 2
4 1 2 1923 3719
4 1 2 2340 4003
3 1 2 2117 4909
3 1 3 2352 2556 4006
3 1 9 2426 2985 3011 3389 3693 4070 4119 4206 4210
3 1 2 2509 4031
3 1 2 2583 3564
3 1 2 2666 2935
3 2
4 1 3 2697 3335 5108
4 1 2 3053 3091
3 1 3 2739 3888 4520
3 1 4 2740 2945 3417 4867
3 1 4 2850 3258 3730 4813
3 2
4 1 2 2897 3956
4 1 2 3211 3225
3 2
4 1 9 2966 3661 3892 3901 3912 4291 4440 4586 5734
4 1 2 4034 4158
3 2
4 1 3 3337 3788 3922
4 1 4 3550 3567 4122 5147
3 1 2 3453 5241
3 1 2 3686 4408
3 1 2 3751 3883
3 1 2 3807 4192
3 1 2 4010 4577
3 1 2 4145 4284
3 1 2 4173 4183
2 3
3 1 59 51 102 302 467 490 633 738 771 1814 1883 2691 2864 2866 2871 3117 3123 3246 3250 3370 3394 3398 3464 3487 3491 3557 3891 4111 4171 4196 4229 4279 4322 4335 4358 4376 4594 4597 4608 4712 4716 4816 4821 4864 4916 4917 4920 4939 4966 5015 5096 5136 5167 5197 5254 5413 5416 5435 5470 5490
3 1 2 2145 2958
3 1 3 3160 3865 4069
2 3
3 1 16 74 1266 2205 2241 2650 2658 2862 2964 3010 3046 3138 3147 4855 5508 6514 7836
3 1 16 840 2357 2731 2978 2997 3075 3535 3553 3983 4682 4745 5051 5052 5054 5056 5457
3 1 2 2654 3003
2 5
3 1 2 115 1547
3 1 24 217 1365 1432 2091 2366 2437 2743 2885 3104 3153 3166 3184 3186 3199 3218 3263 3291 3431 3439 4056 4058 4092 4096 4098
3 1 2 430 3096
3 1 3 549 804 2422
3 1 4 894 1780 2376 2955
2 3
3 1 4 130 2077 2373 2566
3 1 2 824 5950
3 1 2 5299 8671
2 4
3 1 24 162 201 733 912 932 944 977 1049 1503 1872 1984 2029 2120 2499 2564 2707 3041 3606 3626 3949 4233 4268 4456 4644
3 1 2 330 1889
3 1 2 2128 4271
3 1 2 2606 4035
2 1 2 167 972
2 3
3 1 6 197 727 2428 3914 4123 5848
3 1 3 295 751 2106
3 1 2 788 2752
2 2
3 1 23 200 235 273 310 551 2201 2326 2400 2485 2589 2614 2779 3002 3043 3122 3133 3206 3216 3530 3613 4052 4099 4234
3 1 2 2450 3065
2 3
3 1 2 241 2936
3 1 2 466 2611
3 1 10 2185 2890 2950 2981 3144 3294 3378 3379 3410 3582
2 1 4 334 2508 3729 4693
2 4
3 1 2 348 2570
3 2
4 1 2 1067 4022
4 1 2 2168 3976
3 1 2 1486 3233
3 1 2 2081 2342
2 8
3 1 4 362 2943 5317 6390
3 1 3 483 1423 5203
3 1 2 766 3923
3 1 2 1322 3708
3 1 2 1506 3158
3 1 2 2024 5760
3 1 3 2596 2681 4992
3 1 2 2842 3058
2 2
3 1 2 365 3039
3 1 2 1556 2898
2 3
3 1 30 384 702 722 818 992 996 1101 1177 1192 1431 1442 1471 1667 1689 1820 1974 2094 2190 2286 2820 3020 3089 3542 3638 3928 4280 4329 4632 4744 6102
3 1 2 689 2355
3 1 3 2576 4157 4275
2 2
3 1 2 401 3972
3 1 4 3445 4675 4974 6190
2 4
3 1 59 463 652 1007 1200 1223 1253 1469 1508 1910 2138 2315 2446 2458 2480 2764 2814 2840 2980 2984 3018 3128 3219 3288 3440 3545 3584 3588 3608 3615 3621 3632 3637 3647 3683 3717 3767 3770 3792 3794 3799 3814 3835 3837 3845 3862 3941 3954 3985 3990 4020 4225 4278 4281 4292 4527 4529 8043 8747 8910
3 1 2 2567 3005
3 1 2 2653 2942
3 1 2 4283 4530
2 1 8 510 715 1749 3251 3669 4391 4458 4759
2 5
3 1 3 560 2698 3940
3 1 2 753 2790
3 1 2 1088 3735
3 1 2 1181 1244
3 1 3 1811 2594 3006
2 2
3 1 9 794 3645 4901 5046 5057 5114 5160 5204 5242
3 1 3 2463 2741 2949
2 1 11 1342 1658 3609 4059 4136 4174 4595 5475 5866 6443 6633
2 1 4 1671 2794 2797 4015
2 2
3 1 5 1857 2995 3979 4957 5130
3 1 2 2531 4951
2 1 4 2156 3694 4176 4184
2 1 3 2542 2991 4107
2 1 4 2912 2957 2983 4923
2 1 2 2915 3142
2 1 3 4488 5370 5402
1 36
2 1 6 3 460 846 2592 4411 5975
2 1 7 97 941 2894 3195 3515 4396 5536
2 1 9 199 1055 1755 1958 3711 3964 4938 5083 5442
2 2
3 1 5 242 1892 1904 2546 3747
3 2
4 1 2 3352 4656
4 1 2 3898 5664
2 1 11 272 1768 2934 3362 3882 4012 4658 5161 7245 7524 7689
2 5
3 1 3 279 3038 4626
3 1 8 1456 1584 1782 2213 2338 2555 2575 2972
3 1 4 1711 1906 3356 3501
3 1 7 1714 2224 2526 2574 2772 2974 3649
3 1 2 2660 3307
2 3
3 1 3 346 491 3750
3 1 4 1366 2809 5346 5774
3 2
4 1 2 2892 8721
4 1 3 4654 4861 6169
2 2
3 1 3 352 5801 6466
3 1 3 3375 6628 8608
2 7
3 3
4 2
5 1 3 358 2774 2782
5 1 4 2550 2835 3093 8905
4 1 3 776 2068 2471
4 1 2 3069 3725
3 1 4 777 1835 1953 4288
3 2
4 1 4 981 1120 1455 1496
4 1 4 2493 2876 2929 4084
3 2
4 1 3 1072 3013 6117
4 1 2 3393 5589
3 2
4 1 3 1518 2317 3253
4 1 5 2051 2125 2390 2612 4053
3 2
4 1 2 1530 7611
4 1 5 1664 3743 5394 5775 5783
3 1 2 3853 3870
2 1 30 435 767 2035 2280 2388 3326 3706 3781 3915 4741 4829 4980 5010 5510 5594 5869 6096 6290 6564 6572 6756 7880 8015 8069 8094 8104 8143 8362 8505 8718
2 1 3 455 6736 8072
2 1 8 523 1264 1279 2181 3113 4166 5580 6879
2 11
3 2
4 1 4 573 1079 8294 8760
4 1 2 9753 9817
3 2
4 1 3 962 3821 5138
4 1 2 4009 6177
3 2
4 1 2 971 5170
4 1 3 1789 3533 4046
3 1 2 3383 4296
3 1 2 3704 5471
3 1 4 3742 4405 6418 7915
3 3
4 1 3 5875 6133 8797
4 1 3 7906 9320 9810
4 2
5 1 2 8532 9253
5 1 2 8726 9121
3 1 4 6312 7987 9205 9263
3 1 2 6731 8325
3 1 2 6742 8863
3 1 3 7766 8663 10239
2 3
3 1 2 613 3723
3 1 2 677 9509
3 1 2 2397 6935
2 1 3 667 1239 5347
2 1 4 734 4752 6991 7768
2 1 6 817 2082 3789 3943 4673 7730
2 4
3 1 2 918 5939
3 2
4 1 2 2362 2558
4 1 2 8591 10221
3 1 4 3509 5103 7242 8480
3 1 2 7007 8319
2 2
3 1 4 1358 2877 5297 6282
3 1 3 2539 3200 5085
2 2
3 1 2 1400 4979
3 1 3 4130 7352 8312
2 2
3 1 7 1757 3848 5041 6346 6798 8194 9019
3 1 2 5700 8593
2 1 3 2012 4709 5525
2 1 2 2093 3056
2 3
3 2
4 1 3 2194 4781 7013
4 1 2 6773 6853
3 1 2 3473 8331
3 1 2 5857 5956
2 2
3 1 2 2518 3052
3 1 6 2538 3309 3340 4704 4913 9901
2 1 2 2568 3163
2 1 8 2768 3099 3214 4236 5379 7528 9790 10182
2 2
3 1 3 3080 3653 9361
3 1 2 6202 7646
2 1 6 3205 3285 4695 5250 6207 7109
2 1 2 3684 8655
2 1 6 3897 4074 4665 6044 7168 9446
2 1 2 4794 4945
2 1 2 6587 7487
2 1 2 7153 7990
2 1 2 7158 10254
2 1 2 7735 8597
1 65
2 20
3 14
4 4
5 1 2 5 8648
5 1 4 621 3319 8816 9122
5 2
6 1 3 3503 6359 6604
6 1 2 3689 8669
5 1 3 8363 8923 9131
4 1 4 81 8430 8775 9339
4 4
5 1 2 87 8113
5 1 2 3527 5206
5 1 3 5336 7217 8080
5 1 3 6602 6942 8074
4 1 5 114 603 6478 7713 8516
4 1 3 245 4523 7666
4 4
5 3
6 1 4 552 5784 8309 8376
6 1 2 614 3593
6 1 2 732 9013
5 2
6 1 2 3764 8980
6 1 2 7420 9329
5 2
6 1 4 4061 6637 7489 8938
6 1 3 4521 5425 8890
5 1 3 8599 8780 8790
4 6
5 1 3 900 5568 8689
5 1 2 2335 9322
5 1 3 4361 4519 8161
5 1 5 4707 5007 5690 8373 9248
5 1 2 5176 7681
5 1 2 8913 8934
4 5
5 1 2 2578 6644
5 1 3 2618 5914 7214
5 3
6 1 2 3127 8397
6 1 2 8028 8364
6 1 2 8234 8603
5 1 3 5303 5803 9283
5 2
6 1 2 8225 8650
6 1 2 8508 9165
4 3
5 1 2 2992 8432
5 1 3 3766 6812 8270
5 1 2 6104 6241
4 5
5 1 2 3763 8602
5 1 3 5179 8219 9103
5 1 4 7644 8529 8722 8755
5 1 3 7757 8284 8822
5 1 2 8263 8353
4 1 3 6098 7787 8628
4 1 3 7014 7286 8372
4 1 3 7455 8616 9014
4 1 3 7806 8752 9203
3 13
4 2
5 1 3 9 7354 8690
5 1 3 394 9360 9491
4 2
5 1 3 149 8852 9435
5 1 2 9029 9589
4 2
5 1 2 3980 9324
5 1 2 8672 8917
4 1 3 4969 9117 9423
4 1 4 5075 6748 9161 9258
4 1 3 5171 9226 9417
4 1 3 5638 6534 9542
4 3
5 1 3 5814 8102 8512
5 1 2 7850 8854
5 1 2 8519 9386
4 1 6 7124 8217 8876 8935 9449 9464
4 1 2 8051 9247
4 1 2 8253 9387
4 1 2 8950 9448
4 1 2 9438 9495
3 15
4 3
5 1 2 24 10052
5 1 3 4949 8250 10145
5 1 2 7819 9634
4 4
5 1 3 277 8485 9049
5 1 3 374 8055 8961
5 1 2 6573 9657
5 1 2 8041 9141
4 4
5 1 2 324 7514
5 1 3 5234 9451 9480
5 1 2 8581 9155
5 1 2 9311 9444
4 1 3 373 9236 9323
4 7
5 1 3 404 6747 7759
5 1 2 449 9603
5 1 2 3685 8918
5 1 3 4889 9544 9654
5 1 2 6910 9182
5 1 2 8088 8750
5 1 2 9210 9709
4 3
5 1 4 718 1489 10003 10093
5 1 3 3062 9844 10033
5 1 3 7525 9160 10082
4 3
5 1 2 931 10109
5 1 2 5006 7469
5 1 3 5238 7886 8227
4 2
5 1 5 1739 3833 5543 8351 9777
5 1 2 9792 9883
4 4
5 2
6 1 3 3859 5111 5917
6 1 2 9197 9319
5 1 3 7075 7903 9869
5 1 2 9564 9970
5 1 3 9586 9591 9630
4 1 4 4732 6858 9317 9761
4 4
5 1 3 4943 8811 9606
5 1 2 8224 10129
5 1 3 8919 9717 10285
5 1 2 9260 10298
4 1 2 5448 9685
4 1 2 8302 9658
4 1 4 8826 9066 9477 9575
4 2
5 1 2 9788 9991
5 1 2 9802 10089
3 29
4 1 6 66 2088 5219 8240 8921 9051
4 1 3 315 4483 10067
4 1 7 322 3150 6821 7033 8520 9297 10224
4 1 6 533 5397 7294 8770 9028 9403
4 1 3 587 9526 9747
4 1 4 858 5264 7629 8451
4 2
5 1 5 2028 5662 7764 8052 8638
5 2
6 1 2 4885 8087
6 1 2 5424 7632
4 1 5 2249 2901 6507 7988 8186
4 1 2 2308 10006
4 1 3 3450 4287 8026
4 1 2 3507 8916
4 1 6 3741 6045 6474 7912 9056 9698
4 1 3 4103 7997 8360
4 2
5 1 2 4241 9430
5 1 2 8399 10086
4 1 4 4252 5962 8845 9675
4 1 4 4516 6172 7680 8305
4 2
5 1 2 5358 8506
5 1 2 6792 10158
4 1 4 5388 7596 7726 9855
4 2
5 1 2 5579 7141
5 1 2 8378 9221
4 1 6 5810 7130 7853 8986 9259 9372
4 2
5 1 3 7020 8560 9382
5 1 2 7021 9369
4 1 3 7271 8032 8860
4 1 2 7355 8030
4 1 6 7650 9010 9796 9940 10139 10260
4 1 2 8190 9179
4 1 2 8411 8818
4 1 2 8523 8803
4 1 2 9177 9245
4 1 2 9230 9411
3 12
4 2
5 1 3 173 8607 9794
5 1 3 4086 8487 9872
4 1 3 180 9067 9897
4 3
5 1 3 382 1268 6128
5 1 4 3602 5722 5919 9748
5 1 2 7233 8660
4 1 3 4137 4883 6709
4 1 3 5143 7563 8720
4 1 3 5780 8759 8981
4 1 5 6221 6980 8098 8623 9431
4 1 3 6229 7578 8944
4 1 2 6548 7380
4 2
5 1 2 6580 8609
5 1 2 8943 9289
4 2
5 1 2 6776 9482
5 1 2 7485 8108
4 1 2 6902 9151
3 5
4 1 3 268 7567 10265
4 1 3 915 7780 9031
4 1 3 5682 6620 9202
4 1 2 7823 9456
4 1 2 9826 10162
3 1 8 318 2288 6862 8157 8666 8898 9171 9672
3 1 6 470 787 8812 8887 9074 9286
3 2
4 1 2 608 9109
4 1 5 6531 8758 9194 9494 9873
3 1 4 1023 7951 8847 9475
3 8
4 1 4 1611 7965 8111 8798
4 2
5 1 2 2113 8823
5 1 2 9517 9684
4 1 3 3492 9466 9478
4 1 3 3968 4726 9734
4 1 3 4462 7143 7597
4 1 2 5292 6527
4 1 3 8813 8929 9237
4 1 3 8975 9497 9880
3 2
4 1 11 2524 3179 5694 6077 8540 8963 9105 9217 9357 9434 9669
4 1 2 3540 7982
3 4
4 1 2 2780 4352
4 1 3 4397 5584 9338
4 1 4 5953 6968 7926 9313
4 1 2 8937 9033
3 2
4 1 2 2824 9636
4 1 4 4719 5753 8472 9284
3 2
4 1 2 4894 9045
4 1 5 6355 7053 7907 8134 9096
3 2
4 1 3 5836 9123 9441
4 1 2 8555 9620
3 5
4 1 3 6831 9032 9146
4 1 7 7027 8282 8577 9610 9673 9773 9841
4 1 4 7059 7996 8422 8627
4 1 4 7407 7613 8247 8377
4 1 2 9459 9548
3 1 2 7338 8382
3 2
4 1 2 8218 9433
4 1 2 9602 9656
3 1 3 8764 8997 9535
2 140
3 1 11 7 825 889 9129 9725 9726 9774 9962 9996 10000 10007
3 4
4 1 3 19 9524 9754
4 1 4 5128 8978 9687 10002
4 1 3 8611 9309 9706
4 1 2 8739 9856
3 1 4 21 8632 10225 10280
3 1 10 26 5236 5696 6470 8553 8992 9407 10044 10178 10283
3 2
4 1 2 45 10177
4 1 2 10195 10209
3 2
4 1 2 69 9378
4 1 3 7626 9257 9857
3 1 7 121 8902 10164 10300 10301 10307 10309
3 1 12 152 1519 3836 4469 5963 7090 8449 8575 9127 9278 9829 9843
3 2
4 1 2 165 822
4 1 2 9626 10063
3 1 2 214 8568
3 2
4 1 12 303 5597 6574 6781 7805 8010 8717 9465 9713 9925 9988 10306
4 1 2 3624 9068
3 2
4 1 4 328 7197 10102 10290
4 1 2 2688 9254
3 1 4 413 9850 10057 10256
3 2
4 1 3 557 5636 8899
4 1 2 9779 9997
3 4
4 1 2 565 10011
4 1 2 1624 10099
4 1 3 3819 8907 9400
4 1 2 9124 10110
3 2
4 1 3 616 5663 10122
4 1 3 1970 9932 10143
3 1 3 619 9079 9954
3 1 3 643 9273 10214
3 6
4 1 3 742 6491 10016
4 1 2 2027 8154
4 2
5 1 4 4307 7097 9879 10192
5 1 2 5691 10140
4 1 2 8952 9505
4 1 2 9201 10244
4 1 2 9679 10229
3 1 3 785 6823 10174
3 1 4 837 6965 9821 10076
3 1 4 850 7601 9421 9720
3 3
4 1 4 891 7120 10204 10223
4 2
5 1 2 1071 9849
5 1 4 7720 9152 9848 10310
4 1 3 1184 8078 9053
3 1 8 1052 8035 8654 8883 9021 9115 9231 9652
3 1 4 1073 7583 7983 10092
3 1 4 1105 9340 9582 9692
3 9
4 1 4 1265 9780 9823 10194
4 1 2 4567 8533
4 1 4 4843 6162 9600 9624
4 3
5 1 3 5255 9900 10272
5 1 3 8280 9244 9947
5 1 2 9650 9750
4 1 3 6310 8323 10130
4 2
5 1 3 8403 9498 9607
5 1 3 10078 10080 10103
4 1 2 9220 9645
4 1 4 9541 9633 9859 10161
4 1 2 9797 10206
3 1 2 1472 9903
3 1 3 1686 3405 9440
3 1 4 1809 8982 9483 10026
3 2
4 1 2 2030 9839
4 1 3 6193 9958 10263
3 1 3 2103 9126 9349
3 1 3 2140 10040 10257
3 1 4 2416 8544 9721 9922
3 2
4 1 3 2640 7729 9905
4 1 3 6253 8391 9502
3 2
4 1 2 2684 10248
4 1 3 8652 9111 10097
3 1 8 3260 6029 9030 9467 9570 9688 9811 10173
3 4
4 1 3 3308 5909 9906
4 1 3 3558 5126 10305
4 1 2 4083 9820
4 1 2 5630 10029
3 1 4 3586 5098 9956 10062
3 1 5 3641 8273 8729 9683 10267
3 2
4 1 2 3721 10155
4 1 4 4758 7714 9758 9976
3 1 5 3753 9328 9527 9894 10189
3 1 5 3825 7832 9298 10216 10296
3 1 2 3826 10181
3 1 3 3918 8945 9211
3 1 2 4112 9893
3 1 3 4327 9898 10282
3 1 4 4484 8205 8526 9619
3 1 8 4605 6115 7005 7591 10106 10228 10264 10270
3 2
4 1 2 4641 10169
4 1 2 9376 9952
3 1 2 5009 9539
3 1 4 5023 7497 9458 9504
3 1 3 5194 10258 10287
3 1 3 5523 8546 10295
3 1 3 5653 8445 9133
3 1 3 5655 9708 9789
3 1 2 5903 9651
3 3
4 1 3 5972 8774 10245
4 1 2 6933 9218
4 1 2 7301 8817
3 2
4 1 2 5978 10198
4 1 2 10147 10207
3 2
4 1 3 6032 10081 10096
4 1 3 6681 9138 9359
3 1 5 6039 9990 10018 10108 10278
3 2
4 1 3 6091 8928 10059
4 1 3 8385 8554 8710
3 1 3 6106 9660 10250
3 1 4 6356 6532 9676 10232
3 1 3 6391 9353 9886
3 1 2 6424 9621
3 2
4 1 2 6569 10208
4 1 4 9304 9772 9825 9998
3 1 3 6589 9982 10001
3 1 3 6754 9699 9891
3 2
4 1 2 6892 10035
4 1 3 10249 10269 10281
3 1 2 6915 9632
3 2
4 1 2 7189 7386
4 1 2 9521 10193
3 1 4 7253 9644 10231 10273
3 1 2 7399 9989
3 1 3 7404 9961 9965
3 1 3 7443 8543 10288
3 5
4 1 4 7534 9150 9219 10058
4 1 3 8563 9612 10070
4 1 3 9207 9828 10095
4 1 3 9334 9878 9919
4 1 2 10049 10053
3 1 2 7638 8827
3 1 3 7684 8375 9968
3 2
4 1 3 7716 9052 9745
4 2
5 1 2 8862 9939
5 1 3 9605 9663 10071
3 1 2 7752 9948
3 3
4 1 3 7762 10055 10056
4 1 2 9813 10054
4 1 2 10045 10160
3 2
4 1 3 7772 9831 10025
4 1 3 8635 9572 9640
3 1 2 8073 9531
3 2
4 1 4 8106 9815 10050 10142
4 1 3 8769 10227 10237
3 2
4 1 4 8213 8993 9875 10247
4 1 3 8965 9209 9718
3 1 2 8235 9350
3 3
4 1 2 8245 9169
4 1 2 9536 9934
4 1 2 9716 10153
3 1 2 8262 10246
3 1 5 8481 9782 9870 9902 9951
3 1 2 8483 8762
3 1 2 8501 8595
3 1 2 8504 9920
3 1 3 8589 8904 10015
3 1 4 8600 9835 9845 10048
3 1 2 8649 9599
3 2
4 1 2 8701 8804
4 1 2 9776 10126
3 2
4 1 2 8703 10009
4 1 2 10201 10243
3 1 4 8753 9118 9168 10170
3 1 2 8806 8984
3 1 2 8855 10032
3 1 3 8857 10119 10144
3 2
4 1 3 8897 9577 9791
4 1 3 9295 9793 9885
3 1 3 8914 9846 10151
3 2
4 1 3 8931 9838 10031
4 1 3 9070 9190 9881
3 2
4 1 3 8954 9696 9822
4 1 2 10133 10179
3 1 2 9034 9866
3 1 3 9064 9343 9917
3 1 3 9072 10021 10037
3 1 2 9082 9842
3 1 2 9178 9784
3 2
4 1 3 9288 10191 10262
4 1 3 10172 10286 10304
3 2
4 1 2 9318 9455
4 1 2 9557 10238
3 1 3 9325 9928 10014
3 2
4 1 2 9394 9930
4 2
5 1 2 9488 9852
5 1 2 10114 10136
3 1 2 9420 9655
3 1 2 9432 10020
3 1 2 9514 10134
3 1 2 9616 10013
3 1 3 9646 10010 10028
3 1 4 9665 9674 9715 9915
3 1 3 9668 9868 9985
3 2
4 1 3 9678 9963 10034
4 1 2 9847 9926
3 2
4 1 2 9732 10311
4 1 3 9987 10124 10137
3 1 3 9735 10069 10127
3 1 2 9764 10299
3 1 2 9819 10252
3 2
4 1 2 9832 9914
4 1 3 9904 10167 10289
3 1 2 9833 10038
3 1 3 9853 9983 10297
3 1 2 9858 10072
3 2
4 1 2 9860 9890
4 1 2 9971 10113
3 1 5 9895 9935 9953 9979 10047
3 1 2 9910 10042
3 1 2 9938 10211
3 1 2 9960 10213
3 1 2 10036 10219
3 1 2 10111 10292
3 1 2 10117 10274
3 1 3 10205 10220 10284
2 25
3 2
4 1 2 14 8013
4 1 3 5901 8951 9783
3 2
4 1 2 52 2907
4 1 2 9172 9957
3 1 6 101 2913 3411 8424 9538 9641
3 2
4 1 2 172 6715
4 1 3 7475 7556 7634
3 1 4 385 507 8473 8524
3 4
4 1 2 443 8324
4 1 2 5393 9697
4 1 3 7323 7547 10064
4 1 4 7495 7916 7991 9130
3 4
4 1 4 1544 4314 7170 10293
4 1 2 4514 7333
4 1 3 6712 6962 9162
4 1 2 10041 10271
3 1 4 3012 9568 9623 9691
3 2
4 1 3 3229 8849 9088
4 1 2 8930 9627
3 4
4 1 4 3578 7072 9887 10183
4 2
5 1 2 4286 4416
5 1 2 8707 8788
4 1 2 5701 10218
4 1 4 6070 9397 9545 10107
3 1 3 3854 8149 8303
3 2
4 1 3 4929 7798 8922
4 1 4 5245 7937 8556 10131
3 1 3 5587 8486 10094
3 2
4 1 4 5683 6005 6454 9180
4 1 2 7234 8327
3 1 2 6189 7068
3 2
4 1 3 6461 9310 10222
4 1 2 7470 7842
3 2
4 1 3 6684 9462 9618
4 1 3 9025 9239 9530
3 2
4 1 3 6876 9643 10128
4 1 2 7964 9805
3 2
4 1 3 6887 8825 9896
4 1 3 7060 9694 10148
3 1 3 7400 8528 9558
3 1 2 7576 7813
3 1 3 7895 10138 10176
3 1 3 8066 8936 9967
3 1 2 8631 9907
3 1 3 9204 9470 10141
2 85
3 1 8 38 668 2126 3995 9011 9214 9638 9871
3 1 2 62 9224
3 1 18 89 6181 6609 8036 8230 8448 8598 8893 9216 9303 9508 9648 10023 10060 10152 10233 10251 10268
3 1 4 133 6028 9296 9314
3 1 15 189 654 4240 5261 5596 7022 7166 8031 8401 8456 8953 9001 9050 9157 9639
3 1 3 198 8761 9942
3 3
4 1 3 339 9062 9937
4 1 3 8604 9345 9415
4 1 2 8741 9090
3 4
4 1 3 355 6489 6839
4 1 3 1236 7950 8019
4 1 3 1468 3973 9578
4 1 2 6927 9285
3 1 3 380 8782 9170
3 1 2 423 2535
3 1 16 439 729 914 3522 5148 8014 8410 8551 8571 9020 9076 9232 9255 9401 9677 9867
3 2
4 1 2 521 1839
4 1 6 5212 5705 6026 7202 8064 8675
3 1 3 538 8381 9154
3 5
4 1 4 581 6533 6808 8738
4 1 2 3700 6314
4 1 3 6054 7356 7548
4 1 3 7486 8301 10276
4 1 2 8653 8872
3 1 3 807 8275 10125
3 1 15 857 4715 5519 6347 7631 8400 8580 8784 8877 9128 9175 9251 9418 9550 9911
3 1 3 975 7066 9193
3 1 2 1047 3874
3 1 14 1053 5445 5506 5677 5708 5778 6412 7393 7493 8347 8561 9077 9389 9529
3 1 3 1098 8076 9135
3 2
4 1 2 1327 5453
4 1 2 8479 9722
3 1 9 1448 1625 3210 3381 4428 5240 8495 9496 9834
3 1 14 1479 4363 4638 5899 7212 7532 7955 8110 8521 8746 8967 9042 9555 9980
3 1 3 1619 4737 5661
3 1 2 1728 4138
3 1 3 1796 9060 9192
3 1 2 1843 4038
3 1 10 1961 3910 4217 4846 6176 8228 8735 9102 10184 10185
3 1 13 2178 4609 6616 7151 7426 8202 8440 8583 8685 9003 9199 9379 10101
3 1 4 2313 6110 9101 9293
3 1 4 2367 4409 6682 7703
3 1 2 2431 10154
3 1 2 2506 7924
3 1 2 2811 8274
3 2
4 1 2 2846 8547
4 1 2 10171 10234
3 1 3 3419 8493 8542
3 1 7 3761 8901 9078 9206 9388 9419 10120
3 1 4 3908 4911 7164 8670
3 1 6 3987 6919 8093 8634 8856 9321
3 1 3 4076 5269 6605
3 2
4 1 2 4101 7051
4 1 2 9424 9428
3 1 4 4323 4959 7314 8514
3 1 3 4334 7618 9642
3 1 4 4366 5945 8417 9771
3 1 13 4613 5822 6058 6324 6934 7131 7594 8063 8214 8835 8886 8956 9223
3 1 2 4650 5766
3 2
4 1 3 5053 6650 10084
4 1 2 9148 9158
3 1 4 5066 9370 9522 9608
3 1 4 5564 6760 7357 9864
3 1 2 5649 9279
3 2
4 1 2 5727 9229
4 1 5 6408 7372 9093 9373 10105
3 1 2 5824 8572
3 1 2 6012 9037
3 1 2 6261 8824
3 2
4 1 3 6365 9125 9186
4 1 2 8287 10061
3 1 2 6599 8942
3 1 2 6611 9453
3 1 3 6639 7507 8983
3 1 2 6817 8785
3 1 4 7003 7731 8210 8815
3 1 2 7122 7398
3 3
4 1 2 7176 9552
4 1 2 8819 9147
4 1 2 9617 9712
3 1 12 7218 7392 8698 8793 8959 9061 9092 9143 9159 9566 9837 9840
3 1 2 7545 7743
3 1 2 7600 8455
3 1 6 7679 8428 8517 9471 9701 9949
3 1 2 7712 10187
3 1 3 7786 9009 9057
3 1 2 7840 9486
3 1 3 7891 8842 9375
3 1 4 7948 8958 9457 10043
3 1 2 7963 9333
3 2
4 1 2 8238 9807
4 1 2 9089 9355
3 2
4 1 3 8461 9510 9746
4 1 2 9506 9590
3 1 4 8730 9139 9436 9824
3 1 2 8734 8892
3 1 2 8757 8911
3 1 3 8763 9368 9549
3 1 2 8799 9554
3 1 2 9300 9767
3 1 2 9371 9518
3 1 2 9380 9567
3 1 4 9501 9512 9690 9912
3 1 2 9863 10074
3 1 2 9924 10190
2 28
3 1 11 41 182 4534 6547 6949 7571 8343 8630 9098 9140 9173
3 1 5 219 1390 8946 8960 9114
3 1 3 1243 7652 7657
3 1 8 2040 7619 7902 8733 8781 9818 9874 9889
3 1 3 2097 8418 8838
3 4
4 2
5 1 3 2098 5984 8180
5 1 2 6344 8139
4 1 5 3947 4220 7184 9363 10068
4 1 2 8195 8586
4 1 2 8995 9145
3 1 2 3458 4934
3 2
4 1 2 4254 7155
4 1 3 7968 9354 9804
3 1 2 4417 5876
3 1 4 4587 5615 9402 9799
3 1 6 5087 5180 7219 8866 9525 9556
3 1 2 5235 9299
3 1 2 5998 8712
3 1 4 6343 7952 8116 9537
3 1 2 6357 7985
3 1 3 6734 7251 8476
3 1 4 7274 7279 9265 9664
3 1 2 7289 8772
3 1 4 7378 8402 8405 8873
3 2
4 1 2 7466 8991
4 1 3 8242 8614 9264
3 1 3 8226 8846 9269
3 1 3 8437 8500 8711
3 1 2 8457 8714
3 1 2 8463 9493
3 1 3 8864 8988 9287
3 1 2 8989 9198
3 1 3 9036 9108 9595
3 1 2 9119 9396
2 9
3 1 11 58 229 1139 5031 5199 7198 8610 8724 8867 9463 9973
3 1 2 98 9995
3 2
4 1 3 1174 8268 9775
4 1 3 7939 9246 9770
3 1 6 1288 4648 9136 9427 9710 10266
3 3
4 1 4 2418 6891 7006 9631
4 1 4 2956 4269 5100 9700
4 1 2 5505 9560
3 3
4 1 2 2430 5627
4 1 3 3408 4496 9374
4 1 2 4786 4817
3 4
4 1 4 3526 7755 9707 9729
4 1 6 6406 7970 8522 9315 9704 9739
4 1 3 8973 9519 9763
4 1 3 9562 9609 9786
3 3
4 1 2 5743 6625
4 1 2 7896 8657
4 1 2 8552 9749
3 1 6 6292 7501 8940 9347 9762 10112
2 6
3 1 3 80 8126 8821
3 1 3 1369 5011 5353
3 1 2 4197 8458
3 1 6 4854 7058 8290 8499 8618 9107
3 1 4 6492 7559 8715 9272
3 1 4 7537 8090 8884 9017
2 27
3 9
4 1 3 82 10212 10226
4 2
5 1 3 431 2055 9943
5 1 3 646 4544 7340
4 1 3 1292 7498 8680
4 3
5 1 4 2781 8223 8732 9507
5 1 3 5333 7290 7791
5 1 2 7282 10186
4 1 4 5428 6041 6505 9733
4 1 2 7790 10253
4 1 3 8298 8709 8751
4 1 3 8844 8880 9941
4 1 3 10135 10168 10275
3 5
4 2
5 1 3 112 5185 8924
5 1 3 7804 8637 8749
4 1 12 445 1091 3993 4383 5272 5665 9038 9188 9196 9280 9723 10203
4 1 2 6959 8964
4 1 4 8299 8434 8713 9048
4 1 2 8828 9047
3 8
4 2
5 1 3 128 8407 8795
5 1 3 7694 8169 9305
4 1 3 213 9100 9137
4 2
5 2
6 1 3 604 7227 8387
6 1 3 2806 9533 9613
5 1 4 7911 8346 9181 9306
4 1 5 3489 6945 8357 8470 9275
4 1 4 4432 8118 8808 9398
4 2
5 1 4 4487 8510 8796 8809
5 1 2 8676 9336
4 1 3 6451 8767 8971
4 1 2 9046 9959
3 6
4 1 3 206 9454 9561
4 1 6 251 2537 6552 7311 8386 8658
4 1 4 1046 8314 8349 8412
4 1 3 4554 8082 10259
4 1 4 5153 6298 7139 7700
4 1 5 6287 7303 7330 8039 8193
3 9
4 1 4 239 1330 4579 4819
4 1 3 312 9227 9351
4 2
5 1 2 323 9809
5 1 2 7092 9225
4 2
5 1 3 3035 9516 9565
5 1 2 9113 9913
4 1 5 3079 4647 5557 8489 9647
4 1 4 4140 5586 7223 7428
4 2
5 1 2 5462 6685
5 1 2 8970 9026
4 1 2 8578 9437
4 1 2 8843 9768
3 14
4 3
5 2
6 1 3 313 2155 6019
6 1 2 8002 8295
5 1 2 6231 8207
5 1 4 6768 7736 8053 8192
4 2
5 1 2 464 5916
5 1 3 7292 8786 8977
4 3
5 1 3 505 6487 7564
5 1 3 8358 8579 9073
5 1 2 8359 9069
4 1 7 610 5343 7701 8272 8442 8588 9743
4 2
5 1 3 2884 8534 10115
5 1 3 8465 8549 8656
4 1 3 3000 7929 8425
4 1 3 4200 8115 8697
4 1 2 4436 7633
4 1 4 5666 5931 7229 8498
4 3
5 1 5 6256 8083 8438 8444 8527
5 1 2 6893 7561
5 1 3 7986 8662 8998
4 1 7 6351 7291 7584 8120 8121 8221 8625
4 1 2 6769 7640
4 1 3 7691 7954 8276
4 1 2 8017 8095
3 7
4 1 2 419 7376
4 1 3 436 2144 6034
4 1 4 3192 8949 9472 9573
4 1 3 4844 5834 9801
4 2
5 1 2 4905 7560
5 1 3 8389 9452 9547
4 2
5 1 2 6707 9356
5 1 2 9366 9425
4 1 3 7690 8138 8535
3 13
4 2
5 1 3 428 5244 8058
5 1 2 3866 9485
4 1 5 555 4346 6806 6820 8871
4 2
5 1 3 1411 6994 9120
5 1 3 4822 6107 8488
4 2
5 1 2 2711 9503
5 1 3 7660 7857 8056
4 1 4 3646 6543 8054 8646
4 2
5 1 4 4222 6237 9540 9666
5 2
6 1 3 7361 7734 8996
6 1 2 8926 9888
4 2
5 1 3 4578 7753 8317
5 1 2 8645 9091
4 1 3 5695 8840 10255
4 2
5 1 3 6018 8678 9473
5 1 2 9383 10019
4 1 2 7365 8895
4 2
5 1 3 7427 8450 9358
5 1 2 8421 9814
4 2
5 1 5 8484 9574 9653 9964 10017
5 1 2 9736 9921
4 3
5 1 2 8490 10123
5 1 2 9039 9563
5 1 2 10118 10202
3 4
4 1 3 537 6954 7725
4 1 2 3221 8885
4 1 3 6299 6802 9176
4 1 3 7662 8805 8908
3 9
4 2
5 1 3 884 7973 8091
5 1 2 3270 3899
4 1 3 1735 8494 8889
4 1 5 4228 4573 7096 8475 8768
4 1 2 5707 5716
4 1 2 6228 8962
4 2
5 1 2 7204 9110
5 1 3 8239 8932 9532
4 1 3 7699 8170 8736
4 3
5 1 2 7717 8394
5 1 2 8261 8621
5 1 2 9795 9994
4 1 5 8025 8258 8306 8344 8420
3 2
4 1 4 1121 5327 7624 8209
4 1 3 6664 8837 9282
3 1 7 1420 4774 5478 7581 7971 8573 8999
3 1 3 1677 2434 2903
3 1 9 2510 4753 7412 7462 8367 8427 8903 9104 9492
3 2
4 1 2 3049 8626
4 1 2 4582 8311
3 2
4 1 4 3448 8021 8354 8469
4 1 2 6720 8850
3 3
4 1 2 3710 8503
4 1 3 7849 8861 8909
4 1 3 9081 9097 9384
3 1 4 4958 8686 8927 8968
3 1 12 6087 6151 6554 7135 7874 8075 8125 8135 8379 8865 8966 9266
3 2
4 1 3 6464 7128 8592
4 1 2 7748 7848
3 2
4 1 2 7565 9312
4 1 2 7938 8948
3 2
4 1 2 8070 9884
4 1 2 8684 9765
3 1 5 8089 8491 8640 8725 9005
3 3
4 1 2 8345 9803
4 1 2 8356 8994
4 1 2 8585 8791
3 2
4 1 2 8416 8687
4 1 4 8564 8612 8682 9348
3 1 2 8570 9984
3 1 2 8647 8688
2 3
3 1 4 84 2722 6449 6963
3 1 2 1862 9241
3 1 4 3176 3299 4223 9043
2 3
3 1 3 90 3274 10088
3 1 6 2359 5049 5313 6901 7001 9622
3 1 2 3498 9443
2 3
3 1 67 99 1861 1964 2812 2967 3785 3843 4066 4172 4393 4670 5196 5667 6439 6683 6842 6928 7246 7608 7667 7727 7884 7992 8057 8119 8148 8199 8471 8531 8550 8596 8606 8620 8704 8708 8765 8773 8787 8792 8800 8831 8858 8891 8912 9055 9238 9242 9256 9277 9301 9385 9442 9474 9576 9594 9714 9724 9728 9730 9756 9851 9929 9950 9955 10073 10079 10090
3 1 3 220 9063 9752
3 1 3 4368 7346 7943
2 1 14 116 137 984 4740 7424 7448 8644 8778 9015 9377 9479 9490 9670 10022
2 1 3 120 3504 5097
2 1 3 202 4802 7540
2 2
3 1 12 208 3643 4680 5943 6186 6974 8023 8668 9827 9945 9978 10291
3 1 2 9946 10005
2 2
3 1 2 264 8674
3 1 2 3032 9016
2 3
3 1 38 280 701 880 1060 1344 2483 2533 2776 3406 4815 4977 5113 5223 5316 6205 6499 7328 7741 7750 7933 8460 8594 8727 8802 8853 8939 9022 9174 9233 9308 9551 9588 9681 9769 9981 10165 10236 10308
3 1 2 6583 8062
3 1 2 8941 9326
2 1 2 283 10098
2 12
3 1 2 379 7795
3 2
4 1 5 2102 7875 8957 9755 10215
4 2
5 1 2 6632 7536
5 1 2 7908 7928
3 1 3 2557 2593 5613
3 1 3 3327 9649 9785
3 3
4 1 2 4090 8206
4 1 2 5528 9629
4 1 2 7299 9702
3 2
4 1 2 4105 8061
4 1 4 6004 7442 9156 9391
3 1 3 4249 5213 8832
3 1 2 4631 7999
3 2
4 1 4 6033 7337 7406 8834
4 1 4 8208 8384 8539 9800
3 2
4 1 2 6230 8665
4 1 2 7642 9705
3 1 3 6476 6757 8789
3 1 3 8624 8925 9184
2 3
3 1 68 434 861 1070 1112 4244 4266 4337 4423 5886 6160 7038 7482 7574 7710 7862 8203 8318 8321 8368 8404 8452 8518 8587 8639 8719 8744 8754 8756 8777 8783 8830 8947 8985 9004 9094 9116 9134 9142 9144 9185 9187 9234 9294 9337 9365 9381 9390 9405 9450 9469 9569 9585 9614 9667 9671 9680 9695 9731 9766 9862 9931 9992 9999 10085 10121 10146 10156 10196
3 1 2 8492 8814
3 1 2 9986 10004
2 2
3 1 15 639 1871 2131 3563 5598 5946 6148 6209 6575 7434 7873 7894 7981 9292 9865
3 1 2 4301 7639
2 1 11 737 1345 1381 1859 1948 3323 6807 6981 7207 9484 9682
2 1 4 873 6774 10157 10294
2 4
3 1 51 974 1043 1065 1818 2045 2258 2383 3828 3889 3955 4373 4679 4989 5469 5527 5809 5816 5832 6075 6271 6309 6402 6799 6870 6983 7117 7180 7206 7269 7302 7459 7625 7974 8439 8446 8667 8692 8882 9399 9408 9460 9500 9581 9587 9662 9816 9927 10075 10100 10150 10210
3 1 2 9584 10132
3 1 2 9892 10303
3 1 2 10087 10091
2 1 24 1103 3044 7076 7958 8112 8264 8559 9054 9083 9332 9392 9413 9798 9908 9974 10008 10012 10024 10030 10066 10163 10180 10199 10242
2 1 3 1462 2727 8558
2 1 3 1514 2590 9153
2 2
3 1 3 1641 8178 9023
3 1 3 5676 9006 9065
2 3
3 1 3 1666 6024 9291
3 1 5 2347 8024 8590 8731 9099
3 1 3 4181 7105 9520
2 1 3 1752 6204 8915
2 1 17 2020 2617 3963 4461 6595 7779 7863 8044 8047 8146 8147 8576 8699 9166 9215 9395 9487
2 4
3 1 3 2130 8641 8702
3 1 5 3451 6663 8436 9346 10083
3 1 2 4603 6267
3 1 4 8211 8693 9489 9808
2 1 8 2462 5971 7953 9132 9208 9290 9476 10116
2 3
3 1 2 2896 9404
3 1 2 8390 9511
3 1 2 8584 9468
2 1 5 3073 4569 6520 8972 8974
2 1 2 3934 9778
2 1 4 4692 5123 5776 6490
2 1 2 4768 10240
2 3
3 1 3 5040 6350 10230
3 1 2 8165 9899
3 1 3 8337 9191 9933
2 1 2 5077 8105
2 1 2 5432 9271
2 2
3 1 4 6097 6393 9086 9262
3 1 2 8004 8330
2 1 2 6141 9439
2 2
3 1 3 6296 6990 9344
3 1 2 8771 9611
2 1 2 6389 8691
2 1 3 6477 8836 9534
2 1 3 6866 9163 9240
2 1 3 7188 8292 9341
2 1 2 7429 9087
2 1 2 7484 9002
2 1 2 7517 9969
2 1 2 7655 10200
2 1 2 7845 8933
2 1 2 7975 8695
2 2
3 1 3 7980 9546 9553
3 1 4 8007 8536 9235 9327
2 1 3 8150 9426 9515
2 2
3 1 3 8231 8565 9429
3 1 2 9008 9084
2 1 5 8370 8894 9406 9975 9977
2 2
3 1 3 8398 8878 9018
3 1 2 8429 9559
2 1 4 8413 8979 9041 9059
2 1 2 8511 8779
2 1 4 8619 9352 9637 9727
2 1 2 8955 9806
2 1 2 9035 10104
2 1 2 9481 9583
1 13
2 1 5 12 1610 4764 7154 7620
2 1 7 43 2154 2282 3938 5497 7918 8969
2 2
3 1 3 50 183 5725
3 1 3 3552 3844 4017
2 4
3 1 4 574 2573 3037 4808
3 1 3 582 2346 3371
3 2
4 1 2 765 8423
4 1 2 1867 3950
3 1 3 1833 4191 5487
2 1 5 717 3594 6035 7589 7858
2 2
3 1 2 919 5338
3 1 8 1797 1914 2961 2977 3377 3746 4014 6047
2 2
3 1 3 1751 2341 3518
3 1 2 3480 9268
2 2
3 1 4 2750 2899 4718 5757
3 1 3 3737 5273 7250
2 1 9 5017 5300 6257 6289 6931 7255 7370 7433 8040
2 2
3 1 3 7150 7587 8081
3 1 4 7313 7622 8005 8046
2 1 2 7843 8569
2 1 3 7851 7914 8249
2 1 2 9024 9461
1 2
2 1 65 23 119 354 527 1004 1015 1137 1427 1634 1732 1771 1925 1966 2479 2488 2577 3207 3357 3543 3759 4036 4162 4380 4501 4708 4761 4811 4910 4952 4978 4981 5578 5940 5995 6246 7036 7084 7087 7226 7267 7447 7461 7511 7586 7605 7671 7697 7959 8037 8038 8060 8085 8097 8131 8419 8433 8545 8848 8868 9012 9167 9409 9410 9625 9918
2 1 2 1204 8874
1 7
2 1 3 37 8743 9719
2 1 123 86 111 176 186 545 746 755 821 908 1022 1027 1039 1095 1187 1922 1931 2007 2118 2172 2223 2334 2491 2626 2690 2869 2917 3467 3679 3714 3732 3760 4133 4179 4194 4257 4304 4478 4775 5119 5133 5354 5537 5549 5591 5837 5896 5976 6135 6263 6509 6540 6729 6771 7050 7085 7256 7288 7324 7363 7395 7405 7435 7460 7468 7492 7510 7513 7555 7572 7677 7746 7754 7885 7956 7957 7969 8084 8101 8162 8198 8220 8408 8464 8474 8502 8507 8566 8617 8673 8679 8748 8794 8810 8829 8879 8896 8976 9000 9027 9080 9085 9252 9267 9270 9276 9281 9316 9331 9393 9414 9543 9571 9592 9598 9686 9760 9787 9836 10051 10159 10188 10217 10235
2 1 3 2379 5417 10279
2 1 2 2803 8633
2 1 5 4672 5710 6258 6770 7458
2 1 2 6444 8045
2 1 2 9854 10277
1 1 2 46 8700
1 38
2 1 12 54 3068 3119 4305 4566 5285 6065 6979 7431 8538 8716 8723
2 28
3 1 13 93 612 1106 2025 2572 3076 3114 3813 4915 5304 5385 6809 6867
3 1 3 126 1866 3266
3 1 3 368 8184 8496
3 3
4 1 2 420 6969
4 1 4 4446 6201 6216 6463
4 1 3 6051 7546 7860
3 2
4 1 2 478 5033
4 1 2 2851 8123
3 4
4 1 2 596 6591
4 1 3 2164 8515 8525
4 1 2 3478 9659
4 1 2 6787 7091
3 2
4 1 2 598 4125
4 1 3 1532 3364 4394
3 2
4 1 3 823 2014 2925
4 2
5 1 3 2432 3277 4556
5 1 3 2582 4671 7818
3 2
4 1 2 838 6816
4 1 4 2597 3532 4906 7621
3 2
4 1 8 1032 2066 3989 5340 5999 6252 8839 9422
4 1 2 8807 9759
3 1 4 1045 2816 3009 3688
3 1 4 1138 5619 10065 10241
3 1 2 2109 8776
3 3
4 1 2 2275 7777
4 1 2 5970 6849
4 1 2 6563 8244
3 2
4 1 3 2363 5861 6074
4 1 3 3581 5027 5324
3 2
4 1 2 2696 5131
4 1 2 5540 5781
3 2
4 1 3 2948 4572 4787
4 1 4 3630 4899 5294 5980
3 1 5 2986 4135 4453 4876 5220
3 1 2 3363 5256
3 2
4 1 3 4065 4601 8613
4 1 2 4109 10261
3 1 4 4330 8241 8283 8705
3 1 2 4421 8001
3 1 4 4485 5348 8132 9689
3 1 4 4536 4545 5610 7615
3 1 2 5314 7377
3 1 3 6960 7695 7967
3 1 2 8130 8629
3 1 2 8651 9628
2 16
3 1 8 96 3583 6302 6452 6522 6571 9593 9936
3 1 5 212 1842 4399 5616 5898
3 1 3 243 887 7854
3 3
4 1 3 260 4724 6495
4 2
5 1 2 1516 1517
5 1 2 3457 3698
4 1 2 2232 6535
3 3
4 2
5 1 2 1203 6592
5 1 2 2818 6647
4 1 4 2643 2686 3316 3347
4 1 2 3284 6440
3 1 6 1481 3255 4669 4676 5625 6485
3 1 7 2151 2552 2675 4410 4804 5080 7040
3 1 4 4973 5380 5698 5860
3 1 2 5485 6874
3 2
4 1 2 5890 6417
4 1 2 8029 9007
3 2
4 1 2 6013 6445
4 1 3 6170 6223 6472
3 1 2 6436 7222
3 1 5 6438 6455 6672 7247 7595
3 1 2 6447 6496
3 1 2 6863 7509
3 1 3 6868 7107 7205
2 24
3 3
4 1 3 122 855 4524
4 1 4 275 2969 4390 7603
4 1 4 345 4354 5419 7037
3 3
4 1 2 265 3092
4 1 2 925 7664
4 1 4 1729 3499 4914 7032
3 3
4 1 3 471 7137 8677
4 1 2 1977 5228
4 1 3 4803 7566 8328
3 5
4 1 4 570 4263 4642 5883
4 2
5 1 3 1453 6714 7156
5 1 2 2134 3855
4 1 3 2452 3248 3537
4 2
5 1 2 4771 5981
5 1 2 4964 5443
4 1 2 4947 5990
3 2
4 1 3 723 2581 9916
4 1 3 813 3618 6973
3 2
4 1 5 762 1392 2454 4558 4635
4 1 3 989 1219 3030
3 1 3 774 3809 4886
3 2
4 1 5 801 2107 4493 4807 5737
4 1 3 2468 3418 7342
3 1 6 982 1025 3493 7173 7326 8059
3 1 4 1042 1927 4027 6567
3 1 5 1147 1815 4510 4547 6105
3 1 5 1165 5004 5078 5673 6345
3 1 3 1237 3937 6634
3 2
4 1 5 1277 6410 7187 7930 9693
4 1 2 5265 5930
3 2
4 1 3 1668 7265 7483
4 1 4 2855 3132 4584 5266
3 1 4 2108 2622 3380 4418
3 1 6 2216 2527 3384 3510 4387 7568
3 1 4 2386 5357 5949 5989
3 1 3 2881 4355 4896
3 1 2 3755 7216
3 1 3 4259 4384 5222
3 1 2 4285 4457
3 1 2 6145 6380
3 1 2 7273 10027
2 7
3 1 3 338 444 1418
3 1 2 440 2910
3 1 2 1653 8048
3 1 2 2449 3801
3 1 4 2476 2627 6480 7516
3 1 2 4127 9071
3 1 4 5042 5748 5762 7606
2 2
3 1 9 509 2139 2192 2328 5885 6519 6699 7941 8177
3 1 5 1119 2047 2492 3945 4772
2 2
3 2
4 1 2 703 2771
4 1 3 5227 6057 6903
3 1 3 1937 6414 7221
2 2
3 1 3 812 7074 10149
3 1 3 2231 2990 5811
2 5
3 1 2 834 5287
3 1 2 1320 5521
3 1 4 2473 2659 6801 7410
3 1 2 2854 5274
3 2
4 1 2 3320 5326
4 1 2 3879 7984
2 2
3 1 3 853 8308 8462
3 1 2 2274 4700
2 2
3 1 3 954 4622 8742
3 1 2 1031 2053
2 1 3 1048 6475 8426
2 2
3 1 3 1163 5344 8142
3 1 4 4918 6584 6636 7649
2 1 11 1194 1232 2291 3841 4075 5486 5913 6121 7244 7771 8467
2 1 3 1591 7898 7905
2 2
3 1 2 1672 6194
3 1 4 3916 6582 7252 7409
2 7
3 2
4 1 5 1756 6434 7570 7872 8173
4 1 2 6415 7688
3 1 2 2372 9075
3 1 2 3920 6086
3 1 2 5036 7263
3 1 3 5205 5713 8185
3 1 5 5689 6431 7179 7283 7882
3 1 4 6247 7349 8478 8661
2 1 3 1913 3861 6716
2 1 4 1986 2236 2296 4193
2 3
3 2
4 1 2 2142 2719
4 1 2 3305 4851
3 1 3 2461 7922 8252
3 1 3 5621 7278 7651
2 1 7 2215 3468 3477 3953 4345 5650 6530
2 1 2 2302 9993
2 1 3 2309 2692 8152
2 2
3 1 2 2429 5367
3 1 2 3604 4155
2 1 5 2852 3529 4480 5957 7411
2 1 4 2887 6705 6745 7523
2 2
3 1 4 3180 4546 5012 9412
3 1 4 4618 4711 7159 8683
2 1 3 3402 6651 8229
2 1 3 3472 7305 9106
2 1 3 4467 6144 6982
2 2
3 1 3 4507 7519 8740
3 1 3 5440 7057 8833
2 1 4 5132 9781 10077 10302
2 1 3 5641 6484 6538
2 3
3 1 3 5642 6608 8706
3 1 4 6358 7004 7213 8000
3 1 3 6886 7715 8033
2 1 2 7016 10175
2 1 4 7659 8174 9703 10046
2 1 2 7774 7796
2 1 2 8315 8987
1 20
2 2
3 1 5 60 1744 2867 6759 9877
3 1 4 3235 5607 5738 6482
2 1 4 63 3023 3822 4782
2 3
3 1 2 194 6667
3 1 2 5280 8176
3 1 4 8659 9058 9302 9661
2 4
3 2
4 1 4 244 2832 3236 3797
4 2
5 1 2 924 2723
5 1 3 2914 4115 5331
3 2
4 1 3 416 481 5217
4 1 2 865 4336
3 1 4 2559 2784 5026 6882
3 1 5 3057 3087 3978 4312 4840
2 1 3 371 9149 9909
2 6
3 1 3 504 9711 9744
3 1 5 1126 5947 6377 8605 9447
3 1 5 2676 3894 4048 4749 6348
3 1 3 4005 5960 9876
3 1 2 4350 6094
3 1 2 4852 5793
2 1 3 602 6698 7656
2 1 8 692 1274 3715 5043 6334 6506 7909 8497
2 1 4 797 4062 4502 7739
2 1 8 851 1090 1425 3823 5408 6668 7185 7949
2 5
3 1 3 875 991 3397
3 1 3 1124 2801 7708
3 1 3 1145 2459 8615
3 1 4 1502 3259 6003 7506
3 1 3 1877 5146 6794
2 4
3 3
4 1 2 899 3802
4 1 4 2048 2732 2747 4203
4 1 2 9923 10039
3 2
4 1 4 1901 6848 7887 8071
4 1 3 3193 4652 5013
3 1 2 3170 6052
3 1 3 4044 4202 9830
2 4
3 1 2 1435 7332
3 1 2 3682 7658
3 1 2 4353 6001
3 1 2 4777 6557
2 1 7 2423 4318 4526 7515 8316 8888 10166
2 2
3 1 3 3726 6626 9528
3 1 2 9342 9635
2 1 2 4413 8696
2 1 3 4727 8334 8435
2 1 2 5021 5751
2 1 2 6783 6822
2 1 3 7086 8003 9580
1 1 4 143 2085 2293 5063
1 12
2 1 4 195 864 3238 3932
2 2
3 1 2 271 1080
3 1 2 2734 4903
2 1 3 316 1294 3436
2 3
3 1 2 410 7240
3 1 3 548 6830 8530
3 1 2 2444 6398
2 2
3 2
4 1 2 459 9812
4 1 2 1863 3414
3 1 3 956 1444 4591
2 2
3 1 2 641 3748
3 1 2 2023 7042
2 2
3 1 3 716 1306 8137
3 1 2 2825 4032
2 1 4 902 1149 7592 8392
2 2
3 1 2 1719 4472
3 1 2 3196 3779
2 1 3 2200 3776 5251
2 1 5 2689 2702 3873 3944 5892
2 1 2 4040 4063
1 1 27 292 2235 6352 8277 8841 8859 8875 8906 9095 9189 9200 9213 9222 9228 9243 9249 9250 9261 9330 9362 9364 9445 9513 9523 9615 9741 9742
1 1 2 349 3834
1 4
2 2
3 1 4 388 506 624 8310
3 1 2 844 937
2 1 14 679 973 1250 2330 3135 3929 5058 5135 5807 6048 6422 7312 9307 9966
2 1 2 4779 6441
2 1 2 8881 8990
1 1 2 402 3933
1 5
2 1 4 427 3887 5389 5418
2 1 4 901 3655 6142 7039
2 1 2 1051 6368
2 3
3 1 2 1334 5961
3 1 2 3640 6399
3 1 3 4481 8622 9335
2 1 3 2498 3757 4486
1 1 2 1874 3744
1 1 2 2136 3881
1 1 3 2385 5081 5867
1 1 4 4739 6164 7125 8049
1 1 2 9579 9597
