0 18
1 52
2 35
3 4
4 1 3 0 393 7071
4 1 4 222 1998 2472 4612
4 1 4 517 4331 7444 7747
4 1 3 3856 6629 6895
3 4
4 2
5 1 2 238 2720
5 1 2 5466 6138
4 1 4 1377 3321 5722 6446
4 1 3 5162 6055 6394
4 1 2 6606 6726
3 2
4 1 2 266 6737
4 1 4 4622 6317 7582 8176
3 2
4 1 5 398 5080 6154 6662 6956
4 1 4 3966 5286 5932 6218
3 2
4 1 3 451 3895 4611
4 1 3 540 4869 7844
3 3
4 1 2 730 5798
4 1 2 2175 4124
4 1 2 5820 5884
3 3
4 1 2 784 5253
4 1 2 1695 6114
4 1 2 2822 4215
3 1 9 791 1785 4592 5739 5821 6386 6819 7002 7065
3 1 5 1041 3672 4746 5194 6845
3 6
4 2
5 1 3 1285 4564 6462
5 1 3 3840 4826 5815
4 1 3 2946 5322 6566
4 1 3 3116 5792 7706
4 2
5 1 3 3642 3851 7993
5 1 2 5617 7090
4 1 4 6586 6897 8443 8537
4 1 3 6926 7223 8155
3 2
4 1 2 1762 5987
4 1 3 5464 6260 6778
3 2
4 1 2 2123 5703
4 1 3 5529 6721 6804
3 1 2 2218 6523
3 1 6 2331 4185 4389 5112 5643 9738
3 1 3 2464 3428 6852
3 1 2 2512 6744
3 1 3 2795 6921 7334
3 1 4 3022 5405 5773 5959
3 1 4 3629 5560 5629 6905
3 3
4 1 3 3797 6397 7029
4 1 3 6183 6708 6899
4 1 2 6188 7316
3 1 2 3951 6220
3 1 4 3971 5515 6061 6242
3 1 3 4443 6871 7025
3 1 6 4570 4624 4835 5889 7133 7627
3 1 3 5726 5996 6762
3 1 3 5838 6603 6888
3 1 4 5904 6286 6764 7728
3 1 2 5928 6789
3 2
4 1 2 5997 6597
4 1 4 6517 6688 6857 6877
3 1 2 6002 6274
3 1 3 6080 6900 7784
3 1 2 6388 6501
3 1 3 6671 6700 6746
3 1 2 6797 7118
3 1 2 7867 7920
2 37
3 5
4 1 3 5 4921 6670
4 1 3 329 4160 6504
4 2
5 1 4 2637 5567 5841 7186
5 1 3 2665 3171 6777
4 1 2 4120 6178
4 1 3 5929 6550 6655
3 5
4 2
5 1 2 7 3899
5 1 2 3850 5900
4 2
5 1 3 511 872 5465
5 1 2 6336 8562
4 1 2 3265 6294
4 1 2 3931 6828
4 1 3 5489 5730 6465
3 2
4 1 6 78 3455 6316 7371 7414 8248
4 1 2 6250 7473
3 2
4 1 3 88 3025 5117
4 1 2 1026 5375
3 1 7 140 3731 6088 6551 7445 8016 8233
3 4
4 1 2 370 7683
4 1 4 5451 5944 6512 7425
4 1 2 5977 6800
4 1 2 6119 6367
3 6
4 2
5 1 2 392 5093
5 1 2 4147 8140
4 1 3 457 5369 7663
4 2
5 1 3 555 3643 6395
5 1 2 3550 5665
4 2
5 1 2 749 7126
5 1 3 5307 5574 7017
4 2
5 1 2 1046 7667
5 1 3 4531 5923 7538
4 2
5 1 3 3351 4230 4927
5 1 2 5495 6659
3 1 3 553 4770 5035
3 2
4 1 2 579 5426
4 1 3 1263 6690 7138
3 2
4 1 2 679 6206
4 1 4 4073 5973 6732 6883
3 1 3 714 5000 6233
3 1 3 799 7432 7945
3 3
4 1 2 1335 5733
4 1 2 6906 7859
4 1 2 7673 7960
3 1 3 1357 7814 8304
3 2
4 2
5 1 2 1935 4785
5 1 2 5865 6832
4 1 3 4518 5581 5969
3 1 6 2019 2187 5205 6660 7488 8477
3 2
4 1 3 2202 6112 6498
4 1 4 6174 6326 6676 7023
3 2
4 1 3 2664 6401 7379
4 2
5 1 2 7093 7353
5 1 3 7719 7940 8144
3 2
4 1 2 2940 8153
4 1 2 5145 6811
3 1 2 3434 7438
3 1 3 3505 5873 8415
3 1 3 3660 6621 6889
3 2
4 1 2 3733 5912
4 1 2 6702 6815
3 3
4 1 3 3810 4114 7261
4 1 2 6330 7165
4 1 2 7110 8361
3 1 3 4380 5224 6785
3 2
4 1 3 4449 7521 7835
4 1 3 6869 6922 7102
3 3
4 1 2 4576 6840
4 1 5 4722 6349 6971 8383 8567
4 1 2 7008 7569
3 2
4 1 2 5221 6450
4 1 2 6046 7661
3 2
4 1 2 5270 6758
4 1 2 6929 6948
3 1 2 5539 8349
3 1 2 5686 7350
3 1 3 5720 6426 6976
3 1 3 5779 6457 6805
3 2
4 1 2 6093 8191
4 1 2 7966 8340
3 1 2 6558 6590
3 1 2 6964 7994
3 1 2 7041 7335
2 31
3 1 3 15 2886 6780
3 4
4 1 2 422 7828
4 1 2 4755 8482
4 1 2 7172 8117
4 1 2 7541 7775
3 2
4 1 3 520 6977 8329
4 1 3 5284 7797 7799
3 4
4 1 2 569 5479
4 1 3 662 5823 6678
4 1 2 4218 7494
4 1 4 4725 5050 6851 8187
3 1 4 611 4165 7304 8133
3 3
4 1 2 686 6467
4 2
5 1 2 3736 8204
5 1 2 7471 7522
4 1 3 6304 7389 7744
3 1 7 836 4189 5736 6000 7121 8366 8601
3 2
4 1 4 847 5672 7382 7585
4 1 3 6332 6972 7018
3 1 6 1102 4085 5862 6556 7055 7518
3 4
4 1 3 1246 6791 7878
4 1 3 5832 7647 7904
4 1 3 6153 6156 6717
4 1 2 6635 7628
3 2
4 1 4 2004 6095 6952 8441
4 2
5 1 2 5341 7318
5 1 2 6131 6200
3 1 4 3051 3334 3477 7800
3 1 4 3249 6150 7374 7480
3 2
4 1 3 3497 6376 7530
4 1 3 7078 7503 7890
3 2
4 1 2 3534 5908
4 1 3 5401 6653 7630
3 2
4 2
5 1 2 3537 8459
5 1 2 6753 7098
4 1 4 5115 7345 7816 7841
3 4
4 1 3 4431 6297 6640
4 1 3 7028 7232 7610
4 1 3 7792 7833 8395
4 1 2 7898 7905
3 3
4 1 4 4517 7108 7295 8042
4 1 2 5437 8557
4 1 3 5467 6173 7422
3 1 2 4663 7062
3 2
4 1 2 5107 6513
4 1 2 6198 6691
3 1 2 5192 6099
3 1 4 5499 7309 7421 7947
3 1 2 5845 6515
3 1 3 5893 6767 7856
3 1 4 6124 6973 7415 8380
3 2
4 1 2 6369 7391
4 1 2 7623 7821
3 1 3 6738 7539 7765
3 1 3 6824 6881 7272
3 1 3 7418 7551 7944
3 1 2 7579 7721
3 1 2 7778 8642
2 53
3 1 6 34 2971 3312 4782 5318 5545
3 2
4 1 6 75 103 5258 5551 6042 6118
4 1 3 92 4419 4615
3 5
4 1 3 142 5257 5741
4 1 2 4023 5246
4 1 2 4747 4793
4 1 2 4991 5937
4 1 3 5359 5633 5709
3 6
4 2
5 1 2 185 1791
5 1 2 4988 5555
4 1 3 3220 5687 6385
4 1 2 3992 4605
4 2
5 1 2 4429 5562
5 1 2 5911 6248
4 1 2 4537 5232
4 1 2 4881 5533
3 1 6 190 2711 5308 5631 6245 7193
3 1 4 207 1214 4516 5366
3 10
4 1 2 298 475
4 2
5 1 3 609 2180 6066
5 1 3 2177 4153 6295
4 1 2 923 5189
4 1 4 1218 3086 5198 5301
4 1 2 2745 5332
4 2
5 1 2 3471 5603
5 1 2 3935 5858
4 1 2 4422 5840
4 2
5 1 2 4863 6305
5 1 2 6053 6279
4 1 2 5735 6056
4 1 2 6062 6111
3 3
4 1 3 391 5851 6342
4 1 3 1359 4842 6989
4 1 3 5109 5628 7794
3 1 6 428 5244 5805 6219 6268 6679
3 4
4 1 2 474 5685
4 1 2 3536 3648
4 1 3 4645 5034 5849
4 1 2 5504 5988
3 4
4 1 2 499 676
4 1 2 2829 4627
4 1 2 4277 4504
4 1 2 4968 5644
3 1 7 522 3483 3666 4401 4466 4685 6372
3 6
4 1 3 564 3224 5626
4 1 2 3793 5714
4 1 2 4583 5794
4 1 4 5084 5439 5715 6308
4 1 2 5651 6562
4 1 2 6404 6936
3 3
4 1 8 658 688 1743 4668 5530 5728 6187 6264
4 1 3 4216 5648 5658
4 1 3 4455 5037 5800
3 6
4 1 4 845 4820 5141 6612
4 1 2 1100 4805
4 1 2 3071 4142
4 1 3 4827 5491 5575
4 1 2 4967 5412
4 1 2 5553 5612
3 6
4 1 3 1132 4054 5328
4 1 3 1840 5680 7732
4 1 3 4071 5993 6090
4 1 3 4664 5315 5321
4 1 4 5511 5786 6113 6375
4 1 2 6120 6208
3 2
4 1 2 1841 6423
4 1 2 3131 6677
3 1 3 1938 4935 5717
3 2
4 1 2 2306 5423
4 1 2 4593 5802
3 2
4 1 5 2475 5283 5637 5767 8643
4 1 4 5003 5137 5400 5850
3 8
4 1 3 2547 3939 6379
4 2
5 1 3 3671 5565 5924
5 1 4 5277 5363 5660 6010
4 1 3 4188 5729 6011
4 1 2 4412 6536
4 1 3 4539 5668 5829
4 3
5 1 3 4693 5203 5813
5 1 2 5208 5571
5 1 2 5622 6458
4 1 2 5769 6493
4 1 3 6303 6511 6859
3 1 5 2551 5193 6163 6288 6366
3 2
4 1 3 2619 6693 6706
4 1 3 5310 6322 6323
3 1 11 2625 4865 5178 5524 5561 5920 5958 5966 6064 6139 6249
3 1 4 3139 4667 5887 6240
3 2
4 2
5 1 2 3172 4997
5 1 2 3328 4858
4 1 4 4791 5503 5706 6331
3 3
4 1 2 3244 5842
4 1 2 5373 6827
4 1 2 5569 6281
3 1 6 3460 4497 4963 6040 6421 6656
3 2
4 1 4 3612 5018 5740 6008
4 1 2 5182 6939
3 1 8 3639 4688 5106 5351 5620 5704 6168 6254
3 1 6 3670 5248 5275 5948 6652 7024
3 1 2 3739 4082
3 1 3 3984 5282 7307
3 1 2 4030 5252
3 1 12 4164 4476 4837 5039 5126 5247 5298 5444 5640 5846 6073 6433
3 1 3 4190 5895 5952
3 4
4 1 2 4503 5355
4 1 3 4776 5877 7196
4 1 2 5092 5611
4 1 3 5447 5712 8339
3 1 2 4721 5147
3 1 2 4847 5856
3 1 2 4985 5231
3 2
4 1 3 5069 5825 6161
4 2
5 1 2 5183 6025
5 1 3 5320 5474 5514
3 1 2 5154 5378
3 1 3 5271 5732 6381
3 1 3 5309 5609 5882
3 1 4 5381 5770 6213 6371
3 1 3 5541 5552 6772
3 1 3 5742 6014 6409
3 1 3 5806 6109 6116
3 1 3 5888 6037 6236
3 1 3 5891 6860 7995
3 1 2 6016 6203
3 1 2 6159 8160
3 1 2 6335 9416
2 56
3 5
4 1 3 39 5915 7362
4 1 2 625 5854
4 1 3 640 4814 5546
4 1 5 3146 4388 6618 6648 7171
4 2
5 1 2 4717 4924
5 1 3 5624 6021 6483
3 1 11 105 259 671 1008 2301 3768 3860 4459 5913 6865 7770
3 2
4 1 3 135 852 5812
4 1 7 2621 5014 5544 6262 6311 6818 6913
3 6
4 1 5 166 294 651 4637 6643
4 2
5 1 2 274 6134
5 1 4 649 5606 5678 6453
4 3
5 1 3 724 967 3703
5 1 2 3926 4902
5 1 3 5152 5360 6790
4 1 3 3295 5771 7913
4 1 5 4784 5020 5150 6795 6847
4 2
5 1 4 5195 5926 6555 7476
5 1 2 5623 6307
3 2
4 1 3 170 3758 5421
4 1 6 3650 3805 4948 5927 6861 7527
3 1 5 226 3774 7026 7049 7481
3 1 16 263 2395 2561 4891 5430 5532 5859 5979 6437 6793 7077 7181 7396 7740 7927 8288
3 2
4 1 2 305 4731
4 1 2 6030 6810
3 4
4 1 3 319 588 6155
4 1 3 879 5749 6158
4 1 3 2350 4614 5164
4 1 3 5002 5064 6363
3 1 5 355 1236 7296 7950 8019
3 1 3 357 6217 7452
3 4
4 1 3 442 543 7047
4 1 3 6427 7331 7989
4 1 3 6749 6835 6875
4 1 2 6917 7781
3 3
4 1 3 477 5156 6428
4 1 6 630 3924 7430 7549 7573 7653
4 2
5 1 2 6225 7885
5 1 4 6600 6885 7070 7562
3 1 3 575 5601 7146
3 3
4 1 4 620 4251 6149 6545
4 1 3 2746 3869 6259
4 1 3 4479 6669 7763
3 2
4 1 8 635 3592 4887 4930 6269 6419 6834 6873
4 1 3 4377 5652 6733
3 2
4 2
5 1 2 669 6321
5 1 2 4511 5870
4 2
5 1 2 3060 6430
5 1 2 4338 5226
3 2
4 1 2 675 7160
4 1 2 5329 7142
3 4
4 1 4 754 2761 6015 6473
4 1 3 3424 6766 6850
4 1 3 3500 3740 3868
4 2
5 1 2 5817 7359
5 1 3 6337 6546 7035
3 5
4 1 6 816 2402 3796 6175 6362 6723
4 2
5 1 2 1955 6577
5 1 3 4154 6576 7450
4 2
5 1 2 2624 6713
5 1 2 5501 6068
4 1 3 5431 7401 7500
4 1 3 6704 7607 7636
3 3
4 1 3 920 4734 5175
4 1 2 3546 7550
4 1 2 4797 7175
3 5
4 2
5 1 2 1614 4723
5 1 2 2116 3322
4 1 2 3110 6553
4 1 2 3222 5086
4 1 3 4118 4962 6486
4 1 3 5572 5844 6843
3 1 3 1644 5095 8008
3 1 2 1690 4167
3 1 5 1865 6403 6730 7437 7580
3 3
4 1 2 2143 6251
4 1 6 4464 6072 6076 6506 7293 7758
4 1 2 6003 6377
3 1 11 2565 4273 4742 5074 5488 6432 6940 6961 6985 7756 7785
3 1 13 2615 4260 5599 6588 6615 6619 6649 6765 6987 7259 7416 7512 7558
3 1 2 2630 3366
3 1 3 3187 5218 7367
3 2
4 1 2 3293 6687
4 1 2 5721 8012
3 1 3 3420 5371 7553
3 1 2 3852 5852
3 1 11 3991 5177 5484 5518 5827 6117 6665 6673 6779 7009 7390
3 2
4 1 2 4004 5688
4 2
5 1 2 7211 7749
5 1 2 7436 7709
3 1 4 4131 6374 6836 6938
3 1 2 4151 6627
3 2
4 1 4 4629 5554 6255 6914
4 1 2 6079 9499
3 1 2 4633 7456
3 1 2 4660 5163
3 2
4 1 2 4738 5214
4 1 2 5296 7308
3 1 2 5038 7162
3 1 4 5142 6214 7310 7375
3 1 9 5368 5548 5556 5711 5967 6043 6195 6370 8320
3 1 2 5395 6537
3 1 2 5500 7266
3 1 2 5592 6494
3 2
4 1 2 5595 5602
4 1 3 6526 6641 7190
3 1 2 6521 6692
3 1 3 6529 7287 7348
3 1 3 6622 6855 7031
3 1 2 6864 9183
3 1 2 6884 7319
3 1 2 6911 7883
3 1 2 7499 7654
3 1 2 7760 8018
2 1 14 44 494 700 1156 2642 3412 3437 3772 5671 6050 6082 6157 6932 7921
2 3
3 1 67 73 897 958 1168 1392 1512 1582 1851 1900 2316 2519 3031 3070 3111 3368 3462 3566 3961 4168 4187 4207 4385 4434 4441 4868 5073 5149 5187 5267 5289 5399 5481 5550 5718 5724 5872 5968 6036 6224 6320 6338 6542 6549 6568 6846 6890 7000 7011 7101 7417 7496 7692 7718 7723 7751 7820 7824 7869 7976 7979 8006 8009 8068 8096 8107 8201 8269
3 1 3 2685 5383 7931
3 1 2 7612 8212
2 16
3 7
4 1 4 93 6152 6787 8244
4 1 5 838 3478 3532 6816 9659
4 1 2 2275 7777
4 1 4 3581 6563 8130 8283
4 1 2 4446 6216
4 1 2 4536 6463
4 1 2 5970 6849
3 1 3 126 3266 4065
3 1 3 420 6969 7695
3 1 4 425 5936 6051 8496
3 1 4 583 2948 4572 5864
3 2
4 1 3 598 4125 4394
4 1 2 5324 6201
3 2
4 1 2 809 1106
4 1 2 3784 6502
3 1 6 946 2044 2599 5116 5450 5905
3 1 6 1095 2025 4915 5385 5517 5894
3 2
4 1 2 2597 6751
4 1 2 7192 7882
3 2
4 1 3 2696 4787 5980
4 1 3 3630 4899 5294
3 1 2 4402 5608
3 2
4 1 3 4906 5674 7621
4 1 2 6960 7967
3 1 3 5619 5861 7615
3 3
4 1 3 5639 6666 8742
4 1 4 5642 6608 6886 7213
4 1 2 6614 6695
3 2
4 1 3 6103 6907 7531
4 1 2 6354 7091
2 1 15 100 407 5747 6184 6325 6565 6657 7082 7095 7119 7325 7788 7826 7881 8166
2 1 36 132 168 612 1196 1457 2038 2476 2828 2931 3112 3151 3188 3252 3344 3361 3392 3401 3813 3829 4442 4683 4882 5181 5201 5216 5429 5590 5750 5777 5782 5897 6126 6383 6387 6405 8694
2 30
3 1 9 136 1756 3604 5452 6434 6530 7043 7570 7872
3 4
4 1 4 243 2627 2686 4399
4 1 3 440 7516 7606
4 1 5 2215 2449 3468 4155 4345
4 1 3 5042 5748 5762
3 3
4 1 3 260 5951 7649
4 1 2 4471 5344
4 1 2 4918 6636
3 2
4 1 4 486 5459 7169 7387
4 1 3 887 5898 7854
3 7
4 2
5 1 2 703 2771
5 1 2 3861 6057
4 1 2 3916 5713
4 1 2 6013 6445
4 1 3 6415 6472 7688
4 1 3 6440 6485 6686
4 1 3 6672 6801 7349
4 1 3 6868 6903 7216
3 1 6 726 6215 6697 7064 7439 7834
3 2
4 1 2 834 3255
4 1 5 2139 4669 4676 4711 6001
3 5
4 1 5 1147 1418 1815 4510 4547
4 2
5 1 3 2452 4973 7174
5 1 2 3248 6647
4 2
5 1 2 2659 3905
5 1 3 3320 5274 5326
4 1 4 2719 4384 6086 6716
4 2
5 1 2 2854 7410
5 1 2 5380 6592
3 2
4 1 4 1203 2372 6247 7145
4 1 3 3092 5689 7283
3 1 4 1517 5890 6223 6417
3 1 9 1591 2537 3284 3457 4410 4804 5367 5650 5669
3 1 5 1721 2232 4724 6302 6535
3 1 3 1842 5616 6431
3 1 9 2865 5860 6007 6479 6522 6763 6837 6946 7083
3 2
4 1 2 2990 5811
4 1 3 4700 6904 7074
3 2
4 1 8 3068 4305 4533 4566 5406 6065 7897 8716
4 1 2 6979 7711
3 1 3 3119 5990 6567
3 1 4 3583 5641 6484 6538
3 1 2 4027 6745
3 2
4 1 3 4104 7182 7477
4 1 2 5625 5635
3 1 6 4507 5698 6480 6571 9593 9936
3 2
4 1 3 4778 6783 6822
4 1 2 6582 7252
3 1 3 5036 6447 6496
3 1 2 5485 6874
3 3
4 1 3 6194 6471 6661
4 1 2 6436 7222
4 1 2 6863 7509
3 1 2 6414 7221
3 1 4 6438 6455 7247 7281
3 2
4 1 3 6495 7409 8833
4 1 2 7040 7057
3 1 2 7107 7205
3 1 2 7285 7542
2 3
3 1 11 151 3795 5021 6125 6318 6333 6579 7237 7472 7479 7998
3 1 2 4515 6988
3 3
4 1 2 4769 5588
4 1 2 5941 6951
4 1 2 6167 6460
2 6
3 1 3 158 2358 6272
3 2
4 1 3 670 6829 7056
4 1 3 1296 4021 4543
3 1 3 2916 3382 7140
3 2
4 1 3 4525 4540 6966
4 1 3 4798 5276 6680
3 1 4 6411 7044 7705 7923
3 1 5 6930 7248 7490 7505 7877
2 5
3 1 3 179 2057 6560
3 1 43 580 1069 1662 3579 3727 3970 4378 4780 5374 5570 5752 5795 5831 5847 5934 5964 5965 6020 6031 6140 6144 6165 6191 6212 6226 6234 6275 6277 6285 6293 6301 6306 6328 6329 6384 6392 6407 6420 6516 6559 6825 6908 7046
3 1 2 4828 6143
3 1 2 5761 6623
3 1 2 6067 6488
2 10
3 3
4 2
5 1 2 211 6541
5 1 2 5907 6955
4 1 2 6276 7643
4 1 2 7148 7738
3 3
4 1 2 542 7215
4 1 2 3603 5342
4 1 2 4237 7529
3 1 2 859 5788
3 2
4 1 2 1596 6180
4 1 2 5994 6469
3 1 4 2819 3004 6071 7431
3 1 6 4355 5910 6593 6613 7344 9960
3 1 2 5166 8092
3 2
4 1 3 5434 6235 6728
4 1 2 6581 7889
3 3
4 1 2 5692 7195
4 1 3 6743 7358 7369
4 1 2 7099 7321
3 1 2 5796 6645
2 20
3 1 3 253 6782 7144
3 2
4 1 3 275 2134 4390
4 1 2 1237 7275
3 2
4 1 2 324 921
4 1 4 2302 4263 4642 5883
3 2
4 1 5 345 801 1977 3418 5737
4 1 3 4285 4457 5088
3 1 2 471 2184
3 3
4 1 3 813 5443 5981
4 1 3 4771 7467 7483
4 1 3 4964 6714 7368
3 1 5 982 4259 4354 5419 6410
3 1 6 1165 3809 4947 5004 5673 6345
3 1 5 1481 1729 3499 4886 5222
3 1 5 1668 2386 5357 5949 5989
3 1 4 2107 3565 4807 6266
3 1 4 2527 3085 7187 7568
3 2
4 1 2 2675 4584
4 1 2 3132 5266
3 1 3 2969 3855 4546
3 1 2 3165 6396
3 1 3 4524 7326 7664
3 1 3 4618 6814 7159
3 1 2 5404 5498
3 1 3 6997 7156 7265
3 1 2 7238 7342
2 7
3 1 4 304 4214 5200 8232
3 1 2 3042 3517
3 1 2 3957 7129
3 1 9 4205 4404 5312 6539 6727 7809 7829 7868 7946
3 1 7 5382 6638 7403 7408 7689 7782 8100
3 1 2 6525 7015
3 1 3 6937 7061 7191
2 3
3 1 42 311 721 939 1034 1144 2552 3270 3318 3336 3376 3510 3691 3847 4211 4508 4625 4655 4728 4838 5045 5144 5233 5305 5407 5438 5744 5756 5804 5868 6022 6084 6196 6518 7268 7280 7351 7423 8103 8145 8189 8243 8801
3 1 2 2314 6838
3 1 2 3300 5679
2 4
3 1 50 337 607 626 1083 1087 1225 2176 3946 4272 4372 4765 4799 4922 5377 5388 5391 5480 5520 5583 5593 5600 5843 6009 6017 6023 6049 6063 6524 6920 7203 7520 7614 7648 7676 7724 7733 7742 7822 7825 7864 7876 8167 8188 8393 8540 9274 9596 9604 9861 9972
3 1 3 492 7599 7815
3 1 2 6719 7132
3 1 2 7177 7277
2 1 2 349 3834
2 1 4 351 2026 6280 7264
2 1 34 444 632 680 3128 3271 3573 4262 4319 4493 4845 4880 4983 5349 5772 5808 5955 6092 6957 6995 7103 7258 7451 7693 7707 7759 7830 7852 7910 7942 7961 7962 8011 9367 9882
2 2
3 1 2 495 7893
3 1 9 874 5059 5758 5787 6085 6171 6197 6341 8582
2 1 6 592 1301 4839 5105 5646 5991
2 1 2 647 8182
2 2
3 1 31 1173 1677 1812 2285 2368 2548 2841 3953 4282 4308 4392 4893 4965 4972 5008 5089 5124 5259 5280 5356 5386 5681 5906 6059 6123 6319 6578 7870 7977 8151 9044
3 1 2 4026 5522
2 7
3 1 3 1387 3141 6238
3 2
4 1 3 2405 4116 4686
4 1 3 6718 8348 10197
3 2
4 1 2 2730 7478
4 1 4 4585 5483 6083 8050
3 1 3 3190 4830 5071
3 2
4 1 2 4932 8196
4 1 2 6211 6339
3 1 3 5468 7241 7366
3 2
4 1 2 5818 5954
4 1 4 5983 6425 6947 7617
2 1 3 1513 2683 5933
2 1 6 1687 6027 6199 7900 7935 8664
2 4
3 1 2 1858 6924
3 1 3 2735 5879 7048
3 1 3 5225 7183 7678
3 1 2 6360 6943
2 1 2 1911 3702
2 1 4 2047 2492 3945 4772
2 1 17 2158 5403 5719 6130 6239 6244 6283 6500 6624 6658 6710 6725 6872 6944 6953 6984 7609
2 1 2 2203 6291
2 1 6 2852 3529 4480 5957 6996 7411
2 1 2 3305 4851
2 4
3 1 2 3386 7919
3 1 2 4610 7543
3 1 4 4998 7167 7440 7901
3 1 3 7454 7508 9195
2 1 2 3393 5589
2 1 2 3531 8200
2 2
3 1 3 4047 6101 6127
3 1 2 4714 6100
2 1 2 4703 6361
2 1 5 4763 5101 6182 6284 6468
2 1 2 4898 6373
2 1 2 5174 7327
2 1 5 5745 6998 7793 8414 8681
2 1 2 6145 6380
2 2
3 1 2 6442 7463
3 1 2 6703 8164
2 1 2 6570 7114
2 1 3 6646 6696 6699
2 1 3 6803 7104 7402
2 1 2 6826 7037
2 1 2 7453 7686
1 57
2 27
3 1 28 1 249 320 673 1117 1161 1227 1446 1738 2021 2311 2399 2438 2514 2543 2693 2802 2844 2891 3115 3370 3387 3788 3830 4008 4028 4043 4575
3 2
4 1 3 28 2941 3040
4 1 5 367 980 2387 2435 2880
3 3
4 1 4 67 519 1064 4199
4 1 3 2511 2849 4371
4 1 3 2888 3651 4294
3 3
4 1 2 187 4356
4 1 2 601 2571
4 1 2 2034 4122
3 3
4 1 2 204 2415
4 1 2 372 2273
4 1 2 2072 4126
3 1 4 335 2137 2343 3209
3 1 16 406 577 849 1853 2091 2376 2673 2700 2743 2955 3147 3153 3256 3313 3431 3439
3 1 3 498 1942 2252
3 2
4 1 3 739 2466 3580
4 1 2 1006 2556
3 1 6 898 1284 1640 1697 1736 4078
3 1 22 934 1118 1158 1534 1572 1602 1988 2104 2240 2392 2398 2489 2562 2767 2845 3016 3404 3611 3919 3986 4538 7388
3 1 4 963 994 2509 3359
3 1 5 1010 1170 2482 2649 2716
3 1 6 1018 1547 2132 2354 2810 3353
3 1 5 1104 1694 2429 2502 2603
3 1 4 1150 4877 5044 5645
3 1 2 1295 3903
3 1 4 1465 1682 3541 4100
3 1 3 1540 2268 2366
3 1 3 1916 2733 2893
3 1 2 2112 2406
3 1 2 2226 3078
3 1 4 2544 2875 2882 3094
3 1 3 2628 3014 3098
3 1 3 2922 3303 3775
3 2
4 1 2 2975 3574
4 1 2 3137 3556
3 1 2 3063 3415
2 27
3 12
4 3
5 1 2 2 4121
5 1 3 953 3225 3904
5 1 3 3283 3960 4108
4 1 2 147 2682
4 3
5 1 8 375 2721 2838 3559 4113 4196 4243 4284
5 1 2 871 4290
5 1 8 2043 2600 3585 3713 4152 4224 4247 4289
4 3
5 1 2 674 4025
5 1 2 2786 4081
5 1 2 4034 4158
4 2
5 1 7 832 3039 3261 4192 4433 5005 5279
5 1 3 949 2473 4007
4 1 2 2352 3597
4 3
5 1 2 2726 3962
5 1 3 3403 4265 4311
5 1 2 3831 4823
4 2
5 1 2 2777 3832
5 1 2 4060 4698
4 1 2 3290 3628
4 1 2 3441 4253
4 1 2 4064 4206
4 2
5 1 2 4475 4509
5 1 5 4505 4649 4696 4937 4955
3 5
4 1 2 20 4037
4 2
5 1 2 33 4993
5 1 2 2497 4498
4 1 13 344 568 1891 2396 2785 3008 3103 3298 3686 4639 4640 4705 5734
4 1 2 2160 3849
4 1 2 4439 7394
3 21
4 5
5 1 2 32 4789
5 1 5 585 605 4328 5230 5249
5 1 2 2996 4944
5 1 2 3783 4212
5 1 2 4848 5047
4 2
5 1 3 64 1171 4825
5 1 2 4435 4926
4 1 5 70 485 3444 4596 5746
4 4
5 1 3 248 3432 5323
5 1 3 1245 2729 4866
5 1 4 3466 5542 5699 5791
5 1 2 4904 7616
4 10
5 2
6 1 2 530 4310
6 1 3 927 2789 5461
5 1 4 1554 4055 4077 4565
5 2
6 1 2 2149 4970
6 1 2 3519 3677
5 1 4 2528 2831 4659 4907
5 1 2 2923 4444
5 1 2 3130 5169
5 1 3 3698 4255 4606
5 2
6 1 2 4019 5159
6 1 2 4628 4760
5 1 2 4359 4699
5 1 2 4636 7297
4 1 2 636 5493
4 5
5 1 2 997 5079
5 1 3 2576 3178 5260
5 1 4 2648 3203 4589 5409
5 1 5 4757 5024 5151 5345 5384
5 1 3 5065 5134 5209
4 4
5 1 4 1109 1216 4571 5763
5 1 4 1343 5477 6916 7526
5 2
6 1 2 3095 4309
6 1 2 3198 4094
5 1 2 3812 4548
4 4
5 1 3 1189 2460 3461
5 1 5 3958 4767 4831 4888 4931
5 1 2 4400 4946
5 1 3 4445 5090 5392
4 2
5 1 4 1561 4535 4560 5387
5 1 3 4349 5121 5576
4 4
5 1 3 2146 2363 4460
5 1 4 2165 3442 4506 5789
5 1 2 3564 3871
5 1 2 4348 4450
4 3
5 1 5 2591 4148 4245 4986 5376
5 1 2 2897 4961
5 1 4 4987 5188 5339 5566
4 1 3 3048 4574 4736
4 2
5 1 4 3443 3769 4447 4806
5 1 3 4232 4437 4773
4 1 5 3459 3981 5454 5684 5881
4 2
5 1 3 3490 4248 4750
5 1 3 4150 4994 5168
4 3
5 1 2 3977 4270
5 1 3 4555 5414 5538
5 1 2 4925 5420
4 1 3 4246 4306 4454
4 1 3 4313 4522 4990
4 1 2 4473 4813
4 1 2 4834 4984
3 9
4 1 2 42 2294
4 1 3 432 2635 3228
4 1 2 1361 3523
4 1 3 2932 3314 4403
4 1 2 3718 4643
4 1 2 3724 4087
4 1 2 4146 4169
4 1 2 4175 7276
4 1 2 4324 4702
3 1 13 48 144 2049 2579 2927 3024 3636 4080 4329 4347 4550 4862 4892
3 1 3 54 4530 4549
3 1 3 57 2412 3029
3 2
4 1 17 59 2951 3525 4013 4070 4132 4870 4875 4914 5197 5433 5473 5476 5605 5874 5938 8636
4 1 2 276 5422
3 2
4 1 3 65 3975 4580
4 1 2 906 3161
3 20
4 5
5 1 3 83 1193 4325
5 1 3 127 2909 3279
5 1 3 551 3417 4261
5 1 2 1846 3690
5 1 2 4430 4634
4 1 4 113 828 1657 4089
4 3
5 1 3 225 4106 4495
5 2
6 1 2 2304 4653
6 1 2 4042 4264
5 1 2 2919 3109
4 1 4 308 2902 3463 3675
4 1 4 314 3616 4836 5482
4 5
5 2
6 1 2 340 4326
6 1 2 2084 4011
5 1 3 484 559 4143
5 1 2 811 2393
5 1 2 3126 3524
5 1 2 3282 3456
4 4
5 1 3 383 3872 4088
5 1 3 2378 2792 5456
5 1 3 2739 3423 3888
5 1 3 3245 3258 3730
4 4
5 1 3 488 532 2817
5 1 3 535 3599 3907
5 1 3 1002 3011 4666
5 1 2 2451 3482
4 2
5 1 3 529 3631 4561
5 1 3 3072 3568 4477
4 3
5 1 3 778 1571 4340
5 1 2 3652 4500
5 1 4 3678 4276 4344 4694
4 3
5 1 2 910 5229
5 1 3 1299 2056 3701
5 1 4 1705 3893 3909 4029
4 3
5 1 5 1122 1730 2411 3886 4002
5 1 2 3003 3885
5 1 3 3614 4364 4720
4 2
5 1 3 1509 3365 3547
5 1 4 3396 3622 3878 4697
4 1 3 2195 2656 4079
4 2
5 1 4 2494 2799 3512 4341
5 1 2 3806 4139
4 3
5 2
6 1 2 2525 3738
6 1 2 3281 3668
5 1 3 2677 2775 3140
5 1 3 3189 3782 4756
4 1 2 2868 5278
4 2
5 1 2 2952 4250
5 1 2 4209 4231
4 1 2 3301 3474
4 1 2 4097 4953
3 9
4 1 3 85 453 2553
4 1 3 270 2830 3680
4 2
5 1 2 300 3400
5 1 2 1583 4182
4 1 3 1926 4156 5046
4 1 2 2015 4320
4 1 3 2413 2953 3091
4 1 4 2937 4602 4646 5263
4 1 2 3102 3998
4 1 3 3154 3339 4795
3 19
4 2
5 2
6 1 3 117 1061 3268
6 1 3 1951 2431 2736
5 2
6 1 2 2833 3817
6 1 2 4177 4339
4 3
5 1 3 177 2879 3226
5 1 3 1050 3182 4857
5 1 3 3081 5019 5067
4 2
5 1 2 405 4465
5 1 2 896 1179
4 1 9 469 3827 3877 4317 4406 4754 4762 5070 5335
4 4
5 1 3 687 2954 3427
5 1 3 1895 3380 3514
5 2
6 1 2 2976 3865
6 1 2 3430 3502
5 1 2 3369 3429
4 1 3 886 3544 3709
4 1 4 894 2523 2654 3842
4 1 3 947 2725 3921
4 2
5 1 6 955 1536 2442 2639 3152 3658
5 1 3 2484 3422 3902
4 4
5 1 3 968 3965 4766
5 1 3 1208 4933 5295
5 1 3 2695 3118 3707
5 1 2 3239 4630
4 1 2 1637 3335
4 1 4 2031 2947 3644 4068
4 2
5 1 2 2233 3570
5 1 2 3449 3576
4 2
5 1 2 2633 2908
5 1 2 4499 4824
4 1 5 3173 3996 5362 5656 5759
4 1 2 3659 4315
4 1 2 3858 5068
4 1 3 4093 4235 4343
4 1 2 4238 4689
3 1 4 125 3168 4091 4542
3 19
4 4
5 1 3 153 1510 3372
5 1 2 1131 5547
5 1 2 3204 5293
5 1 3 3745 5190 5458
4 3
5 1 4 203 3696 4186 4267
5 1 2 2620 3948
5 1 2 4110 4360
4 1 2 378 2898
4 3
5 1 2 525 4299
5 1 2 1412 3267
5 1 2 2515 3820
4 2
5 1 2 595 3341
5 1 4 2900 3857 4003 4045
4 3
5 1 3 827 1529 3413
5 1 3 2155 2674 2704
5 1 2 2443 3026
4 3
5 1 3 1107 4180 5108
5 1 2 3756 4141
5 1 2 3969 4256
4 3
5 2
6 1 2 1164 3476
6 1 3 2836 3337 3567
5 1 3 2757 3479 3610
5 1 3 3416 4860 5291
4 1 5 1195 3329 3804 4031 7635
4 1 4 1205 3815 4440 9601
4 2
5 1 3 1417 2697 3959
5 1 4 2808 3074 3712 3867
4 1 3 2189 4302 8881
4 3
5 1 2 2478 3315
5 1 2 2966 4035
5 1 3 3036 3912 4183
4 2
5 1 4 2505 3385 3710 4370
5 1 3 2596 3562 3699
4 1 2 3625 3695
4 1 2 3674 5364
4 1 3 3883 4010 4577
4 1 2 4414 5072
4 1 2 4468 5033
3 2
4 1 14 240 1113 2589 2709 2970 3687 3765 4367 4490 4557 4800 4971 5125 8336
4 1 3 3097 4297 4448
3 1 3 254 4874 5120
3 3
4 1 15 288 1930 2998 3575 3803 3816 4000 4375 4398 4607 5061 5211 5398 5513 8745
4 1 4 3454 4407 4520 4541
4 1 3 4369 4812 4908
3 2
4 1 2 317 5334
4 1 6 2002 4178 4427 4588 4678 4976
3 4
4 1 4 341 1289 3082 4316
4 1 3 476 950 5871
4 1 2 479 2613
4 2
5 1 3 502 3349 3798
5 1 2 3780 4900
3 14
4 1 2 389 3974
4 2
5 1 2 760 3807
5 1 2 5029 5243
4 2
5 1 2 1346 2773
5 1 3 2117 4909 4960
4 1 4 2048 2222 3223 3243
4 1 2 2100 3067
4 1 2 2858 3906
4 1 2 3494 3605
4 1 3 3657 3884 4424
4 1 3 3762 4303 4420
4 1 2 3808 5048
4 1 2 3967 5974
4 2
5 1 2 4226 5104
5 1 2 4832 5158
4 1 3 4600 5102 5370
4 1 2 4809 5337
3 4
4 1 4 534 642 3280 5657
4 1 4 594 3212 4890 5025
4 1 2 1059 4159
4 1 7 3388 4333 4489 4919 4992 5186 5202
3 5
4 2
5 1 2 653 913
5 1 2 3452 3600
4 2
5 1 3 2463 2741 2949
5 1 3 4850 4859 5130
4 1 2 3324 3911
4 1 3 3667 3777 4690
4 1 2 4901 5204
3 1 10 706 2981 3891 4049 4227 4463 4492 4598 4674 4684
3 1 3 1031 3521 3620
3 1 5 3358 4135 4166 4876 5220
3 1 2 4551 4735
3 1 2 5299 8671
2 65
3 6
4 1 3 4 112 1474
4 1 2 496 1889
4 1 6 586 689 1089 2607 2653 5534
4 1 3 792 1932 1978
4 1 2 1157 2375
4 1 3 1188 1190 1997
3 4
4 1 19 11 448 783 930 1111 1287 1372 1404 1674 1678 1688 1703 1836 2161 2409 2467 2813 3291 5463
4 1 6 297 1030 1213 1647 2150 2219
4 1 3 399 1869 1995
4 1 2 1459 1905
3 49
4 2
5 1 2 13 1437
5 1 2 2474 2549
4 3
5 1 2 14 6429
5 1 3 547 1873 2370
5 1 2 1552 1864
4 2
5 1 3 35 414 796
5 1 2 2099 2382
4 1 8 74 197 1129 1921 2436 2650 2964 7836
4 3
5 1 2 104 2920
5 1 3 343 720 2861
5 1 3 985 1436 2928
4 1 3 169 230 1854
4 1 2 181 2234
4 2
5 1 3 216 998 2783
5 1 3 2011 2279 2298
4 1 4 236 802 1473 3059
4 1 10 267 1352 1890 2173 2289 2333 2441 2536 2623 2738
4 2
5 1 3 278 1845 2427
5 1 6 666 856 3475 6081 6146 6435
4 1 7 281 798 1882 2227 2342 2584 2989
4 5
5 1 3 386 2778 3129
5 1 3 631 1143 2420
5 1 6 883 1283 2209 2651 3019 3105
5 1 4 1894 2058 2087 2440
5 1 2 2715 3596
4 1 2 468 2220
4 1 2 489 694
4 1 2 508 2353
4 1 2 515 544
4 1 2 561 1422
4 1 3 638 2319 2534
4 2
5 1 2 648 2609
5 1 3 728 2191 3157
4 1 6 707 1116 1355 2278 2404 2859
4 1 5 731 2608 2647 2679 2717
4 2
5 1 2 743 2067
5 1 2 1620 2265
4 1 7 762 1701 2162 2204 2228 2445 2751
4 1 2 814 1449
4 1 2 860 2663
4 1 5 952 1323 1909 2860 2889
4 1 3 1009 2495 2645
4 1 2 1180 1574
4 1 2 1341 2610
4 3
5 1 3 1393 2281 2791
5 1 3 2186 2569 2874
5 1 2 2672 2807
4 1 2 1460 1723
4 1 6 1485 1876 1899 2407 2588 2667
4 1 4 1494 1949 2129 3213
4 1 3 1499 2101 2360
4 1 4 1598 2560 2604 2678
4 2
5 1 2 1685 1860
5 1 2 2369 2580
4 1 2 1727 1878
4 1 3 1870 2039 2307
4 2
5 1 2 2018 3297
5 1 3 2337 2713 3752
4 1 4 2036 2394 3064 3100
4 1 2 2069 2351
4 1 2 2090 2284
4 1 4 2105 2456 2652 2655
4 1 2 2174 3155
4 1 4 2419 2742 2963 3202
4 1 2 2522 2545
4 1 2 2662 2959
4 1 2 2973 3124
3 3
4 1 2 16 221
4 1 2 124 1370
4 1 2 1461 2496
3 2
4 1 22 18 79 94 411 751 866 904 979 1020 1280 1321 1340 1374 1423 1466 1490 1548 1578 1615 1622 1737 1848
4 2
5 1 2 1029 1367
5 1 2 1577 1774
3 1 12 22 301 623 1017 1133 1229 1336 1564 1724 1765 2124 2687
3 15
4 6
5 2
6 1 4 25 678 1397 1533
6 1 2 336 3719
5 1 4 218 1356 1409 1541
5 2
6 1 5 446 768 917 1643 1704
6 1 2 1307 1594
5 1 4 452 1151 1282 1386
5 2
6 1 2 772 1148
6 1 2 1698 9751
5 1 2 1592 1847
4 2
5 1 3 49 1792 1920
5 1 4 983 1014 1407 1553
4 3
5 1 4 71 290 928 1373
5 1 2 418 3317
5 1 4 497 699 1635 2061
4 5
5 2
6 1 4 118 1419 1587 2114
6 1 3 487 1324 1734
5 2
6 1 3 178 1162 1354
6 1 2 1240 1758
5 2
6 1 3 437 2032 3066
6 1 2 736 1470
5 2
6 1 3 447 512 839
6 1 4 1991 2065 2230 2770
5 1 3 690 1242 1563
4 7
5 1 4 138 293 1810 1856
5 2
6 1 3 261 1228 1416
6 1 3 1076 1313 1947
5 1 2 465 1054
5 2
6 1 3 516 1794 2167
6 1 2 1824 1912
5 1 5 541 1000 1159 1741 1807
5 1 3 945 1511 3191
5 1 3 1319 1776 1888
4 2
5 2
6 1 3 157 1212 1406
6 1 3 940 1154 1452
5 2
6 1 2 291 1230
6 1 2 1262 1401
4 1 3 215 745 5237
4 3
5 3
6 1 2 228 1850
6 1 2 1108 1291
6 1 4 1676 1821 1903 1982
5 1 2 2006 2008
5 1 4 2796 3083 3164 3778
4 2
5 1 2 400 711
5 1 4 990 1252 1754 5918
4 1 3 518 1167 1769
4 1 3 546 1477 1887
4 3
5 1 2 628 1543
5 1 2 1211 1565
5 1 2 1272 2253
4 4
5 1 3 665 1040 1651
5 1 2 1024 1546
5 1 4 1325 1483 1790 6894
5 1 4 1566 1626 1652 6340
4 2
5 1 2 806 1399
5 1 4 993 1339 1655 1700
4 1 3 1396 1576 2714
3 2
4 1 2 40 1597
4 1 45 68 450 843 961 1137 1215 1267 1278 1304 1447 1463 1525 1526 1527 1528 1537 1557 1560 1562 1575 1579 1580 1588 1589 1595 1599 1600 1601 1605 1612 1616 1617 1621 1632 1648 1650 1659 1660 1661 1663 1778 1781 1801 1804 1813
3 2
4 1 23 55 223 644 1476 1679 1834 1924 1959 1960 1967 1972 1973 1979 2022 2046 2239 2245 2587 2769 2788 3355 4001 4195
4 1 4 1707 1902 2199 2207
3 6
4 1 3 76 2262 2422
4 1 3 194 473 1274
4 1 3 210 804 1124
4 1 4 234 820 1451 3332
4 1 3 395 909 1201
4 1 3 1351 1550 3045
3 1 20 77 708 976 1375 1450 1492 1495 1549 1627 1683 1693 1775 1779 1784 1793 1799 1819 1826 1829 1996
3 2
4 1 2 91 1376
4 1 2 1114 1414
3 2
4 1 10 108 129 227 986 1800 2148 2267 2276 3913 4453
4 1 3 627 1828 2073
3 4
4 1 9 123 366 1028 1084 1482 1629 1933 2064 2421
4 1 2 247 438
4 1 3 342 1943 2060
4 1 3 461 712 1567
3 3
4 1 9 150 500 782 959 1362 1590 1623 1760 2133
4 1 4 558 1127 1329 1992
4 2
5 1 2 1969 2391
5 1 2 2433 4491
3 2
4 1 3 159 773 1570
4 1 3 209 1631 1646
3 4
4 1 6 160 741 933 1003 1363 1368
4 1 4 826 1169 1191 1500
4 1 3 938 1217 1251
4 1 2 1270 1388
3 9
4 1 9 161 232 424 713 735 1001 1038 1348 2287
4 1 2 284 660
4 1 2 360 1787
4 1 3 725 862 1712
4 1 2 793 2229
4 1 2 830 1255
4 1 3 1146 1581 1772
4 1 3 1206 1405 1484
4 1 3 1440 1798 2238
3 2
4 1 2 191 6456
4 1 2 819 1248
3 3
4 1 34 193 252 578 1044 1115 1175 1233 1235 1383 1384 1613 1638 1684 1709 1823 1927 1963 2010 2054 2080 2096 2198 2208 2210 2272 2274 2318 2320 2321 2324 2325 2327 2410 2424
4 1 2 1874 3744
4 1 2 2121 2348
3 1 2 205 1364
3 1 3 212 1653 2910
3 1 2 231 740
3 3
4 1 2 258 1715
4 1 7 526 634 1172 1551 2259 2312 2432
4 1 2 1539 1896
3 1 17 325 326 359 482 554 659 929 1086 1096 1257 1326 1497 1531 1604 1633 1708 2644
3 2
4 1 3 327 1740 1837
4 1 3 1185 1403 1918
3 3
4 2
5 1 2 333 1609
5 1 2 761 1402
4 1 2 769 951
4 1 2 988 1919
3 2
4 1 4 369 966 1464 1487
4 1 15 943 954 1012 1035 1078 1130 1142 1249 1261 1275 1286 1501 1766 1875 1989
3 3
4 1 13 387 1075 1153 1210 1220 1332 1428 1439 1545 1607 1699 1750 1831
4 1 2 615 1178
4 1 2 1152 1353
3 2
4 1 8 397 456 696 885 957 978 1136 1197
4 1 2 989 1247
3 3
4 1 4 408 2014 2071 2086
4 2
5 1 3 661 1733 1746
5 1 2 916 3027
4 1 7 831 1134 1177 1305 1434 1505 1745
3 2
4 1 2 483 775
4 1 2 1608 2277
3 2
4 1 2 493 501
4 1 2 600 1716
3 2
4 1 8 590 907 1281 1706 1731 1816 1941 2403
4 1 2 683 757
3 1 34 599 795 1016 1125 1349 1639 1725 1817 1915 2005 2052 2070 2127 2197 2242 2243 2248 2251 2254 2255 2256 2271 2322 2323 2336 2389 2457 2586 2708 2805 3338 4604 4895 6132
3 1 3 617 704 1415
3 1 5 645 960 1498 1788 1944
3 3
4 1 2 664 1293
4 1 16 848 1025 1426 1523 1524 1696 1928 1946 1956 2013 2042 2152 2241 3257 3306 6413
4 1 2 2089 2486
3 1 2 672 1718
3 3
4 1 15 681 890 1135 1198 1276 1300 1308 1337 1389 1391 1408 1430 1432 1445 1475
4 1 3 1176 1297 1309
4 1 3 1226 1231 1314
3 2
4 1 3 697 869 1994
4 1 2 1767 2009
3 3
4 1 8 709 1385 1852 1962 2017 2059 2153 2701
4 1 2 1209 2718
4 1 3 1692 1980 1999
3 2
4 1 4 710 1713 2266 2292
4 1 4 770 1260 1350 2095
3 2
4 1 3 759 1493 2237
4 1 2 2563 2595
3 1 2 764 1593
3 1 4 790 892 1258 2261
3 2
4 1 2 808 2634
4 1 3 1382 1702 1783
3 2
4 1 4 829 1166 1333 1770
4 1 5 1649 1748 1822 1952 2295
3 1 5 833 1011 1063 2269 2921
3 2
4 1 2 835 1515
4 1 2 1606 2668
3 1 2 842 1347
3 1 2 1048 1795
3 1 16 1068 1099 1269 1312 1569 1680 1720 1849 1880 1907 1945 1968 1971 1975 2455 8355
3 1 2 1085 1855
3 2
4 1 2 1110 1669
4 1 3 1516 1654 1681
3 1 4 1183 1222 1380 1722
3 2
4 1 2 1221 1438
4 1 5 1773 1830 1832 1844 2041
3 1 4 1302 1981 2000 2076
3 3
4 1 2 1310 1433
4 1 2 1311 1317
4 1 3 2217 2356 2377
3 1 2 1421 1881
3 1 3 1441 1825 2183
3 2
4 1 3 1542 1990 2250
4 1 3 2079 2264 2297
3 1 3 1761 2050 2329
3 1 2 2001 2361
3 1 2 2166 2521
2 36
3 1 4 6 2906 3465 5319
3 1 2 8 4018
3 10
4 3
5 1 4 27 1522 2339 2847
5 1 3 656 855 2170
5 1 2 1555 2074
4 3
5 1 2 364 1019
5 1 5 964 969 2631 2638 2883
5 1 3 1219 2083 3999
4 3
5 1 4 376 774 1453 2487
5 1 4 549 1780 2581 2979
5 1 3 2468 2993 4095
4 2
5 1 2 637 1586
5 1 2 1277 6923
4 2
5 1 3 723 2141 2855
5 1 2 926 3979
4 1 4 1520 2122 2815 2834
4 2
5 1 2 1636 2078
5 1 2 2408 3201
4 2
5 1 3 2108 2622 4418
5 1 3 3030 4558 4635
4 1 3 2300 2766 6880
4 1 3 2881 3755 4896
3 3
4 2
5 1 2 36 5207
5 1 2 2857 2987
4 1 2 591 3692
4 1 3 3108 3134 3469
3 3
4 1 3 47 421 536
4 1 2 531 3122
4 1 2 1155 1917
3 10
4 1 2 139 2994
4 2
5 1 2 233 2601
5 1 2 695 893
4 1 3 1254 2760 3728
4 1 2 2260 2942
4 1 3 2345 2999 3273
4 2
5 1 2 2605 3720
5 1 2 3333 4879
4 1 2 2616 3302
4 1 2 2657 3242
4 1 3 2762 3360 3390
4 1 3 2856 3101 3343
3 4
4 1 3 174 877 2737
4 2
5 1 3 429 1234 2453
5 1 3 2598 3028 3569
4 1 3 462 1806 2516
4 1 3 1488 1521 4512
3 1 9 237 1603 2147 2454 2481 2938 3230 3577 3607
3 1 9 256 282 441 948 1271 2842 3247 3615 5173
3 7
4 1 3 287 363 2703
4 1 2 458 3181
4 1 2 1033 1491
4 2
5 1 2 1868 2728
5 1 2 2504 2636
4 1 2 1965 3084
4 1 3 2933 3289 3488
4 1 2 3167 3800
3 2
4 1 3 289 1140 2694
4 1 3 309 922 1256
3 4
4 1 2 356 3554
4 2
5 1 3 362 2872 6390
5 1 3 2470 3055 5764
4 1 5 756 1126 3481 5091 5839
4 1 2 1478 2384
3 3
4 1 4 361 528 935 2632
4 1 3 1005 2863 3275
4 1 2 1273 3015
3 2
4 1 5 409 1987 3211 3231 3485
4 1 2 663 3589
3 2
4 1 2 513 4170
4 1 2 2666 2935
3 3
4 1 2 550 3373
4 1 2 2310 3470
4 1 2 2532 3232
3 1 2 556 1568
3 1 4 682 693 2530 2641
3 1 3 752 1573 2602
3 2
4 1 5 779 3121 3216 4532 4873
4 1 3 2542 2991 4107
3 1 4 815 995 1081 4239
3 1 2 863 1224
3 1 3 965 3033 8920
3 2
4 1 5 1093 2985 3159 4581 7491
4 1 5 2349 2982 3007 4681 5325
3 1 2 1163 5012
3 1 6 1379 1507 2997 3177 3508 3664
3 1 3 1394 4552 5055
3 1 2 1884 3681
3 1 3 1897 4039 6270
3 1 5 1976 1985 2826 3296 3495
3 1 2 2063 3425
3 3
4 1 2 2110 2669
4 1 2 2447 2503
4 1 2 2671 3010
3 1 2 2270 3061
3 1 4 2344 2930 4221 5281
3 2
4 1 4 2749 3145 3407 3751
4 1 3 2820 4706 5028
3 1 3 3617 3619 4033
2 5
3 1 3 10 330 3136
3 1 26 192 201 733 912 932 944 977 1049 1194 1503 1556 1872 1984 2029 2120 2499 2564 2707 3041 3606 3626 3949 4176 4268 4456 4644
3 1 2 876 2755
3 1 2 1827 4173
3 1 3 2128 3663 4271
2 2
3 1 58 17 72 184 310 347 684 853 854 1303 1328 1331 1480 1558 1747 1753 1763 1808 1940 2016 2417 2501 2658 3149 3197 3379 3530 3543 3665 3705 3722 3892 3927 3942 4057 4129 4213 4452 4713 4855 4856 4897 4912 4940 5016 5140 5160 5184 5239 5411 5508 5559 5855 5925 5935 6089 6514 6741 6970
3 1 3 145 868 3922
2 1 63 29 115 148 262 350 365 629 722 810 882 888 1764 2437 2477 2485 2583 2661 2705 2724 2759 2787 2853 2960 2962 2965 3104 3106 3330 3354 3426 3438 3591 3697 3811 3863 3880 3917 3925 3930 4006 4051 4219 4374 4545 4563 4617 4751 4796 4841 4871 4936 5030 5165 5172 5268 5288 5330 5402 5449 5492 5496 5507 5863
2 8
3 1 7 30 299 2257 3311 3595 3654 3994
3 1 2 146 1056
3 1 3 589 2646 3017
3 2
4 1 4 747 1290 1814 1950
4 1 4 1670 1908 3194 3342
3 1 3 1066 1207 2193
3 1 4 1454 1467 3771 4204
3 1 4 1671 2794 2797 4015
3 1 3 1710 3138 5077
2 3
3 1 40 31 171 250 255 390 566 571 970 1186 1424 1802 1838 2037 2171 2520 2744 2827 3047 3156 3350 3555 3734 3787 3824 3864 3876 3988 4056 4098 4149 4157 4163 4358 4425 4599 4623 4730 5410 5455 5647
3 1 4 334 2508 2765 3729
3 1 3 1717 2753 3120
2 5
3 1 37 51 53 163 655 1021 1057 1082 1316 2075 2119 2135 2142 2179 2188 2381 2490 2507 2895 2911 3107 3391 3520 3535 3590 3786 4016 4041 4128 4242 4332 4729 4884 4982 4996 4999 5427 6278
3 1 2 1645 2003
3 1 2 1768 5670
3 1 2 2821 3088
3 1 3 2905 2924 3399
2 4
3 1 2 61 3234
3 1 62 307 463 652 1007 1223 1253 1469 1508 1910 2138 2315 2371 2400 2446 2458 2699 2814 2840 2980 2984 3219 3272 3367 3440 3545 3588 3608 3621 3632 3637 3645 3647 3661 3683 3717 3767 3770 3792 3794 3814 3835 3837 3845 3862 3936 3941 3954 3985 3990 4020 4022 4225 4278 4281 4291 4292 4408 4488 4527 8043 8747 8910
3 1 3 2156 3694 4184
3 1 2 2567 3005
2 4
3 1 55 102 200 490 633 738 771 1883 1983 2804 2864 2866 2871 2890 3018 3117 3123 3143 3166 3184 3199 3246 3250 3294 3464 3491 3511 3557 3839 3901 4058 4099 4111 4171 4229 4279 4322 4362 4376 4415 4594 4712 4716 4816 4853 4939 4966 5015 5096 5139 5157 5191 5254 5413 5416 5470
3 1 2 1378 4586
3 1 2 1777 2629
3 1 2 3160 4069
2 3
3 1 2 109 3304
3 1 2 155 2380
3 1 57 415 870 1410 1879 2206 2263 2299 2364 2374 2448 2465 2862 2873 2885 3046 3054 3125 3169 3186 3264 3446 3560 3676 4096 4335 4451 4748 4818 4920 4975 4978 5076 5114 5127 5136 5290 5350 5435 5457 5490 5494 5509 5512 5693 5702 5830 5833 5848 5853 5880 5921 5922 5986 5992 6129 7789 8022
2 4
3 1 30 110 217 384 763 1062 1886 1939 2247 3278 3310 3331 3346 3364 3394 3398 3447 3487 3542 3548 3549 4559 4590 4597 4608 4864 4872 4916 4917 4941 5167
3 1 2 1199 4661
3 1 3 1266 1371 2968
3 1 2 2758 4701
2 3
3 1 37 119 273 306 657 702 818 881 992 996 1042 1097 1101 1119 1192 1413 1431 1442 1471 1689 1742 1820 1974 2094 2106 2182 2283 2286 2309 2355 3089 3638 3928 4275 4280 4632 4744 6102
3 1 4 936 1673 1923 3262
3 1 2 3716 5396
2 2
3 1 4 130 2077 2373 2566
3 1 2 514 2798
2 1 4 162 480 622 1665
2 1 2 167 972
2 3
3 1 4 198 2425 3453 3506
3 1 5 285 1630 1936 2918 3409
3 1 12 618 1342 3162 3609 4059 4136 4174 4595 5475 5866 6443 6633
2 9
3 1 13 235 2201 2326 2529 2614 2748 2793 3002 3206 3613 4052 4234 4283
3 1 2 295 5129
3 1 3 348 2115 2570
3 1 3 381 2081 2606
3 1 3 727 2428 3914
3 1 3 1067 2168 3976
3 1 3 1241 1893 3673
3 1 2 1486 3233
3 1 2 3791 4123
2 5
3 1 5 241 1077 2159 2681 2936
3 2
4 1 2 466 2611
4 1 6 2185 2950 3144 3378 3410 3582
3 1 2 905 2290
3 1 2 1458 6761
3 1 3 1786 2978 3801
2 3
3 1 7 246 895 1200 2305 2870 2988 3601
3 1 7 584 2944 3838 4295 4529 4821 4942
3 1 2 2850 3237
2 1 10 302 999 1013 2439 2480 2754 3538 3584 3662 3693
2 2
3 1 26 332 510 840 1365 2205 2340 2357 2710 2731 2764 2779 3020 3075 3218 3513 3553 3983 4682 4745 4950 5051 5052 5054 5056 5057 5317
3 1 2 1957 3053
2 5
3 1 4 353 766 3890 3923
3 1 2 1322 3708
3 1 2 1506 3158
3 1 2 1656 3058
3 1 3 2225 2698 3240
2 1 3 377 1443 2214
2 2
3 1 2 401 3972
3 1 5 3445 3956 4675 4974 6190
2 1 3 412 3799 4067
2 1 2 430 3096
2 2
3 2
4 1 2 478 2151
4 1 3 1937 2818 3345
3 1 3 2643 3316 3347
2 2
3 1 3 524 748 2500
3 1 2 2145 2958
2 6
3 1 3 560 3050 3217
3 1 2 753 2790
3 1 2 788 2752
3 1 2 1088 3735
3 1 2 1181 1244
3 1 3 1811 2594 3006
2 1 5 576 803 1628 3227 3241
2 1 2 593 2169
2 1 3 685 1037 3215
2 6
3 1 3 705 1929 3561
3 1 3 794 1074 3254
3 1 2 1141 2111
3 1 4 1315 2303 2878 6273
3 1 2 1585 3598
3 1 2 3021 3185
2 1 8 715 1749 2554 3251 3669 4391 4458 4759
2 1 2 824 5950
2 4
3 1 3 987 1658 3749
3 1 4 1202 1857 2995 4957
3 2
4 1 2 1726 2033
4 1 2 4995 5241
3 1 2 2531 4951
2 1 4 1160 1667 3263 3325
2 2
3 1 14 1182 1559 1885 2426 3043 3133 3287 3389 4072 4092 4119 4210 4386 4568
3 1 2 2450 3065
2 1 2 1259 1395
2 2
3 1 2 1398 3618
3 1 2 4145 4562
2 1 2 1504 3208
2 1 2 1803 2244
2 1 3 1934 2926 2943
2 1 2 2024 5760
2 1 2 2062 2572
2 1 2 2190 3539
2 1 2 2211 2756
2 1 6 2246 2540 2541 2839 3288 5819
2 1 3 2740 2945 4867
2 1 2 2848 2939
2 1 4 2912 2957 2983 4923
2 1 2 2915 3142
2 1 3 3348 5731 5754
2 1 2 3634 4208
1 25
2 1 7 3 523 1279 3113 5580 5956 6879
2 3
3 1 8 97 2526 2894 3515 3684 3897 4396 5536
3 1 2 776 2068
3 1 2 4794 4945
2 1 12 199 1055 1755 1958 2538 3340 3711 3964 4938 5083 5442 5654
2 5
3 1 4 242 1904 2546 3747
3 1 4 1358 2555 2877 6587
3 1 4 2539 3200 5085 5297
3 1 4 3352 3898 4656 4979
3 1 2 4620 4913
2 1 9 272 2397 2934 3362 3882 4012 4411 4658 5161
2 13
3 1 3 279 3038 4626
3 1 3 358 1072 8593
3 1 6 1264 1584 1782 1953 2213 2575
3 1 6 1456 2338 2574 2772 3195 3649
3 3
4 1 3 1518 3013 3253
4 1 2 2125 2876
4 1 2 2317 2390
3 1 3 1892 2471 8331
3 1 2 2093 3056
3 1 2 2194 2782
3 1 2 2493 2929
3 1 2 2518 2592
3 1 2 2660 3307
3 1 3 2768 2972 3309
3 1 2 3052 3725
2 9
3 2
4 1 2 346 491
4 1 2 3533 6169
3 1 2 971 5170
3 1 4 1366 2809 3656 5346
3 1 5 1789 2892 4130 4861 5774
3 1 3 3069 5138 5801
3 1 3 3093 3743 3750
3 2
4 1 3 3704 5471 7524
4 1 2 4654 8721
3 1 2 4009 6177
3 1 2 4046 4704
2 2
3 1 3 352 3375 6466
3 1 3 6628 7168 8608
2 2
3 1 31 435 846 2035 2280 2388 3326 3357 3706 3781 3915 4741 4829 5010 5510 5594 5664 5869 6096 6282 6290 6564 6572 6756 7917 8015 8069 8094 8104 8143 8362 8505
3 1 2 2568 3163
2 1 3 455 6736 8072
2 12
3 3
4 1 3 460 5857 5975
4 1 3 3473 3870 8905
4 1 3 4405 8532 8726
3 3
4 1 3 573 1079 9817
4 1 3 6133 8294 9753
4 1 2 6731 8325
3 3
4 1 2 918 5939
4 1 3 3509 8591 10239
4 1 2 7242 8480
3 2
4 1 2 962 3821
4 1 2 6841 9810
3 2
4 1 3 2362 2835 10182
4 1 3 2558 2774 7880
3 3
4 1 2 2550 3742
4 1 2 5875 8760
4 1 2 7766 8797
3 1 4 4665 7007 7915 9446
3 2
4 1 2 4781 7013
4 1 2 6773 6853
3 1 4 5103 9121 9253 9361
3 2
4 1 2 6312 9205
4 1 3 7158 7987 9263
3 1 3 6742 8663 8863
3 1 3 7352 7906 9320
2 3
3 1 4 613 677 3723 6935
3 1 2 1664 8655
3 1 3 1906 3356 3501
2 1 4 667 1239 4288 5347
2 2
3 1 4 734 4752 6991 7768
3 1 2 5394 5775
2 2
3 1 2 737 7646
3 1 3 3080 3653 6202
2 1 8 767 1400 2330 3435 4980 5783 6044 7487
2 6
3 2
4 1 4 777 1835 2051 4053
4 1 2 1530 7611
3 1 3 941 981 1120
3 2
4 1 2 1455 2224
4 1 2 3383 4296
3 1 2 1496 10254
3 1 2 1711 4084
3 1 4 1714 2612 2974 3853
2 1 9 817 867 2082 3789 3943 4673 6418 7730 10221
2 1 8 1757 3848 4074 5041 6346 6798 8194 9019
2 1 3 2012 4709 5525
2 1 8 3099 3214 4236 5379 7528 8428 9790 9999
2 1 7 3205 3285 4501 4695 5250 6207 7109
2 1 2 5700 8312
2 1 2 7153 7990
2 1 2 7735 8597
1 89
2 57
3 8
4 3
5 1 2 9 8607
5 1 2 173 7338
5 1 3 9340 9692 10052
4 2
5 1 2 24 9676
5 1 2 268 822
4 2
5 1 3 214 3819 9353
5 1 2 9251 10110
4 2
5 1 5 394 8302 8603 9658 10145
5 1 2 9844 10093
4 1 3 3319 9254 9961
4 1 2 6032 10096
4 3
5 1 3 6033 9531 9634
5 1 3 6193 9839 9958
5 1 3 7033 8073 9846
4 1 3 7441 8817 10108
3 18
4 4
5 1 2 81 8813
5 1 5 587 6748 7354 9339 9869
5 2
6 1 2 1489 9451
6 1 2 5784 9323
5 1 2 9438 9495
4 1 4 858 3859 5917 8052
4 3
5 1 4 1611 1739 7684 8377
5 1 2 5143 9968
5 1 2 8240 8411
4 2
5 2
6 1 3 1624 5919 9678
6 1 2 8750 9066
5 1 3 6391 6831 9963
4 2
5 2
6 1 2 2113 10003
6 1 2 9311 9444
5 2
6 1 2 9155 9480
6 1 2 9160 9436
4 2
5 1 2 2524 9459
5 1 2 9417 9423
4 1 2 2640 10265
4 1 4 2901 4101 9011 9871
4 3
5 1 3 3627 7020 7514
5 1 2 4943 8811
5 1 3 9032 9606 9893
4 3
5 1 2 4417 7965
5 1 3 7021 7075 9780
5 1 2 8399 8981
4 1 3 5358 8506 10158
4 3
5 1 2 6221 9411
5 1 2 8523 8916
5 1 2 9230 9482
4 1 2 6229 7124
4 1 2 8087 9747
4 1 3 8697 9236 9630
4 1 3 8758 9194 9494
4 1 4 8826 8847 9477 9575
4 2
5 1 2 8975 9669
5 1 2 9497 9880
3 3
4 1 4 84 2722 6963 6980
4 1 3 825 4223 9043
4 1 3 5043 8623 9524
3 5
4 1 3 87 5978 8247
4 2
5 1 4 718 9319 9564 10109
5 1 2 3062 10033
4 1 2 3968 4726
4 1 2 5814 10282
4 1 3 8165 9904 9971
3 1 3 114 8917 10030
3 3
4 1 3 122 552 614
4 1 3 224 4719 7233
4 2
5 1 2 3593 5234
5 1 2 7489 8376
3 1 3 164 8883 9391
3 6
4 1 3 277 8485 9045
4 2
5 1 2 373 9049
5 1 3 7680 8937 9033
4 1 3 374 8961 10099
4 1 2 2578 8041
4 2
5 1 3 5543 7578 9883
5 1 3 5962 8944 9210
4 2
5 1 2 6747 7428
5 1 2 8555 8852
3 2
4 1 10 322 2308 6821 7948 8360 9053 9297 9442 10193 10224
4 1 3 8472 9832 9914
3 3
4 1 4 382 4086 9269 10261
4 1 2 3833 9777
4 1 4 6324 9382 9889 10155
3 3
4 1 6 404 4949 8098 9431 9576 9765
4 1 2 7485 8483
4 1 2 9603 9991
3 3
4 3
5 1 2 449 7525
5 1 2 6910 9182
5 1 4 8822 8918 9624 9654
4 2
5 1 2 7443 10288
5 1 4 8919 10082 10260 10298
4 1 2 9717 10285
3 1 4 533 7294 8818 9028
3 3
4 1 10 563 2414 2824 3292 4351 5436 5460 5558 6243 6752
4 1 3 2626 7120 10262
4 2
5 1 2 9696 10042
5 1 2 10133 10179
3 7
4 1 3 565 9141 9897
4 1 3 5238 9672 9970
4 1 3 6045 6474 9600
4 1 3 6968 8451 8860
4 1 4 8035 9652 9761 10234
4 1 3 9197 9792 9940
4 1 2 9791 9847
3 2
4 1 2 900 5264
4 1 3 9900 10124 10272
3 5
4 1 5 915 4885 7596 7726 9826
4 1 3 5682 7823 9456
4 1 3 6210 9202 9848
4 1 2 7184 9031
4 1 3 7567 8351 9369
3 5
4 1 3 931 7819 9698
4 1 2 4803 7566
4 2
5 1 2 5448 9685
5 1 2 5803 9650
4 1 2 6105 8328
4 1 2 9990 10139
3 5
4 1 3 1023 8845 9675
4 1 2 5663 6792
4 1 3 7271 9260 10067
4 1 3 8963 9286 9357
4 1 2 9466 10225
3 1 9 1047 7005 7591 9217 9907 10228 10263 10264 10270
3 1 6 1052 5696 8992 9115 10044 10231
3 5
4 1 3 1472 5171 9231
4 1 4 3721 5940 9823 9886
4 1 2 5111 9928
4 1 4 7301 9126 9586 9620
4 1 3 9794 10062 10072
3 2
4 1 5 2028 5424 5662 7764 8638
4 1 6 7632 8026 8775 8914 9526 10104
3 3
4 1 2 2030 9288
4 1 3 4732 6858 10215
4 1 3 7197 9872 10102
3 1 8 2249 7780 7988 8279 8674 9056 9403 9667
3 5
4 2
5 1 4 2780 4352 6128 7926
5 1 2 5584 9338
4 1 3 3492 9478 9796
4 1 2 6892 10035
4 1 2 6902 9151
4 1 2 8759 10198
3 3
4 1 2 3327 4137
4 1 4 3586 8660 9802 10089
4 1 2 5945 9649
3 3
4 1 2 3602 9748
4 1 3 4883 6709 8030
4 1 2 5075 9161
3 4
4 1 3 3641 8729 10267
4 1 2 5219 8581
4 1 2 7594 7886
4 1 2 8270 10249
3 3
4 1 2 3741 9591
4 1 4 4397 7720 9152 10223
4 1 2 6735 9855
3 1 4 3826 6573 8111 9657
3 1 3 3995 9850 10057
3 1 3 4241 9430 10086
3 2
4 1 2 4252 10290
4 1 2 8739 9856
3 3
4 1 2 4462 7143
4 1 2 4619 7597
4 1 2 6548 7380
3 1 3 4817 8880 9916
3 1 5 4889 9233 9544 9745 9975
3 1 12 5098 8430 8802 8935 9129 9325 9725 9774 9996 10000 10007 10081
3 2
4 1 3 5397 5836 9123
4 1 3 9616 9708 9709
3 1 3 5573 7762 10056
3 1 3 5780 8487 10045
3 1 2 5810 8242
3 1 2 6424 9621
3 3
4 1 3 6507 8720 9179
4 1 3 7141 8378 9376
4 1 3 8577 9221 9577
3 1 3 6776 9237 9784
3 1 6 7493 7750 8491 8520 8526 8929
3 2
4 1 3 7563 8933 9284
4 1 2 9602 9656
3 1 5 7650 8224 10129 10167 10243
3 1 2 7666 8921
3 1 4 7951 7981 8943 9475
3 1 2 8032 9105
3 1 3 8074 9569 9788
3 2
4 1 2 8533 10078
4 1 2 9349 10080
3 1 2 8690 9317
3 1 2 9211 9789
3 2
4 1 2 9732 10311
4 1 2 9764 9987
3 1 3 10172 10304 10310
2 2
3 1 3 19 8308 9556
3 1 2 1320 6170
2 2
3 1 2 21 10083
3 1 61 434 861 1070 3685 4244 4266 4337 4423 6160 6933 7166 7482 7574 7710 7722 7862 7912 8186 8203 8318 8368 8404 8452 8587 8594 8639 8644 8719 8744 8754 8756 8783 8830 8854 8939 8947 9015 9087 9094 9116 9138 9144 9185 9187 9337 9381 9390 9405 9450 9469 9496 9501 9585 9614 9671 9680 9697 9766 9858 10146 10196
2 7
3 1 5 23 6620 8370 9406 9977
3 1 46 1964 2812 3180 3504 4066 4692 5667 6439 6584 6781 6842 6928 7246 7608 7727 7884 7943 7992 8057 8119 8148 8471 8550 8596 8765 8787 8792 8800 8831 8858 8891 8912 9111 9242 9377 9385 9677 9724 9730 9756 9950 10079 10116 10245 10252 10301
3 1 2 5432 9271
3 1 3 6774 10157 10294
3 2
4 1 2 7073 10063
4 1 2 9408 10162
3 1 2 9285 9868
3 1 3 10205 10220 10284
2 42
3 2
4 1 19 26 134 229 2359 2430 5031 5153 6309 7198 8321 8343 8387 8436 8853 8867 9201 9504 9551 10087
4 1 2 7896 8657
3 9
4 1 2 45 10237
4 1 3 69 7626 9857
4 1 4 1390 9910 9930 9983
4 1 2 4554 9613
4 1 4 8427 9516 9565 9768
4 1 2 8899 9754
4 1 2 9366 9425
4 1 2 9776 10202
4 1 2 10018 10097
3 3
4 1 5 60 6029 8588 9582 10137
4 1 3 1327 6299 8211
4 1 4 1752 3920 6760 8915
3 13
4 2
5 1 3 82 9507 9723
5 1 3 8223 8298 8421
4 2
5 1 3 436 9039 9563
5 1 3 8490 9485 10123
4 3
5 1 3 1292 10212 10226
5 1 3 7790 10253 10275
5 1 3 8450 9956 10178
4 3
5 1 5 2781 8646 8680 8732 9814
5 1 3 7282 7427 10186
5 1 3 7290 7791 8412
4 3
5 3
6 1 3 4222 6107 8488
6 1 3 4788 7700 8895
6 1 2 8924 9540
5 2
6 1 4 4346 6237 6543 6806
6 1 2 6820 8871
5 2
6 1 3 4578 8317 9091
6 1 2 8996 9666
4 2
5 1 4 4843 5716 6625 10203
5 1 2 10266 10287
4 3
5 1 3 4844 5834 7270
5 1 4 5707 7330 8258 8927
5 1 3 8091 8170 9503
4 2
5 1 5 5428 6041 6505 7498 10135
5 1 3 7178 7716 8314
4 1 2 6018 6994
4 3
5 1 3 6292 7361 9383
5 1 3 7734 10019 10168
5 1 3 8678 9473 9921
4 1 2 8056 9137
4 4
5 1 2 8568 9964
5 1 4 9374 9452 9547 9619
5 1 3 9574 9653 9660
5 1 2 9736 10017
4 1 2 9818 9917
3 1 2 98 116
3 1 6 99 1686 2533 3405 8425 9440
3 17
4 4
5 1 2 128 8021
5 1 2 3000 4432
5 1 4 7694 8169 8438 8549
5 1 2 8389 8795
4 4
5 1 4 464 5916 5931 8295
5 2
6 1 3 646 1330 8426
6 1 2 4487 8662
5 1 2 5262 8809
5 1 3 8510 8676 8796
4 2
5 1 4 505 2884 7204 8465
5 2
6 1 2 7292 8442
6 1 2 7691 8498
4 2
5 1 4 604 4327 7227 8088
5 1 3 7717 8469 9305
4 1 7 610 5343 6039 7001 7229 7701 9743
4 1 3 3489 8971 9336
4 1 3 4298 7682 8250
4 3
5 2
6 1 2 5666 7725
6 1 2 8209 8840
5 1 2 7640 7660
5 1 4 7929 8002 8534 8786
4 4
5 2
6 1 2 5824 6768
6 1 2 7736 8192
5 1 2 6231 7495
5 1 4 6256 8083 8444 8527
5 1 2 6893 7561
4 1 6 6351 7291 7584 8120 8121 8221
4 2
5 1 3 7214 7564 8025
5 1 2 8359 9069
4 1 3 7690 8138 8535
4 2
5 1 2 7857 8053
5 1 2 7978 8207
4 1 2 8017 8095
4 2
5 1 2 8344 8772
5 1 2 8358 8579
4 1 3 8407 8431 8503
4 1 2 9348 10115
3 1 2 188 7601
3 1 2 206 9984
3 2
4 1 6 239 3646 4579 4819 6941 8519
4 1 5 4638 7376 8578 9280 9437
3 17
4 2
5 1 3 313 7911 9207
5 1 3 8346 9181 9306
4 2
5 1 3 431 9219 9935
5 1 2 1735 2055
4 1 2 616 9398
4 2
5 1 4 1970 9919 9943 10143
5 2
6 1 2 6945 7340
6 1 2 9828 9878
4 2
5 1 2 2806 8904
5 1 3 6019 9533 9946
4 2
5 1 2 3192 9573
5 1 2 8949 9334
4 1 2 5695 9646
4 1 2 7386 9521
4 1 2 7534 10058
4 2
5 1 2 7633 9396
5 1 3 9113 9343 9626
4 1 3 8736 9795 9994
4 1 3 8844 9801 9941
4 1 3 8978 10036 10038
4 1 2 9225 9541
4 1 4 9356 9612 10049 10053
4 1 2 9472 9733
4 1 3 10095 10118 10207
3 1 3 379 7795 9275
3 1 5 509 5885 6684 7651 8177
3 3
4 2
5 1 3 596 5636 9114
5 1 3 4601 8515 8525
4 1 3 2164 9997 10025
4 1 5 8635 9572 9640 9831 10177
3 3
4 1 2 884 6707
4 1 3 5462 8543 8570
4 1 11 5469 7289 8479 8774 9055 9196 9539 9973 10073 10126 10286
3 4
4 1 2 902 7357
4 2
5 1 3 2851 4228 9384
5 1 2 8123 8371
4 3
5 1 3 5333 6253 8391
5 1 2 7729 8866
5 1 2 8420 9234
4 2
5 1 2 6685 6802
5 1 2 8970 9026
3 2
4 1 6 1139 2144 4544 6034 7038 9021
4 1 3 9639 9819 9913
3 1 6 1544 3079 3260 4647 8489 9647
3 1 4 2066 9665 9715 9915
3 3
4 1 2 2140 10040
4 1 3 9072 9257 10037
4 1 2 10001 10021
3 1 4 2434 2903 7702 8751
3 1 10 2506 3825 7832 9720 9998 10132 10216 10257 10278 10296
3 2
4 1 14 3381 5816 6087 6151 6554 7135 7874 8075 8089 8125 8135 8272 8966 9266
4 1 2 4582 8311
3 3
4 1 3 3866 8791 8994
4 1 3 8345 9358 9803
4 1 2 8618 9259
3 1 2 3908 5040
3 3
4 1 2 3937 8449
4 1 8 5180 6833 7571 8106 8516 9277 9463 9525
4 1 2 8584 9468
3 3
4 2
5 1 2 4330 9118
5 1 2 9168 10209
4 2
5 1 2 6591 8805
5 1 2 7662 8908
4 2
5 1 2 7714 8385
5 1 2 8753 10170
3 1 9 5708 6552 7139 7311 7346 8082 8268 8386 8658
3 1 3 6204 7983 10092
3 2
4 1 3 6769 8959 9808
4 1 3 8554 8710 8928
3 1 2 6959 8964
3 2
4 1 2 7092 7753
4 1 3 9512 9690 9912
3 5
4 1 2 7546 7860
4 1 3 8132 9218 9689
4 1 2 8241 8705
4 1 3 8434 8613 9048
4 1 4 8846 9394 9759 9779
3 1 3 7565 8948 9312
3 1 3 7583 9454 9561
3 1 2 7638 8827
3 1 3 7752 10307 10309
3 2
4 1 2 7873 7938
4 1 2 9721 9922
3 2
4 1 2 8070 9884
4 1 2 10122 10295
3 1 4 8226 8709 8984 9888
3 2
4 1 2 8600 9674
4 1 2 10015 10028
3 2
4 1 4 8862 9052 9290 9421
4 1 2 9938 10211
2 73
3 1 16 38 6181 7902 8230 8572 8615 9303 9508 10023 10024 10060 10152 10171 10251 10268 10283
3 5
4 1 5 52 507 3843 8524 9204
4 1 3 149 8210 8763
4 1 6 172 6808 7556 8303 8819 8893
4 1 2 7548 8627
4 1 3 7895 10138 10305
3 8
4 1 18 89 264 2178 4613 5596 6616 6701 7761 7924 8202 8440 8583 9003 9077 9120 9238 10101 10299
4 1 16 133 1053 4609 4715 6412 7022 7507 7776 8301 8347 8784 9061 9157 9159 9566 9837
4 1 3 380 8698 9258
4 1 4 443 7378 7973 8828
4 1 3 3419 8493 8542
4 1 3 4342 9227 9351
4 1 3 6489 6839 9824
4 1 2 8381 9154
3 1 15 251 4363 7212 7532 8110 8213 8521 8571 8746 8835 8901 9042 9050 9379 9980
3 1 3 280 503 10233
3 1 7 338 3012 4567 5236 8573 9568 9691
3 3
4 1 4 385 1468 9502 9578
4 1 2 2181 7413
4 1 2 3077 9483
3 22
4 2
5 1 4 413 7060 7787 10148
5 1 2 9470 9545
4 2
5 1 3 423 4314 8951
5 1 2 4416 7634
4 2
5 1 5 2913 6005 7068 9310 9783
5 1 2 8931 10191
4 2
5 1 3 3229 8849 10128
5 1 2 8645 8707
4 3
5 1 4 3578 6070 7072 10183
5 1 2 4514 7333
5 1 4 6962 7170 8316 10293
4 1 2 3854 9683
4 2
5 1 4 4286 4334 5683 9360
5 1 2 8149 9887
4 1 2 4366 4929
4 1 5 5245 7798 8424 8922 9538
4 2
5 1 5 5255 5701 7937 8280 8556
5 1 3 6189 9397 9771
4 2
5 1 2 5586 7470
5 1 3 6876 9643 9898
4 1 3 5587 10141 10208
4 1 4 5901 6887 7954 9298
4 1 5 6454 6639 9180 10041 10271
4 1 2 6642 9641
4 1 3 6712 7576 7813
4 2
5 1 2 6720 8850
5 1 3 9967 10107 10218
4 1 6 7323 7547 7916 8788 9088 10064
4 1 3 7400 8528 9558
4 1 2 7964 9805
4 1 4 8417 8930 9158 9627
4 1 2 9172 9957
3 2
4 1 10 439 729 5705 8410 9020 9076 9389 9681 9867 10227
4 1 3 8983 9896 10176
3 1 15 445 1091 1861 3210 3993 4383 5272 6934 8356 8777 9492 9610 9834 9864 10085
3 1 4 581 3411 8013 8228
3 1 2 597 3174
3 1 10 701 6162 6965 8439 9395 9648 9670 9699 9728 9762
3 1 5 732 4217 8014 8214 8713
3 2
4 1 12 857 5519 6058 6347 6533 7619 7631 8877 9128 9175 9550 9911
4 1 2 1728 4138
3 1 4 891 5353 8078 8620
3 9
4 1 2 975 8738
4 1 3 1625 5240 7151
4 1 4 4393 8942 9371 9518
4 1 2 4436 6682
4 1 2 5614 5835
4 1 2 7066 9193
4 2
5 1 2 7122 7398
5 1 2 7748 8154
4 1 2 7356 8455
4 1 3 8190 8653 8872
3 1 7 1071 4409 8701 8897 9206 9378 9793
3 2
4 1 2 1098 4801
4 1 2 8076 9135
3 1 8 1420 4774 5261 5478 5634 6599 8330 8793
3 9
4 2
5 1 2 1619 7786
5 1 3 4737 7131 8400
4 1 8 2535 6314 8456 8547 8551 9223 9937 10046
4 3
5 1 2 3700 5176
5 1 2 6054 7955
5 1 2 7234 8305
4 1 3 6012 6487 9198
4 2
5 1 2 8054 8067
5 1 2 8238 9355
4 1 2 8799 9554
4 1 2 9009 9057
4 1 3 9029 9435 9589
4 1 2 9279 9807
3 1 3 1796 9060 9192
3 2
4 1 9 1961 3910 5778 5822 8735 9102 9866 10185 10219
4 1 2 8486 10094
3 1 3 2045 8734 8892
3 1 3 2291 4650 5766
3 1 4 2313 6110 9101 9293
3 1 4 2335 4905 8559 9567
3 1 8 2483 6327 7200 7218 7392 8563 9092 9840
3 1 3 2618 6451 8512
3 1 4 2684 5053 6650 10084
3 1 2 2811 8274
3 1 8 2846 5445 5506 5677 7393 7618 8031 8561
3 1 2 3032 9016
3 2
4 1 2 3299 9401
4 1 5 8448 9255 9304 9772 9825
3 1 2 3448 8227
3 1 16 3761 4846 7429 8063 8327 8585 8611 8724 8956 9078 9089 9388 9419 9638 9981 10199
3 1 5 3987 6919 8093 8856 9321
3 1 3 4076 5269 6605
3 1 6 4240 6461 9668 9694 9845 10011
3 2
4 1 4 4323 4959 7314 8514
4 1 2 9368 9549
3 1 4 4758 5123 5776 6490
3 1 3 5006 7469 8803
3 5
4 1 4 5049 5313 9001 9644
4 1 2 5128 9750
4 1 2 7003 8815
4 1 5 7372 7848 8495 9093 9199
4 1 2 9244 9947
3 1 3 5066 9370 9608
3 1 15 5087 5655 7328 8004 8473 8518 8576 8886 8967 9037 9188 9224 9232 9464 9517
3 1 4 5453 7302 8785 9722
3 1 2 5653 9133
3 1 7 6097 8500 9086 9262 9352 9387 9418
3 1 3 6172 8217 10014
3 1 2 6261 8824
3 2
4 1 3 6365 9125 9186
4 1 3 8287 10013 10061
3 1 2 6389 8691
3 1 3 6585 7891 9375
3 1 3 6611 7600 9453
3 2
4 1 2 6866 9163
4 1 2 7963 9333
3 1 2 6983 7164
3 1 3 7581 9924 10190
3 2
4 1 2 8253 9727
4 1 2 9143 9637
3 1 3 8275 8631 10125
3 1 4 8461 9510 9590 9746
3 1 3 8501 8595 8712
3 1 4 8517 9178 9471 9949
3 1 3 8634 8741 9322
3 1 2 8649 9599
3 1 2 8757 9811
3 1 5 8958 9147 9457 10043 10204
3 1 4 9025 9239 9415 9530
3 1 4 9148 9552 9617 9712
3 1 2 9481 9583
3 1 3 9529 9860 9890
3 1 3 9642 10131 10244
3 1 2 9863 10074
3 1 2 10232 10256
2 64
3 1 8 41 4534 5199 6949 7595 7652 8630 9173
3 10
4 2
5 1 2 66 7455
5 1 2 8616 9014
4 2
5 1 2 2040 5185
5 1 2 5425 9248
4 1 5 3763 5579 7757 8628 10120
4 1 2 4061 8610
4 4
5 1 2 4361 4519
5 1 3 4707 7027 8704
5 1 2 8161 8823
5 1 2 8261 8553
4 1 2 4467 6982
4 1 2 4521 7560
4 2
5 1 2 5568 7681
5 1 3 7806 8689 9203
4 2
5 1 3 6098 8764 8816
5 1 2 8997 9535
4 1 2 8968 8980
3 1 4 90 3274 8064 10088
3 1 7 137 7424 7448 8108 8808 9479 10022
3 12
4 1 3 180 9067 9103
4 1 3 245 8115 8422
4 3
5 1 3 621 8885 9013
5 1 3 3689 6817 8602
5 1 3 8234 8284 8650
4 1 2 889 4523
4 1 3 3715 6028 8497
4 1 3 3753 5148 8416
4 2
5 1 4 6534 6602 6942 8225
5 1 3 7624 8219 8282
4 3
5 1 3 7059 7996 8432
5 1 2 8080 9548
5 1 2 8941 9326
4 1 2 7975 8695
4 2
5 1 2 8306 9673
5 1 2 8625 9150
4 1 2 8463 8825
4 1 3 8529 9412 9684
3 1 5 182 2097 8174 8309 9773
3 3
4 1 4 208 8767 9216 9295
4 2
5 1 2 1243 7545
5 1 2 7236 8718
4 1 3 4680 8876 8890
3 3
4 1 2 213 3540
4 1 2 4792 9100
4 1 3 5649 8363 8938
3 10
4 1 2 219 8962
4 1 2 537 6954
4 1 4 2510 8367 9104 9176
4 1 2 2967 3503
4 1 5 4815 6359 8903 8936 9434
4 1 3 6141 9439 10020
4 1 3 6228 6664 8999
4 2
5 1 3 6580 8609 9289
5 1 2 8669 8837
4 1 3 7613 8769 8926
4 1 2 7952 9282
3 1 3 220 9063 9752
3 4
4 1 3 265 6715 8185
4 1 6 5007 5564 6038 7486 8475 9373
4 1 2 5078 8531
4 1 3 6609 8752 9108
3 2
4 1 3 286 8946 9272
4 1 3 608 6492 8715
3 1 5 315 1058 7130 8770 9372
3 1 9 318 1184 2288 5690 6862 8157 8666 8898 9171
3 2
4 1 4 323 4200 8373 8768
4 1 4 6547 8670 8909 9296
3 14
4 2
5 1 4 603 3766 7713 8299
5 1 2 4181 9404
4 1 2 2088 6408
4 2
5 1 3 3127 8028 8397
5 1 2 5303 8911
4 1 5 3221 7286 7850 8682 9046
4 1 4 3384 6812 7253 8353
4 1 2 3973 6491
4 1 2 5235 9299
4 1 2 6927 9734
4 1 4 7274 7279 8945 9165
4 2
5 1 3 7420 7466 8991
5 1 2 8508 9109
4 1 4 8066 8614 8934 8986
4 1 2 8950 9448
4 1 2 9036 9595
4 1 3 9283 9314 9542
3 2
4 1 3 873 3918 6091
4 1 2 6651 8292
3 3
4 1 3 984 8648 9140
4 1 2 3450 6681
4 1 3 5886 6104 8727
3 2
4 1 2 1121 8586
4 1 2 7188 9341
3 1 5 1265 1268 5336 7217 8113
3 3
4 2
5 1 3 1641 8178 9023
5 1 3 5676 9006 9065
4 1 2 4911 9096
4 1 3 7053 7657 9122
3 3
4 1 3 1666 6024 9291
4 1 2 8024 8731
4 1 2 8590 9099
3 3
4 1 4 1672 7365 8661 9075
4 1 3 2231 7004 7523
4 1 2 8706 9149
3 2
4 1 3 2020 7804 8379
4 1 2 5557 6807
3 2
4 1 2 2367 7094
4 1 3 7699 8599 8913
3 1 2 3458 4934
3 5
4 1 3 3507 7644 8778
4 1 3 4587 8814 9402
4 1 5 7986 8560 8998 9354 9804
4 1 3 8460 8755 9226
4 1 2 8722 9363
3 2
4 1 3 3527 5206 8977
4 1 2 6644 9432
3 2
4 1 2 3558 8055
4 1 2 5179 7703
3 1 3 3764 6241 7426
3 1 3 3980 8672 9324
3 2
4 1 2 4105 8364
4 1 2 6026 8989
3 1 3 4127 8621 9071
3 1 2 4140 8126
3 3
4 2
5 1 2 4254 5615
5 1 2 7629 9532
4 1 5 5985 8470 8985 9004 9345
4 1 4 8239 8932 9117 9245
3 3
4 1 2 4287 8401
4 1 2 5638 9005
4 1 2 8418 8838
3 1 6 4740 8142 8882 9081 9097 9265
3 1 3 4894 6634 8894
3 1 3 5060 6594 8199
3 1 5 5265 5930 7930 8960 9693
3 2
4 1 3 5292 6527 9522
4 1 2 5727 9229
3 2
4 1 2 5327 7704
4 1 3 6674 7155 9767
3 2
4 1 2 5393 5943
4 1 2 7014 8263
3 2
4 1 3 5523 8546 8687
4 1 3 8923 9131 9214
3 3
4 1 5 5876 6355 6604 7907 8134
4 1 2 8171 8236
4 1 5 8812 8887 8990 9074 9124
3 5
4 1 2 5914 9184
4 1 3 6464 7173 8059
4 1 3 7096 7128 8592
4 1 3 7982 8102 9449
4 1 2 8357 9073
3 1 2 5998 9177
3 2
4 1 2 6357 7985
4 1 3 6734 7251 8476
3 1 3 6478 7465 8396
3 1 3 6531 8782 9170
3 1 2 6901 8382
3 2
4 1 2 7137 9010
4 1 2 8457 8714
3 1 2 7412 9110
3 1 2 7779 8637
3 3
4 1 2 7853 8494
4 1 2 8051 8889
4 1 2 8725 8798
3 1 2 8029 9007
3 1 2 8116 8632
3 1 3 8118 8405 8749
3 2
4 1 2 8231 8565
4 1 3 9008 9047 9084
3 1 2 8276 9051
3 3
4 1 2 8484 9386
4 1 2 8564 8612
4 1 2 9247 9491
3 2
4 1 2 8780 8790
4 1 2 9162 9264
3 1 3 8864 8988 9287
3 1 2 9329 10250
2 1 3 58 9309 9706
2 13
3 2
4 1 2 62 8256
4 1 4 654 5694 7355 9800
3 1 2 2102 7536
3 1 3 2557 2593 5613
3 2
4 1 3 4090 7299 9702
4 1 3 5528 9629 9785
3 2
4 1 3 4249 5213 8832
4 1 3 7908 7928 8206
3 2
4 1 4 6004 8384 8539 10169
4 1 3 7442 8061 9156
3 1 2 6230 8665
3 2
4 1 2 6476 10192
4 1 2 6632 8789
3 1 3 6637 8925 9559
3 1 3 6757 7840 9486
3 2
4 1 2 7337 8834
4 1 2 7406 8208
3 1 2 7642 9705
3 1 4 7875 8806 8957 9755
2 4
3 2
4 1 3 80 4197 8821
4 1 3 2680 8458 8619
3 1 2 1369 5011
3 1 7 4854 7058 7559 8147 8290 8499 9107
3 1 4 7537 8090 8884 9017
2 1 2 96 10149
2 1 2 101 8781
2 1 9 121 570 3073 4569 6343 6520 8273 8972 9359
2 7
3 1 4 141 2130 6267 8702
3 1 2 283 10098
3 1 4 3451 6663 9346 9489
3 1 3 3997 4603 9318
3 1 4 6356 9853 10281 10297
3 1 2 8158 8641
3 1 3 8580 9273 10156
2 3
3 1 16 152 1519 8575 8733 8902 9134 9278 9294 9484 9695 9758 9799 9843 9849 9931 10164
3 1 3 1809 8982 10026
3 1 4 2027 8492 9127 9959
2 4
3 1 2 165 8589
3 1 2 6532 7189
3 1 2 6915 9632
3 1 4 7731 9822 9992 10242
2 4
3 1 11 189 639 1871 2896 3563 5598 5946 6115 7434 7894 9292
3 1 2 1105 4641
3 1 2 3176 10289
3 1 2 4301 7639
2 1 3 202 4802 7540
2 10
3 1 18 303 1448 2347 2416 5597 6176 7179 7679 7805 8544 8606 8717 9714 9726 9731 9862 9962 10276
3 1 2 328 8229
3 1 2 3150 6077
3 1 2 3472 9106
3 1 4 5440 6799 7519 8740
3 1 3 5753 8218 9433
3 1 2 5903 9651
3 1 2 8390 9511
3 1 2 9797 10206
3 1 2 10111 10292
2 3
3 1 25 312 668 1060 2776 3049 3135 3406 3493 5113 5963 6108 6499 7933 8010 8205 8640 8654 8685 8686 9022 9146 9174 9308 10236 10308
3 1 2 3624 9068
3 1 2 8995 9145
2 3
3 1 2 339 9062
3 1 5 4469 8604 9098 9701 9874
3 1 4 9090 9636 9851 9903
2 5
3 1 3 470 10009 10201
3 1 2 521 1839
3 1 4 4484 7202 8675 9833
3 1 2 8354 8703
3 1 2 9380 9679
2 5
3 2
4 1 2 538 8152
4 1 2 5909 9948
3 1 2 3308 7972
3 2
4 1 2 4083 9820
4 1 3 5630 9906 10113
3 1 2 4172 10029
3 1 2 7231 8626
2 1 3 557 6754 9891
2 4
3 1 3 619 9079 9954
3 1 5 5899 6310 8323 8445 8762
3 1 3 6589 9859 9982
3 1 5 7475 8375 8993 9209 9875
2 2
3 1 8 643 4679 6870 7459 10154 10210 10213 10214
3 1 3 4822 7105 9995
2 2
3 1 5 742 7741 8952 9588 10016
3 1 2 9420 9655
2 2
3 2
4 1 2 785 6823
4 1 2 6601 10259
3 1 2 9633 10174
2 1 6 787 878 1112 4573 5953 9313
2 2
3 1 2 812 4958
3 1 3 3955 9557 10238
2 5
3 1 3 837 9821 10076
3 1 3 7743 9570 9645
3 1 2 7849 8861
3 2
4 2
5 1 2 8403 9505
5 1 3 8437 9498 9607
4 1 2 9879 10161
3 2
4 1 2 9220 10130
4 1 4 9873 10103 10269 10300
2 1 3 850 10105 10181
2 2
3 1 46 974 1043 1065 1818 2258 2383 3035 3323 3889 4368 4373 4989 5486 5809 6075 6271 6402 6574 6981 7117 7180 7206 7269 7625 7845 7974 8446 8667 8692 8842 9256 9400 9441 9460 9500 9506 9581 9584 9587 9892 9927 9955 10075 10091 10100 10150
3 1 2 1073 8804
2 2
3 1 26 1103 5751 5972 6298 7076 7958 8112 8264 8693 8954 9035 9054 9083 9332 9392 9413 9798 9899 9901 9908 9974 10008 10012 10070 10163 10280
3 1 3 8150 9426 9515
2 9
3 1 5 1174 7939 9246 9770 9775
3 1 4 1288 3408 4496 4786
3 1 4 2418 6891 7006 9631
3 3
4 1 4 2956 4269 9609 9700
4 1 3 5100 5505 9560
4 1 2 9707 9926
3 3
4 1 7 3526 7755 8522 8552 9315 9704 9729
4 1 3 5743 8684 9739
4 1 4 6406 7970 9749 9988
3 1 4 4648 9136 9427 9710
3 1 6 7501 8940 9347 9399 10112 10255
3 1 3 8973 9519 9763
3 1 3 9562 9786 10303
2 1 3 1360 3785 8843
2 1 3 1411 9166 9487
2 1 5 1462 2727 4483 6519 8558
2 1 3 1479 7997 9520
2 1 3 1514 2590 9153
2 4
3 1 2 1862 9241
3 1 6 3841 4075 6121 7771 9625 10165
3 2
4 1 2 3874 5009
4 1 3 5022 8974 10229
3 1 2 4357 10055
2 8
3 2
4 1 4 2098 4220 7925 8180
4 1 3 5627 5984 10248
3 1 3 3947 4387 9713
3 1 3 4631 6344 8139
3 1 2 5132 10121
3 1 5 6205 8048 8195 8478 9462
3 1 3 6569 7842 10068
3 2
4 1 3 7592 8392 10258
4 1 2 10027 10302
3 1 2 8652 8773
2 3
3 1 31 2126 3179 4307 4969 5196 5768 6106 7097 8513 8683 8708 8907 8953 9064 9240 9301 9407 9465 9474 9594 9682 9688 9925 10002 10106 10147 10184 10195 10222 10235 10306
3 1 2 5691 10140
3 1 2 9514 10134
2 4
3 1 3 2328 8536 9493
3 1 3 7980 9546 9553
3 1 2 8007 9327
3 1 2 9235 9623
2 1 3 2379 7941 10279
2 3
3 1 2 2461 8252
3 1 2 5621 7278
3 1 3 7399 7922 9989
2 2
3 1 10 2585 4621 5526 8291 9142 9509 9769 9813 9829 10273
3 1 2 8262 10246
2 3
3 1 13 2617 3963 6595 8044 8047 8146 8429 8699 8873 9119 9215 9618 10151
3 1 3 7903 9809 9841
3 1 2 8647 8688
2 3
3 1 3 2907 9490 10153
3 1 2 8235 9350
3 2
4 1 2 9169 9716
4 1 2 9536 9934
2 2
3 1 11 3044 4112 5023 6683 7497 9455 9458 9816 9933 10054 10066
3 1 2 7407 9687
2 1 2 3498 9443
2 1 6 3828 4461 9208 9365 9537 9905
2 1 2 3836 7999
2 1 2 3879 9034
2 1 3 3900 7655 10200
2 1 2 3934 9778
2 1 3 4670 10119 10144
2 3
3 1 3 5287 5521 9082
3 1 2 7712 10187
3 1 2 9842 10006
2 1 4 5527 8965 9718 10180
2 2
3 1 2 6148 10136
3 1 3 9488 9852 10114
2 1 14 6186 6974 7971 8023 8668 9555 9827 9945 9976 9978 10005 10160 10173 10291
2 2
3 1 3 6209 10117 10274
3 1 6 7772 9429 9815 10050 10142 10247
2 2
3 1 5 6296 6990 7968 8372 9344
3 1 2 8771 9611
2 2
3 1 3 6350 8711 10230
3 1 3 6475 8337 9191
2 1 3 6477 8836 9534
2 1 2 6583 8062
2 1 3 7016 7219 10175
2 2
3 1 2 7051 9865
3 1 3 9030 9424 9428
2 1 2 7273 10010
2 2
3 1 2 7404 9965
3 1 2 8857 10194
2 1 2 7484 9002
2 1 2 7517 9969
2 1 2 7659 9703
2 1 3 7991 8324 9130
2 2
3 1 2 8245 9018
3 1 2 8398 8878
2 1 2 8315 8987
2 5
3 1 2 8481 9985
3 1 3 8730 9139 9952
3 1 2 9664 9870
3 1 3 9782 9932 9951
3 1 2 9835 10048
2 1 2 8504 9920
2 1 2 8511 8779
2 2
3 1 3 8677 9663 10071
3 1 2 9605 9939
2 1 2 8761 9942
2 1 2 8855 10032
2 1 2 8955 9806
2 2
3 1 2 9070 9881
3 1 3 9190 9838 10031
2 1 6 9300 9895 9902 9953 9979 10047
2 1 4 9328 9527 9894 10189
2 1 3 9662 10034 10090
2 1 3 9735 10069 10127
2 1 2 9986 10004
1 15
2 1 4 12 1610 4764 7620
2 1 6 43 2154 2282 3938 7918 8969
2 1 5 50 183 5725 7370 7433
2 2
3 2
4 1 2 419 5497
4 1 3 7149 7622 8046
3 1 3 7851 7914 8249
2 4
3 1 4 574 2573 3037 4808
3 1 3 582 3371 7865
3 1 2 1015 2346
3 1 3 1833 4191 5487
2 1 5 717 3594 6035 7589 7858
2 2
3 1 2 765 5155
3 1 3 1867 3950 8423
2 2
3 1 2 919 5338
3 1 8 1797 1914 2961 2977 3377 3746 4014 6047
2 1 2 1751 3518
2 2
3 1 2 2341 6300
3 1 2 3480 9268
2 3
3 1 4 2750 2899 4718 5757
3 1 3 3737 7250 7313
3 1 2 3844 5273
2 1 2 3552 4017
2 1 6 5017 5300 6257 6289 6931 7154
2 2
3 1 3 7150 7587 8081
3 1 3 8394 9024 9461
2 1 2 7843 8569
1 18
2 1 3 37 8743 9719
2 1 104 111 176 545 755 821 908 1022 1027 1039 1187 1931 2007 2118 2223 2334 2491 2690 2869 2917 2992 3467 3714 3760 4133 4179 4194 4257 4304 4478 4553 4775 5119 5417 5537 5549 5591 5837 5896 6135 6263 6540 6729 7050 7085 7256 7288 7324 7363 7395 7405 7435 7457 7460 7468 7492 7510 7513 7555 7677 7737 7746 7754 7957 8084 8101 8162 8220 8408 8464 8502 8507 8566 8617 8673 8679 8748 8810 8829 8879 8896 8976 9000 9027 9080 9085 9252 9267 9270 9276 9281 9316 9331 9393 9414 9543 9592 9598 9686 9760 9787 10051 10159 10188 10217
2 1 21 292 1032 1866 1922 5999 6252 6509 6771 6867 7572 8036 8173 8624 8794 8807 8839 8841 9362 9422 9571 9836
2 1 3 823 3277 4556
2 1 6 1045 1771 2691 2816 3009 3688
2 1 4 1138 9467 10065 10241
2 1 2 2109 8776
2 1 2 2803 8633
2 1 2 2925 10059
2 1 7 3679 4739 5133 5976 6164 7125 8049
2 1 2 4421 8001
2 1 4 4672 5710 6770 7458
2 1 2 4768 10240
2 1 2 5314 7377
2 2
3 1 2 6258 6724
3 1 2 6444 8045
2 1 2 7715 8033
2 1 2 8651 9628
2 1 2 9854 10277
1 58
2 1 2 46 8700
2 1 35 56 2513 4117 4657 4733 5110 5227 5441 5902 6060 6147 6358 6497 6607 6739 7111 7161 7163 7208 7209 7210 7224 7228 7305 7315 7317 7320 7336 7343 7383 7462 7861 7984 9781 10077
2 1 74 86 95 175 417 572 786 1092 1094 1238 1898 1993 2053 2103 2221 2800 2904 3484 3496 3635 3754 3790 3952 4274 4300 4753 4928 5062 5094 5215 5311 5372 5390 5472 5618 5797 5799 5826 5828 6069 6179 6185 6232 6265 6393 6508 6510 6596 6654 6694 6775 6912 7045 7100 7147 7185 7201 7220 7262 7464 7504 7603 7685 7773 7837 7838 7855 8266 8293 8313 8453 9112 9757 9929 9944
2 1 3 107 4470 6909
2 1 2 120 5097
2 3
3 1 2 131 472
3 1 7 6048 6287 7298 7303 7577 8039 8193
3 1 2 7063 8058
2 1 113 156 257 354 467 789 807 1344 2763 2837 3001 3175 3374 3395 3522 3551 3572 3623 3773 3818 3846 4258 4321 4365 4381 4395 4426 4438 4513 4687 4727 4790 4952 5001 5122 5302 5306 5446 5502 5531 5582 5585 5604 5659 5697 5765 6006 6078 6122 6137 6315 6575 6675 6722 6856 6898 6975 6992 6993 7030 7034 7054 7067 7069 7088 7136 7249 7341 7554 7598 7745 7801 7808 7827 7831 7863 7899 7909 7936 7949 8005 8020 8034 8077 8086 8105 8122 8124 8128 8129 8141 8156 8163 8179 8215 8216 8255 8257 8259 8278 8307 8338 8365 8409 8462 8538 8574 8629 8723 8728 8766 8869 8870 9993
2 1 74 196 527 539 691 880 911 1128 1954 2157 2365 2823 3183 3269 3571 3982 4474 4494 4528 4651 4833 5099 5352 5516 5878 6192 6449 6452 6631 6689 7080 7115 7226 7230 7257 7284 7300 7364 7384 7446 7449 7502 7588 7590 7637 7641 7669 7767 7812 8037 8038 8040 8097 8099 8109 8136 8159 8183 8251 8254 8285 8322 8332 8341 8369 8374 8406 8447 8737 8820 8868 8900 9012 9409 9410
2 1 87 296 321 331 433 781 1149 1318 1338 1642 1759 2092 2212 2401 2517 3276 3587 4024 4036 4379 4382 4428 4482 4849 5223 5228 5755 6136 6222 6353 6481 6503 6528 6544 6610 6750 6786 6788 6813 6844 6848 6854 6918 6925 6958 6967 6999 7019 7052 7079 7112 7127 7134 7194 7243 7244 7329 7347 7381 7474 7533 7535 7557 7593 7668 7672 7696 7698 7807 7810 7846 7866 7871 7932 8079 8127 8181 8271 8286 8289 8300 8319 8335 8454 8466 8467 8468 9212
2 2
3 1 4 388 624 841 8310
3 1 3 506 844 937
2 1 100 396 692 800 903 914 1004 1036 1427 1634 1675 1732 1913 1925 1966 2469 2479 2488 2577 2712 3090 3148 3207 3421 3486 3759 3875 4050 4102 4662 4708 4761 4811 4981 5032 5242 5316 5535 5563 5578 5995 6074 6448 6740 6878 7012 7032 7036 7084 7087 7106 7113 7116 7157 7239 7245 7260 7267 7322 7373 7447 7461 7586 7602 7605 7670 7671 7674 7687 7697 7783 7803 7811 7879 7959 8027 8060 8085 8114 8131 8168 8184 8246 8260 8265 8296 8297 8326 8333 8388 8419 8433 8545 8548 8656 8848 8851 8865 9040 9167 9918
2 1 2 402 3933
2 1 2 454 7892
2 2
3 1 2 562 6950
3 1 4 1123 5785 7397 7552
2 1 3 606 4161 8175
2 1 5 650 4198 7207 7888 8402
2 4
3 1 2 698 5365
3 1 3 2887 3940 7675
3 1 2 4743 6227
3 1 3 4783 6630 7645
2 1 4 719 744 1429 4954
2 1 2 758 2332
2 1 14 780 973 1250 3528 3929 4134 5058 5135 5807 6422 6711 7312 9307 9966
2 1 2 805 8541
2 1 2 1204 8874
2 1 11 1345 1381 1691 1859 1948 2670 5415 6246 6378 6617 8598
2 1 2 1535 7225
2 1 5 1538 7254 7604 7802 8237
2 1 2 1618 6978
2 1 4 1805 4162 9622 9740
2 1 2 1843 4038
2 1 3 2131 6382 7176
2 1 2 2136 8065
2 1 2 2196 7089
2 1 2 2688 4977
2 3
3 1 2 2692 7123
3 1 3 4677 7544 7665
3 1 2 7263 7769
2 1 2 2706 8509
2 2
3 1 2 3034 3433
3 1 2 4878 7235
2 1 2 3896 7575
2 1 3 4233 4956 5210
2 1 2 4293 8222
2 1 2 4779 6441
2 1 2 4810 8172
2 1 2 4910 9877
2 1 4 5082 5212 5577 8342
2 1 2 5118 6705
2 1 4 5285 6400 6598 6986
2 1 2 5361 5942
2 1 2 5661 7255
2 1 2 6313 7199
2 1 3 6561 9038 9164
2 1 2 6755 7934
2 1 2 6784 8350
2 1 2 7081 8281
2 1 2 7152 7511
2 1 3 7306 8267 8352
2 1 2 7339 7360
2 1 2 7385 7839
2 1 2 7774 7796
2 1 2 7847 8197
2 1 4 8413 8979 9041 9059
1 20
2 1 6 63 2867 3023 3682 3822 9737
2 3
3 1 3 143 2085 2293
3 1 2 371 9909
3 1 2 2163 5063
2 6
3 1 3 244 924 2723
3 2
4 1 3 416 481 5217
4 1 2 865 4336
3 2
4 1 2 2559 3087
4 1 4 2784 4852 5026 6882
3 1 3 2832 3236 4115
3 1 3 2914 3057 4312
3 1 2 3978 4840
2 1 3 504 9711 9744
2 1 2 602 7656
2 1 5 797 2216 4062 4502 7739
2 1 7 851 1090 1425 2192 3823 5408 6668
2 6
3 1 3 875 991 3397
3 1 3 1145 5793 7506
3 1 4 1502 1744 5738 6759
3 1 2 1877 6348
3 1 3 2459 5146 6794
3 1 5 6667 8659 9058 9302 9661
2 4
3 1 2 899 3802
3 1 3 1435 2801 7708
3 1 2 2676 4203
3 1 4 2732 2747 9923 10039
2 1 5 1901 3402 7515 7887 8071
2 1 6 2423 4318 4526 6334 8888 10166
2 2
3 2
4 1 2 3170 6052
4 1 2 3193 5013
3 2
4 1 3 4353 6557 7658
4 1 3 4777 5982 7332
2 2
3 1 2 3235 5607
3 1 3 4652 6482 9830
2 1 3 3259 4413 8696
2 2
3 1 3 3726 6626 9528
3 1 2 9342 9635
2 3
3 1 3 3894 4749 5947
3 1 4 4048 8605 9447 9876
3 1 3 4350 6094 6896
2 1 2 4005 5960
2 1 3 4044 4202 5331
2 1 2 6459 6698
2 2
3 1 3 7086 8003 9580
3 1 2 8334 8435
1 7
2 1 2 106 5790
2 1 4 269 2498 7039 7817
2 1 5 427 3757 3887 5389 5418
2 1 3 901 4691 6142
2 1 2 925 4481
2 3
3 1 2 1334 5961
3 1 2 3640 6399
3 1 2 4486 8622
2 1 2 3655 9335
1 1 3 154 426 7010
1 1 11 186 2462 4144 4201 5971 6364 6470 7953 9132 9476 9885
1 10
2 3
3 1 3 195 864 3238
3 1 3 942 2702 9812
3 1 3 956 1298 2200
2 2
3 2
4 1 2 271 459
4 1 2 2734 4903
3 1 2 1294 3436
2 1 3 316 2444 2689
2 1 6 368 750 1444 2023 4591 5892
2 4
3 1 2 410 6416
3 1 3 548 6830 8530
3 1 2 3776 5251
3 1 3 4710 6166 7240
2 2
3 1 3 641 3748 7042
3 1 2 6398 6796
2 2
3 1 3 716 1306 8137
3 1 3 2825 4032 4103
2 3
3 1 2 1080 3873
3 1 2 3932 3944
3 1 2 4040 4063
2 2
3 1 2 1719 4472
3 1 2 3196 3779
2 1 3 1863 3414 3633
1 2
2 1 4 403 1232 2843 4616
2 1 4 3286 5632 5675 5723
1 4
2 1 24 567 746 2172 3076 3114 3732 3881 4109 4485 4671 5027 5304 5340 5348 5354 5610 6809 7419 7818 7956 7969 8000 8198 8474
2 1 8 1532 1986 2236 2296 2986 3516 3989 4193
2 1 4 2582 5131 5540 5781
2 1 2 3363 5256
1 1 2 1051 6368
1 1 24 2235 6352 8277 8859 8875 8906 9095 9189 9200 9213 9222 9228 9243 9249 9250 9261 9330 9364 9445 9513 9523 9615 9741 9742
1 1 3 2385 5081 5867
1 1 2 9579 9597
