0 20
1 33
2 9
3 1 2 0 6551
3 1 3 4061 8319 8610
3 1 5 4722 6349 6964 7764 8638
3 1 3 5115 5424 7808
3 2
4 1 2 5951 6200
4 1 2 7607 7703
3 1 3 6906 7489 8247
3 1 4 6972 7455 8616 9014
3 1 2 7168 7816
3 1 2 7966 8191
2 37
3 3
4 1 2 5 8648
4 1 4 522 5107 8111 8282
4 1 3 3736 7471 7522
3 1 5 75 2302 3763 5841 10120
3 2
4 1 3 87 7217 8074
4 1 2 2389 8113
3 1 4 392 5093 5238 6852
3 2
4 1 2 449 8227
4 1 3 3127 5303 8397
3 2
4 1 2 495 7893
4 1 2 3116 4641
3 2
4 1 2 539 8980
4 1 2 3764 6241
3 2
4 1 3 603 7713 8961
4 1 3 4521 6637 8938
3 1 4 836 5804 8509 8809
3 3
4 1 2 889 4523
4 1 3 1891 2578 7214
4 1 2 7014 8920
3 2
4 1 3 1491 8028 8263
4 1 2 8923 8948
3 1 3 2492 3334 8017
3 2
4 1 3 2618 3689 9033
4 1 2 8937 9013
3 1 5 2824 3952 4516 4569 6910
3 2
4 1 4 2992 3766 7996 8432
4 1 4 6104 8189 8279 9044
3 2
4 1 6 3361 6372 7417 7821 8129 8151
4 1 3 5366 5740 6008
3 1 3 3384 5166 8459
3 1 2 3423 4277
3 1 3 3450 6063 6681
3 2
4 1 3 3537 6980 8219
4 1 3 4361 4519 8353
3 1 5 3715 6506 7941 8497 8911
3 2
4 1 4 4127 6194 8229 9071
4 1 2 5425 6424
3 1 2 4397 5802
3 1 2 4792 7488
3 1 3 5280 7928 8309
3 1 3 5555 5955 8448
3 1 5 5638 6478 7274 8640 9005
3 1 2 5785 7761
3 1 3 6148 6154 6757
3 1 2 6475 8174
3 1 2 6523 8607
3 2
4 1 2 6534 6602
4 1 2 8225 8272
3 1 2 6968 7757
3 1 3 7172 7248 8482
3 1 2 8405 8476
3 1 2 8508 9329
3 1 3 8669 8686 8968
2 26
3 1 6 7 3270 3899 6670 6711 8025
3 6
4 1 3 150 4927 9993
4 1 3 164 6955 7643
4 2
5 1 2 268 7494
5 1 2 1046 7667
4 1 3 3962 4026 5522
4 1 2 4848 6647
4 1 3 7701 8221 8359
3 1 3 419 4934 7149
3 2
4 1 2 444 1970
4 1 9 5431 6256 6505 7476 7603 8083 8444 8527 9743
3 4
4 1 2 464 6777
4 1 2 646 5375
4 1 3 749 4921 6512
4 1 3 5227 6057 7126
3 3
4 1 3 505 6032 6487
4 1 4 3004 5601 6071 7431
4 1 3 6768 8295 8662
3 2
4 1 2 553 4770
4 1 2 5219 6790
3 1 9 604 4695 5343 6351 7291 7584 8120 8121 8495
3 7
4 2
5 1 3 686 2155 7425
5 1 3 1195 3710 7344
4 1 4 5244 6046 6994 8656
4 1 4 5428 7640 8358 8588
4 1 3 6542 7949 8258
4 1 2 7561 8314
4 1 2 8002 9806
4 1 2 8534 10115
3 4
4 1 3 730 6893 7430
4 1 3 1318 7215 7744
4 1 4 2175 5258 6042 7121
4 1 2 6979 7711
3 2
4 2
5 1 2 799 7945
5 1 3 2637 3603 5931
4 1 2 3005 8079
3 2
4 2
5 1 2 1644 5895
5 1 2 7867 7920
4 2
5 1 2 5666 8436
5 1 2 7495 8095
3 1 2 1762 6804
3 1 2 1843 4038
3 2
4 1 2 2884 7204
4 1 3 8465 8498 8549
3 1 2 3434 7438
3 4
4 1 4 3481 7929 8426 8786
4 1 2 5628 7706
4 1 3 7385 7564 8340
4 1 3 7682 8053 8311
3 1 4 3955 7292 8442 8977
3 3
4 1 4 4230 5284 5923 6513
4 1 2 6187 8207
4 1 3 6504 7538 7978
3 1 3 4298 7519 8431
3 1 3 4663 7406 7691
3 1 3 4985 6828 7661
3 1 3 5307 5574 7017
3 1 3 5826 6276 7231
3 1 4 5893 6767 7856 9069
3 1 3 7150 8072 8394
2 27
3 6
4 2
5 1 2 15 6153
5 1 2 7647 7904
4 1 2 4593 5086
4 1 3 6156 6486 7579
4 1 2 6635 7628
4 1 3 6640 6977 7797
4 1 2 6717 7944
3 3
4 1 3 78 5259 6316
4 1 3 1596 5736 6759
4 1 3 3534 6791 7878
3 6
4 1 4 114 5171 5404 8642
4 1 2 422 3085
4 1 4 2004 7099 7389 7585
4 1 2 4114 6150
4 1 2 4503 7078
4 1 2 8305 8592
3 2
4 1 2 207 6274
4 1 2 5940 7073
3 1 5 224 797 7380 7855 8696
3 1 3 277 2187 7994
3 4
4 1 3 324 921 6778
4 1 3 3269 5672 7630
4 1 3 3497 3727 5856
4 1 2 4218 5152
3 4
4 1 4 569 5479 6678 7841
4 1 2 900 7441
4 1 3 2996 4725 8187
4 1 2 5050 5367
3 1 5 587 1033 6748 7354 10041
3 4
4 1 3 662 2158 7931
4 3
5 1 2 3433 8395
5 1 2 5401 7947
5 1 2 7098 7272
4 1 3 5499 7421 7721
4 1 3 7541 7775 7828
3 2
4 1 6 791 3971 5739 7065 7177 7295
4 1 2 5996 6762
3 4
4 1 2 1611 8240
4 2
5 1 2 1739 3627
5 1 2 4494 8329
4 1 4 5543 6093 6883 9417
4 1 3 5581 6304 8041
3 2
4 1 3 2685 4924 5037
4 1 4 5109 7020 7794 9382
3 2
4 1 3 2706 3833 3931
4 1 3 6573 9657 9908
3 4
4 1 2 3249 3554
4 1 2 5283 6942
4 1 2 5534 7148
4 1 2 7374 7623
3 1 3 4306 6824 7123
3 1 3 4652 5224 7175
3 1 3 4674 4755 8628
3 1 3 5064 6322 6706
3 1 2 5358 8506
3 1 4 5577 6386 7355 7644
3 1 3 5964 7530 8643
3 1 2 6095 6382
3 1 4 6098 7514 8764 8818
3 1 2 6376 8451
3 1 3 6467 7270 8876
3 1 2 7898 7905
2 22
3 5
4 2
5 1 5 27 2134 4524 6753 7342
5 1 3 971 2078 2170
4 2
5 1 3 122 2300 7233
5 1 3 855 2452 5471
4 1 3 552 880 4719
4 2
5 1 3 614 1237 5159
5 1 3 4431 7232 7238
4 2
5 1 3 656 3855 5981
5 1 3 3276 6105 8376
3 1 3 265 5078 8315
3 2
4 1 3 275 925 4390
4 1 3 703 7145 7664
3 2
4 1 5 345 1977 4285 4457 5088
4 1 3 3418 5748 6567
3 8
4 1 3 374 7187 9916
4 1 2 723 6973
4 1 3 813 4964 5443
4 1 2 2216 7568
4 1 3 2675 3132 4584
4 1 2 4771 7483
4 1 2 6714 7023
4 1 2 6997 7265
3 1 8 471 1165 1427 2771 3809 5004 5673 6345
3 1 3 538 2692 8152
3 1 6 570 1481 1729 3499 4546 4886
3 4
4 1 4 762 2527 4354 5419
4 1 5 982 3493 7173 7326 8059
4 2
5 1 2 4254 8328
5 1 2 5803 6715
4 1 2 6145 6380
3 5
4 2
5 1 2 774 4259
5 1 2 4896 7410
4 2
5 1 4 964 969 1019 9685
5 1 2 1453 6880
4 1 3 1219 2581 2979
4 1 3 1392 4263 5883
4 2
5 1 4 1636 2622 4558 4635
5 1 3 1668 2108 4418
3 2
4 1 3 801 2468 5737
4 1 3 2107 4807 6266
3 1 7 1042 1147 1815 2969 3248 4510 4547
3 4
4 1 2 1277 9693
4 1 2 5265 5930
4 1 2 6410 7930
4 1 2 7666 8555
3 1 7 1756 3251 3565 6434 6445 7707 7872
3 1 2 2372 9075
3 1 5 2386 5357 5949 5989 7273
3 1 3 3755 6026 7216
3 2
4 2
5 1 2 3937 7778
5 1 2 5007 10139
4 1 4 5772 7556 7792 7800
3 2
4 1 2 4384 5222
4 1 3 5162 5529 6286
3 1 3 4387 4803 7566
3 1 2 4947 5990
3 1 2 5205 8185
2 4
3 1 3 62 6000 8256
3 1 12 1785 1871 2176 3563 5598 5867 5946 6575 6841 7434 7894 7981
3 1 2 2131 3458
3 1 2 4301 7639
2 5
3 1 3 66 5568 8689
3 1 2 126 257
3 1 7 748 3055 4423 4534 4894 8364 8491
3 1 2 1119 3945
3 1 2 3176 7570
2 1 6 99 1096 1686 3405 6902 8425
2 2
3 1 2 103 2547
3 1 16 318 417 474 3349 4707 4959 5390 5690 6262 6346 7094 7912 8727 8728 9096 9182
2 21
3 1 8 140 1911 3336 4480 7053 7108 7627 8233
3 1 3 141 2130 8702
3 1 5 239 4579 4819 6549 9489
3 5
4 2
5 1 3 266 2886 3851
5 1 4 286 6418 6691 8158
4 2
5 1 3 315 3840 5586
5 1 3 6183 6926 7223
4 3
5 1 3 1268 6566 6897
5 1 3 4603 6267 8537
5 1 2 6663 9346
4 2
5 1 2 5617 8494
5 1 3 6394 6685 8176
4 2
5 1 2 6720 9360
5 1 3 8170 8443 9131
3 7
4 1 2 370 7683
4 1 2 3531 7007
4 1 4 3897 7907 8134 8479
4 1 4 5141 8067 8324 8422
4 1 4 6079 6112 7673 8361
4 1 3 7889 7960 7993
4 1 2 8171 8236
3 6
4 1 4 394 5722 5836 9122
4 1 2 2795 9532
4 1 3 3451 4108 6634
4 1 2 4189 8366
4 1 2 4869 8601
4 1 2 6613 7415
3 3
4 1 2 701 8815
4 1 3 1935 4810 8138
4 1 2 7033 8603
3 5
4 3
5 1 2 784 6114
5 1 2 4517 8042
5 1 2 4625 5467
4 1 3 4137 7401 7422
4 2
5 1 2 4155 7991
5 1 2 6124 8380
4 1 4 4835 6815 7186 7699
4 2
5 1 3 5179 7560 8092
5 1 2 7690 8117
3 1 3 931 7469 7814
3 3
4 1 2 1285 4564
4 1 2 3785 8843
4 1 3 3997 5792 6462
3 1 6 2664 4417 4918 5643 7379 7940
3 3
4 1 4 2940 7365 7624 8153
4 1 4 5498 7965 8155 8798
4 1 3 5994 7195 8261
3 3
4 1 4 2946 5322 5745 8387
4 1 2 3742 7925
4 1 2 4162 7735
3 2
4 1 3 3505 6198 8415
4 1 3 7008 7719 8243
3 1 5 3642 4826 5738 6629 6708
3 1 3 3733 5912 6702
3 1 4 4249 5213 7908 8832
3 1 4 4629 4780 6914 9499
3 1 3 4765 7440 7784
3 1 2 5264 7629
3 1 2 5557 8557
2 8
3 1 3 158 2358 6272
3 4
4 1 2 650 4543
4 1 2 670 6680
4 1 2 4525 6966
4 1 3 6829 7056 7140
3 1 2 1041 3672
3 2
4 1 2 4021 9669
4 1 2 7490 8890
3 1 4 4540 6411 7705 7923
3 1 4 5201 6930 7505 7877
3 1 3 6986 7236 7972
3 1 2 7847 8197
2 3
3 1 14 404 563 845 1246 2414 3292 4036 4273 4351 5262 5460 5492 6243 6752
3 1 2 517 4331
3 1 2 4147 8140
2 1 5 492 4685 7353 7781 8567
2 3
3 1 9 509 2328 3178 4772 5885 6481 6519 8119 8177
3 1 3 2047 5884 5914
3 3
4 1 3 5621 7278 7651
4 1 2 6689 7922
4 1 2 8252 9299
2 2
3 1 2 511 9403
3 1 2 872 4592
2 1 4 537 3946 6548 8368
2 3
3 1 9 611 6050 7174 7267 7304 7586 7605 7852 8441
3 1 2 5192 6099
3 1 3 6703 7029 8164
2 1 3 667 1239 5347
2 1 4 878 4573 8030 9313
2 1 2 1051 6368
2 1 6 1506 2184 3660 6794 8373 8629
2 7
3 2
4 1 2 1677 5584
4 1 2 2780 5567
3 2
4 1 3 2665 7779 7997
4 1 2 3602 8637
3 1 3 3980 5235 7503
3 2
4 1 2 4120 7391
4 1 2 6785 7926
3 1 3 4352 6178 7680
3 1 9 5302 5662 7130 7632 7835 8360 8383 8433 8540
3 1 3 5573 5929 6550
2 1 13 2020 2218 3963 6595 6783 7863 8043 8085 8143 8146 8778 9215 9286
2 1 2 2479 8544
2 1 10 3068 3119 3850 4566 5285 5724 6065 8270 8716 8723
2 1 5 3882 4012 6202 7524 7689
2 2
3 1 3 4467 6144 6982
3 1 2 5185 8142
2 1 2 5174 7327
2 1 3 5675 7544 7665
2 1 2 6826 7037
2 1 2 6901 8382
2 2
3 1 2 7345 8081
3 1 2 8186 8302
2 1 2 9431 9604
1 26
2 1 56 1 61 463 556 652 1200 1223 1253 2138 2315 2446 2458 2567 2804 2840 2980 3219 3440 3545 3549 3584 3588 3608 3611 3615 3632 3634 3637 3683 3729 3767 3792 3794 3814 3835 3862 3936 3941 4015 4020 4056 4058 4184 4225 4278 4280 4281 4283 4408 4527 4529 4532 7739 8044 8047 8910
2 49
3 4
4 3
5 1 3 2 2616 3286
5 1 2 532 3817
5 1 3 3610 3692 4051
4 2
5 1 3 968 2674 3903
5 1 3 2906 2966 3820
4 2
5 1 2 2596 3912
5 1 2 2681 4992
4 1 2 2634 4284
3 1 5 55 3256 3339 4064 4227
3 1 3 57 2412 3029
3 4
4 1 3 67 1064 4199
4 1 2 519 2511
4 1 2 994 2988
4 1 2 4294 5136
3 2
4 1 2 125 3625
4 1 2 4091 4542
3 1 7 127 1193 2891 3039 3246 4157 5278
3 6
4 2
5 1 3 145 1164 1620
5 1 3 682 2645 3225
4 3
5 1 3 827 1529 3413
5 1 4 2189 3416 3479 3631
5 1 2 3014 4170
4 2
5 1 2 832 2836
5 1 2 3550 3567
4 2
5 1 3 1205 3134 3909
5 1 3 1313 1786 2757
4 3
5 1 3 2762 2881 4095
5 1 2 2954 3427
5 1 2 2976 4029
4 1 2 2897 3956
3 1 4 174 187 1937 4045
3 1 15 201 733 932 977 1049 1194 1984 2564 2707 3606 3626 3815 3949 3976 4267
3 9
4 1 2 203 4369
4 1 6 215 868 2838 3559 3954 4311
4 1 8 375 2985 3651 3696 3904 4113 4186 4243
4 1 2 514 4247
4 2
5 1 5 1254 2043 2721 2839 4196
5 1 2 1465 4253
4 1 3 1917 2039 2265
4 1 2 2077 3441
4 1 2 3807 4192
4 2
5 1 2 4087 4224
5 1 2 4173 4183
3 1 3 210 595 3341
3 5
4 1 7 222 898 2240 3919 4538 7388 8747
4 1 2 498 2252
4 1 4 2453 3367 3569 3806
4 1 3 2868 3849 4439
4 1 3 3337 3788 3922
3 4
4 1 3 300 2478 2509
4 1 3 863 1107 3091
4 1 15 1930 2998 3891 3960 4321 4335 4398 4856 5211 5935 5938 5942 6088 6146 8745
4 1 2 2641 2715
3 1 3 308 2902 3463
3 2
4 1 2 334 3749
4 1 2 788 2752
3 1 4 335 378 2137 2343
3 3
4 2
5 1 3 383 2739 3872
5 1 2 1371 3476
4 1 5 756 1272 2298 4178 4275
4 2
5 1 2 1074 1271
5 1 2 2598 3028
3 2
4 1 4 482 1324 2662 2857
4 1 4 1499 2987 3734 3986
3 2
4 2
5 1 2 525 1894
5 1 2 1394 2532
4 1 4 2443 2704 2973 3026
3 1 10 591 2426 3011 3287 3693 3720 4072 4092 4119 4210
3 1 4 593 2760 3232 4897
3 2
4 1 7 702 1985 2299 2439 2698 3296 4375
4 1 2 1942 3017
3 3
4 1 3 894 2209 3695
4 1 3 2405 3141 3842
4 1 3 2500 2523 2654
3 1 8 895 1181 1619 2710 3272 3385 3892 4145
3 1 5 948 3020 3452 3600 4000
3 1 2 1458 6761
3 2
4 1 2 1585 3267
4 1 3 2826 3596 3598
3 4
4 1 2 1628 4414
4 1 2 2562 3878
4 1 2 3539 3893
4 1 2 4256 4371
3 2
4 1 5 1962 3396 3673 3717 4586
4 1 2 2942 3530
3 1 2 2112 2406
3 1 2 2128 3663
3 1 3 2260 3003 4123
3 1 4 2370 3159 4581 7491
3 1 4 2499 2856 3245 3495
3 1 2 2505 4370
3 3
4 1 3 2579 3154 3201
4 1 2 2697 3502
4 1 2 3084 4121
3 1 3 2620 2900 4520
3 1 2 2666 2935
3 1 2 2758 4701
3 1 3 2792 3512 3888
3 1 2 2848 2849
3 2
4 1 6 2850 3258 3730 3886 3901 4642
4 1 2 3074 3675
3 1 3 2859 3659 3867
3 1 2 2939 3040
3 1 2 3063 3415
3 1 2 3348 5731
3 1 3 3369 3429 9620
3 1 3 3883 4208 4356
3 1 2 5299 8671
2 28
3 1 3 4 112 3449
3 2
4 1 2 104 3430
4 1 6 586 1814 2588 2667 3580 4386
3 1 3 231 330 1889
3 1 9 237 469 1374 1603 2111 2246 3827 4406 4762
3 1 2 295 5129
3 1 4 306 5362 5656 5763
3 1 5 333 2031 2843 2947 4068
3 1 2 347 3335
3 2
4 2
5 1 2 546 1477
5 1 2 1356 3360
4 1 4 1932 2009 2633 2833
3 1 3 687 2374 3514
3 1 2 761 955
3 2
4 1 2 869 3240
4 1 4 1188 1767 1994 2225
3 2
4 1 3 886 3544 3709
4 1 2 2695 3644
3 1 2 896 1179
3 2
4 1 3 930 2442 3902
4 1 2 2484 3422
3 1 2 947 3965
3 1 3 1050 4268 4857
3 1 3 1156 1280 3036
3 1 4 1157 1190 1657 2375
3 1 5 1160 1220 1667 3263 3325
3 1 3 1637 2652 3343
3 1 2 1685 4754
3 1 2 1923 3262
3 1 3 2601 3081 3173
3 1 2 2725 3921
3 1 2 3428 6138
3 1 2 3658 5221
3 2
4 1 3 4107 4235 4343
4 1 2 4177 4339
2 67
3 23
4 1 5 6 33 1395 4548 4993
4 2
5 2
6 1 2 70 4077
6 1 3 1573 3121 5154
5 2
6 1 2 828 3568
6 1 2 997 3072
4 2
5 1 4 106 2831 4477 5120
5 1 2 2830 4447
4 1 3 276 3832 5422
4 1 4 364 3459 4689 5684
4 1 3 462 3716 5396
4 1 4 577 910 2905 3605
4 1 4 677 4986 5376 5791
4 1 3 865 1554 2497
4 1 5 1987 4607 5134 5495 5746
4 2
5 1 3 2305 5473 5699
5 1 2 4600 4960
4 1 2 2396 4309
4 2
5 1 2 2528 4659
5 1 2 4122 4907
4 1 5 2766 3409 3612 4565 5482
4 1 5 2879 4349 4560 4658 5121
4 1 2 3198 5260
4 1 2 3204 5281
4 1 3 3448 4445 5542
4 2
5 1 2 3465 4827
5 1 2 4055 5090
4 1 3 4031 4970 5384
4 1 2 4295 5387
4 1 2 4699 5378
4 1 2 4995 5241
3 1 3 20 4213 4498
3 16
4 1 3 32 2773 5229
4 2
5 1 3 42 4246 5188
5 1 3 4212 4226 5158
4 3
5 2
6 1 3 83 2149 2195
6 1 2 2413 2953
5 1 2 3239 5019
5 1 3 3519 3800 4359
4 4
5 1 2 85 4666
5 2
6 1 3 2015 3769 4437
6 1 2 4146 4255
5 1 2 4079 5566
5 1 3 4156 4175 5339
4 2
5 1 2 389 3974
5 2
6 1 3 1346 2411 4002
6 1 2 3885 4702
4 1 3 559 4324 4568
4 1 3 754 1116 3616
4 4
5 1 3 858 3536 4150
5 2
6 1 2 2106 4455
6 1 3 3959 4232 4773
5 1 2 2146 3444
5 1 3 3228 4946 5047
4 1 2 1299 5759
4 3
5 1 2 1377 2937
5 1 2 3712 5072
5 1 2 4019 4971
4 3
5 1 2 2553 3614
5 1 2 4239 4364
5 1 2 4328 4557
4 3
5 1 2 2789 3443
5 1 2 3680 4424
5 1 2 4310 5461
4 1 3 2808 2945 3668
4 2
5 1 3 3130 5169 5364
5 1 4 5067 5249 5493 5897
4 2
5 1 4 3657 4806 4994 5263
5 1 2 3674 5061
4 1 2 4265 5974
3 1 7 48 117 2656 2951 3996 4013 4264
3 2
4 1 2 54 4530
4 1 6 110 344 2785 3686 5576 5734
3 4
4 1 2 59 4789
4 1 13 3525 4016 4132 5052 5160 5433 5476 5513 5605 5855 5881 6514 8636
4 1 2 4018 4509
4 1 2 4730 5068
3 1 3 113 4042 4089
3 9
4 1 2 139 3182
4 1 3 204 4060 4204
4 1 2 248 752
4 2
5 1 3 1259 5151 5279
5 1 3 2397 3243 4261
4 2
5 1 2 1298 3745
5 1 2 4696 5190
4 2
5 1 2 3103 4720
5 1 2 3992 4683
4 1 2 3628 4979
4 1 3 4341 4522 4990
4 1 3 5369 5409 5458
3 1 4 144 3102 3998 4867
3 5
4 1 2 177 3383
4 1 2 453 3226
4 1 3 2340 2635 4003
4 1 4 3205 3372 3857 4129
4 1 3 3898 4093 5041
3 5
4 1 2 225 3597
4 2
5 1 3 550 3172 5055
5 1 2 1224 4757
4 2
5 1 3 839 2270 3061
5 1 2 1131 5547
4 1 4 854 1510 4870 5005
4 1 2 2378 4853
3 9
4 1 4 227 4767 4831 4888
4 1 4 590 1780 2872 4850
4 2
5 1 2 653 4686
5 1 2 2741 2949
4 1 3 1189 1454 2304
4 1 5 1949 4400 5029 5243 5398
4 1 2 2233 3858
4 1 2 2576 5168
4 1 5 3645 4901 5046 5114 5204
4 1 2 4348 4450
3 2
4 1 11 240 530 2709 2970 4100 4367 4490 4580 4705 5125 8336
4 1 2 2810 4340
3 4
4 1 4 287 1827 4139 4512
4 1 3 1361 4602 4646
4 2
5 1 2 2525 5345
5 1 4 2847 4143 5091 5839
4 2
5 1 3 2648 2677 3203
5 1 2 4315 4596
3 18
4 2
5 1 3 309 1256 4860
5 1 4 534 3280 3765 5657
4 1 4 568 642 1171 2617
4 1 3 1493 5291 5323
4 3
5 1 2 1951 4541
5 1 2 2908 3713
5 1 2 4933 5295
4 1 3 2165 4460 5024
4 1 2 2460 3048
4 2
5 1 3 2923 3168 3677
5 1 3 2932 4435 4492
4 1 2 3211 3231
4 1 4 3432 4766 4931 5057
4 2
5 1 2 3461 5231
5 1 2 5335 5392
4 2
5 1 2 3667 4690
5 1 2 3762 3777
4 1 3 3977 4270 5414
4 1 4 4555 4800 4878 5538
4 1 2 4825 5025
4 1 2 4904 7616
4 1 2 4925 5420
4 1 2 4926 5456
4 1 2 5077 5575
3 4
4 2
5 1 3 317 3261 3400
5 1 2 5102 5138
4 2
5 1 3 341 1289 2589
5 1 3 3082 4215 4316
4 2
5 1 3 476 950 5871
5 1 3 636 2613 3561
4 2
5 1 2 479 3798
5 1 3 502 3780 4900
3 4
4 1 3 340 4326 4634
4 1 3 348 2115 2570
4 1 3 2081 3279 4678
4 1 3 2909 4106 5079
3 1 4 381 2606 4035 4760
3 1 3 405 4325 5252
3 3
4 1 4 424 3149 3640 3701
4 1 2 1727 4713
4 1 3 4499 4824 4942
3 3
4 1 5 432 674 3140 4403 4834
4 1 4 637 778 881 1571
4 1 3 3728 3999 4571
3 1 5 475 2038 3648 4937 5481
3 2
4 1 3 484 3282 3456
4 1 5 2084 3636 4011 4433 4795
3 2
4 1 7 485 4448 4495 4606 4875 4919 5455
4 1 3 3189 3585 4756
3 1 2 488 2226
3 2
4 1 2 499 4694
4 1 3 3678 4276 4344
3 2
4 1 3 510 3417 4759
4 1 4 3324 3669 3958 4628
3 1 3 535 1163 5012
3 2
4 1 2 536 1568
4 1 7 605 657 663 2122 3490 5230 5288
3 2
4 1 4 551 3738 3816 4697
4 1 3 1081 3871 5276
3 1 5 585 3281 3523 3687 4148
3 1 5 594 3212 4206 4890 5044
3 2
4 1 2 613 3723
4 1 2 3756 4141
3 1 18 684 1940 2417 2699 3197 3665 3927 3942 4395 4746 4940 5184 5290 5411 5509 5559 6089 6741
3 1 3 715 4706 5028
3 1 3 760 2729 4866
3 2
4 1 8 849 3388 4489 4617 4640 5096 5186 5197
4 1 3 2160 4303 4420
3 1 9 911 2049 4126 4271 4909 4914 5477 6916 7526
3 4
4 1 4 927 3699 4169 5065
4 2
5 1 2 2117 3442
5 1 2 4506 5076
4 1 2 4473 4813
4 1 2 4736 4987
3 1 2 1059 4159
3 1 8 1093 2349 2765 2982 4563 4681 5248 5325
3 1 8 1122 3812 4049 4234 4289 4440 4562 4598
3 1 2 1208 4976
3 1 3 1303 4320 4589
3 3
4 1 2 1401 3783
4 1 2 1895 4374
4 1 6 3599 3907 3967 4158 4426 4561
3 2
4 2
5 1 2 1486 2168
5 1 2 4297 4874
4 1 10 2927 3024 3511 4080 4099 4245 4347 4456 4639 4832
3 1 3 2451 3482 4884
3 2
4 1 6 2486 3877 3884 4500 4550 4636
4 1 2 3652 4630
3 1 2 2494 3209
3 1 6 2682 4427 4649 4653 4955 5202
3 3
4 1 2 2736 4862
4 1 2 4094 4302
4 1 2 4444 4465
3 1 3 2855 2919 3109
3 1 3 2858 3906 5070
3 1 3 2952 4209 4231
3 1 2 2991 4859
3 1 3 3136 4238 4892
3 1 2 3454 4407
3 1 2 3718 4643
3 1 2 3911 5104
3 1 2 4010 4577
3 1 2 4097 4953
3 1 2 4242 4574
3 1 2 4551 4735
3 1 3 4750 4812 4908
3 1 2 4809 5337
3 1 2 5130 5789
3 1 2 5370 5402
2 46
3 5
4 2
5 1 4 8 2185 3378 3410
5 1 3 466 2611 2936
4 3
5 1 2 233 2775
5 1 3 544 2605 3167
5 2
6 1 3 1412 3101 4984
6 1 2 2056 3273
4 1 2 363 2703
4 2
5 1 2 631 2354
5 1 3 3333 4034 4879
4 1 6 796 1564 3008 3353 3359 3407
3 1 9 17 922 2161 2933 3122 3230 3288 3488 3521
3 9
4 2
5 1 4 25 678 1151 1409
5 1 2 772 1148
4 2
5 1 4 36 3095 3108 3944
5 1 3 750 942 2994
4 2
5 1 4 47 218 1533 3589
5 1 3 336 531 3719
4 1 5 441 1397 2023 2737 3304
4 2
5 1 2 547 1873
5 1 2 1282 1480
4 1 2 561 2204
4 2
5 2
6 1 2 1509 1541
6 1 2 2742 3782
5 1 3 1806 1864 2018
4 1 2 2420 2930
4 1 3 3105 3129 3302
3 2
4 1 3 28 2861 2941
4 1 2 2924 3399
3 2
4 1 3 35 2549 3133
4 1 2 2174 3155
3 1 15 169 288 1113 1878 2147 2454 2748 2950 2965 3206 3541 3607 4110 4599 5207
3 1 5 199 3043 3250 3268 3438
3 5
4 1 4 235 2326 2602 3990
4 1 3 369 2382 2554
4 1 2 1379 1393
4 1 2 2087 3576
4 1 2 3547 3570
3 1 3 289 1140 3469
3 1 2 307 4290
3 1 5 350 528 935 2632 2873
3 3
4 1 5 372 2072 2415 2799 4549
4 1 3 1109 1343 2205
4 2
5 1 2 1155 3098
5 1 2 1478 2273
3 1 3 409 3403 4873
3 1 2 458 3791
3 3
4 1 6 489 2337 2870 2975 3564 3752
4 1 3 2067 2671 3010
4 2
5 1 2 2447 2503
5 1 2 2669 3704
3 1 2 518 2997
3 1 4 529 2504 2636 3289
3 2
4 1 3 693 999 2928
4 1 3 1013 2993 3538
3 6
4 1 3 705 2345 3329
4 1 2 1005 2863
4 1 2 2609 2749
4 1 2 2651 4475
4 1 2 2999 3297
4 1 2 3275 3617
3 2
4 1 13 794 1198 2091 2743 2890 2955 3153 3185 3379 3445 4062 4070 4096
4 1 3 1916 2522 2893
3 1 4 803 3145 3162 3241
3 1 2 811 2393
3 1 2 965 3033
3 3
4 1 3 1170 2482 2922
4 1 2 3303 3775
4 1 2 3508 3664
3 1 4 1234 2371 2530 2754
3 1 4 1341 2319 2408 2673
3 1 3 1417 2649 3314
3 1 4 1507 1627 2129 3213
3 1 2 1586 2610
3 2
4 1 2 1673 2728
4 1 2 2384 2638
3 1 3 1792 2150 2457
3 2
4 1 2 2003 3724
4 1 3 3050 3313 3365
3 1 2 2063 3425
3 1 3 2141 2794 2797
3 2
4 1 2 2156 3694
4 1 2 2600 2862
3 1 4 2310 2981 3019 3470
3 2
4 1 2 2394 3100
4 1 4 3619 4033 4039 4052
3 1 3 2444 2984 6398
3 1 2 2603 2694
3 1 3 2639 3358 3562
3 1 2 2882 3242
3 1 3 3126 3524 3662
3 1 3 3177 3577 3622
3 1 2 3208 3485
3 1 2 3751 3969
3 1 2 3865 4069
2 36
3 5
4 1 2 10 1228
4 1 3 160 1368 1460
4 1 3 359 1226 1283
4 1 2 883 953
4 1 2 1063 6429
3 13
4 3
5 1 2 13 2791
5 1 2 452 806
5 1 3 672 938 963
4 2
5 1 4 241 1339 2099 2336
5 1 2 985 1655
4 1 5 327 1740 1918 3015 4078
4 2
5 1 2 447 1570
5 1 2 696 1587
4 1 4 456 1592 2307 2751
4 3
5 1 2 516 1969
5 1 3 770 1787 1920
5 1 2 998 2279
4 3
5 1 2 768 1511
5 1 3 833 1888 3191
5 1 2 1104 2502
4 1 8 798 1956 2013 2303 2718 2860 2921 3007
4 3
5 1 3 926 2487 2717
5 1 3 1251 1386 1769
5 1 2 2534 2744
4 1 3 1018 1319 1399
4 3
5 1 2 1422 2874
5 1 2 1902 2167
5 1 2 2495 2807
4 1 3 2006 2110 2584
4 1 2 2569 2726
3 8
4 2
5 1 3 16 2496 3708
5 1 2 71 1370
4 1 3 79 2888 6273
4 1 2 124 1141
4 1 2 284 1929
4 2
5 1 2 342 5203
5 1 3 862 1385 6390
4 2
5 1 4 353 660 766 1656
5 1 2 1322 3058
4 1 2 412 3799
4 1 2 1211 1565
3 4
4 1 3 49 815 995
4 1 3 399 1002 5319
4 1 3 400 584 638
4 1 3 487 2472 4612
3 4
4 2
5 1 3 64 1539 2061
5 1 3 983 1676 1734
4 2
5 1 3 282 877 2943
5 1 2 695 2842
4 1 4 290 497 699 1635
4 1 3 421 1543 2474
3 5
4 4
5 1 3 91 1114 1376
5 1 2 1014 1407
5 1 2 2058 2133
5 1 2 2114 2148
4 2
5 1 2 228 1850
5 1 4 736 1470 1608 1626
4 3
5 1 2 793 1821
5 1 2 1291 2065
5 1 3 1553 2032 2076
4 1 3 1146 1581 1772
4 1 2 1897 6270
3 1 14 94 1142 1261 1402 1403 1405 1490 1633 1694 1764 1875 1896 3306 5415
3 6
4 1 5 118 725 990 1252 2770
4 1 3 465 745 5237
4 1 3 773 1373 1845
4 1 2 928 1800
4 2
5 1 2 1485 1854
5 1 2 1700 1720
4 1 2 1723 2545
3 8
4 4
5 1 3 138 376 1311
5 1 4 209 1437 1631 1651
5 1 3 1260 1483 6894
5 1 2 1297 1646
4 3
5 1 2 157 1452
5 1 3 589 1362 1406
5 1 3 1162 1230 1262
4 2
5 1 4 178 1040 1240 1354
5 1 4 1000 1212 1643 1807
4 1 3 293 1495 1810
4 1 2 500 1742
4 2
5 1 5 541 1054 1741 1794 1912
5 2
6 1 2 1206 1724
6 1 3 1484 1856 2186
4 1 3 665 993 1702
4 4
5 1 3 1076 1730 1758
5 1 2 1229 1566
5 1 2 1546 1652
5 1 2 1783 6340
3 7
4 1 5 181 1830 2312 2407 2647
4 1 4 418 2090 3317 3948
4 1 2 508 2353
4 1 2 526 2391
4 1 2 627 1828
4 1 3 711 1178 2440
4 1 4 2419 2920 2963 3202
3 2
4 1 3 258 1715 2095
4 1 8 1180 1350 2042 2132 2179 2604 2767 3257
3 1 3 386 1436 1551
3 1 10 387 978 1197 1332 1414 1521 1607 1699 1716 1831
3 2
4 1 3 397 885 957
4 1 3 830 1255 2714
3 7
4 1 4 429 615 988 1152
4 2
5 1 2 683 2403
5 1 2 1876 1976
4 1 4 1006 1154 2034 2083
4 1 3 1009 1242 1982
4 1 2 1487 1903
4 1 4 1868 2466 2556 5334
4 1 2 2456 2631
3 1 3 437 1136 3083
3 6
4 1 3 446 1307 1474
4 1 3 512 1501 4376
4 1 4 866 1020 1423 1697
4 1 2 917 945
4 1 3 1270 1388 1488
4 1 3 1281 1396 1576
3 2
4 1 2 513 3373
4 1 2 2521 3152
3 2
4 1 5 554 1257 1326 1712 2162
4 1 4 819 1248 6385 6456
3 1 4 601 1222 1722 1855
3 4
4 1 3 628 1134 3217
4 1 3 690 1563 2938
4 1 7 954 1167 1337 1387 1419 1531 1848
4 1 2 1933 1991
3 4
4 1 3 673 1273 1295
4 1 2 829 1382
4 1 3 1221 1438 1773
4 1 2 1325 1704
3 3
4 1 4 710 1713 1847 2329
4 1 4 720 940 1416 1754
4 1 3 1774 2234 3030
3 1 4 759 2563 2595 2657
3 1 5 780 831 934 1177 1505
3 1 3 790 1258 2261
3 1 3 814 1217 1449
3 1 2 989 1247
3 2
4 1 4 1024 1520 1555 2074
4 1 3 1153 1941 2834
3 1 4 1108 2159 2586 3913
3 1 4 1302 1790 1981 2000
3 1 2 1706 3618
3 1 3 1860 2369 2580
3 1 2 2268 2366
3 2
4 1 4 2309 2501 3181 3237
4 1 5 2796 3021 3059 3164 3778
3 1 3 2912 2957 2983
2 98
3 1 33 11 184 448 783 929 1111 1476 1523 1678 1958 1988 2251 2255 2424 2813 2960 3018 3215 3332 3354 3355 3621 4818 4821 4895 4975 4980 5054 5139 5147 5435 5496 5754
3 8
4 1 39 18 108 193 216 301 501 697 820 1016 1044 1133 1185 1233 1276 1383 1496 1639 1696 1823 1874 1882 1963 1965 2010 2017 2080 2127 2183 2198 2210 2229 2266 2272 2277 2286 2320 2323 2327 2410
4 1 36 161 232 252 367 578 713 795 893 1025 1183 1210 1235 1286 1348 1384 1638 1684 1709 1816 1919 1927 1996 2011 2054 2096 2166 2197 2208 2219 2237 2271 2276 2278 2295 2322 2324
4 1 2 278 2427
4 1 2 310 2230
4 1 2 776 2068
4 1 3 1426 2071 2086
4 1 4 1707 2199 2207 2269
4 1 2 2151 2253
3 1 6 22 2267 2477 2560 2672 2678
3 1 45 29 325 365 411 779 782 810 853 892 1007 1017 1125 1284 1349 1471 1524 1725 1820 1900 1909 1910 1915 1924 1946 1983 2005 2052 2070 2242 2243 2248 2254 2321 2325 2805 3254 3338 3446 3837 3838 3845 4291 4292 5457 5494
3 1 14 30 281 299 735 1066 1467 1853 1997 2257 2646 3311 3595 3654 3994
3 1 2 40 1597
3 2
4 1 36 53 151 223 360 644 655 882 904 1038 1092 1118 1428 1503 1578 1679 1844 1959 1960 1967 1972 1973 1979 2022 2041 2046 2239 2245 2287 2318 2587 2769 2788 3744 4001 4195 7861
4 1 3 377 1143 1443
3 1 66 68 450 943 961 1137 1215 1267 1278 1304 1315 1447 1463 1525 1526 1528 1537 1545 1548 1557 1558 1559 1560 1562 1575 1579 1580 1588 1589 1595 1599 1600 1601 1605 1612 1613 1615 1616 1621 1623 1629 1632 1640 1648 1650 1659 1660 1663 1681 1682 1688 1689 1703 1708 1717 1731 1747 1749 1750 1753 1763 1766 1778 1801 1802 1808 1813
3 1 54 72 159 415 709 970 1365 1674 1872 1879 2182 2206 2283 2292 2364 2409 2448 2450 2465 2467 2625 2655 2701 2759 2821 2883 2962 3054 3166 3169 3184 3186 3264 3560 4219 4585 4748 4751 4871 4872 4912 4939 4941 4978 5015 5016 5056 5127 5239 5350 5512 5702 5992 7789 8022
3 1 25 74 297 986 1129 1508 1701 1836 1921 1928 2241 2489 2516 2650 2658 2817 3046 3064 3147 3199 3291 3294 3582 4855 5508 7836
3 1 25 77 708 976 1011 1317 1375 1450 1482 1549 1569 1590 1683 1693 1775 1776 1779 1781 1784 1793 1799 1826 1829 1832 2333 2814
3 1 4 129 1594 1604 2281
3 5
4 1 2 146 1056
4 1 5 414 1290 1950 2716 4391
4 1 4 747 1670 3194 3342
4 1 3 1207 1908 2193
4 1 2 1710 3138
3 1 2 155 2380
3 1 3 162 480 1665
3 1 41 163 217 666 757 856 952 1001 1115 1353 1885 1989 2105 2124 2256 2259 2425 2708 2783 2878 2885 2889 3104 3233 3475 3591 3676 4149 5463 5693 5833 5853 5874 5880 5921 5922 5947 6081 6129 6169 6413 6435
3 1 2 167 972
3 1 30 186 234 270 332 524 743 843 1269 1321 1336 1352 1391 1413 1550 1552 1926 2173 2214 2289 2441 2536 2623 2630 2644 2712 2738 2764 3078 3096 3106
3 1 6 197 727 751 2428 3914 5848
3 1 2 205 1364
3 1 18 221 247 267 707 1035 1736 1899 1945 2227 2388 2436 2607 2779 2959 2964 3143 3590 3661
3 1 3 236 802 1473
3 1 37 246 681 741 890 933 1003 1010 1057 1068 1077 1085 1086 1088 1089 1130 1135 1275 1292 1300 1305 1308 1340 1363 1372 1389 1404 1408 1410 1432 1434 1445 1461 1466 1475 1497 1527 1737
3 1 2 262 1598
3 2
4 1 3 273 2152 2163
4 1 4 1440 1798 2169 2238
3 1 5 285 1061 1630 2583 3453
3 1 4 291 731 1067 4022
3 1 32 326 623 841 936 979 1075 1078 1099 1316 1622 1661 1680 1765 1804 1837 1849 1852 1880 1907 1968 1971 1975 2059 2089 2153 2445 2455 2540 2679 2687 2815 8355
3 2
4 1 2 343 1430
4 1 2 1574 2898
3 1 2 390 1577
3 1 2 401 3972
3 1 3 461 712 1572
3 1 3 468 1746 2220
3 1 3 483 775 1534
3 1 2 496 1169
3 1 5 515 1127 1329 1992 3125
3 1 2 558 1770
3 2
4 1 5 600 913 916 1012 3027
4 1 2 661 1733
3 1 2 617 1540
3 1 3 645 1241 2356
3 1 5 648 1123 1617 3216 7552
3 1 2 664 1293
3 1 2 689 2355
3 2
4 1 2 704 1415
4 1 2 1698 9751
3 1 2 728 3157
3 1 3 739 1175 1494
3 1 2 740 4322
3 1 2 764 1593
3 1 2 769 951
3 1 2 792 1978
3 1 2 824 5950
3 1 3 826 1421 1881
3 1 2 835 1515
3 1 3 842 1347 2608
3 1 2 860 2663
3 1 2 871 1819
3 1 3 876 2360 2755
3 1 2 905 2290
3 1 2 907 2036
3 1 2 959 1884
3 1 6 960 1209 1380 1498 1788 1944
3 1 3 966 1464 2191
3 1 7 980 1492 1718 2387 2435 2571 2880
3 1 2 1029 1367
3 1 2 1048 1795
3 1 3 1110 1654 1669
3 1 3 1150 1990 4877
3 1 2 1166 1333
3 1 3 1172 1191 1500
3 1 2 1176 3983
3 1 2 1231 1314
3 1 2 1249 3158
3 1 4 1266 1692 1980 1999
3 1 2 1309 1995
3 2
4 1 2 1310 1433
4 1 2 2217 2377
3 1 2 1328 3771
3 1 2 1439 6102
3 1 2 1441 1825
3 1 2 1459 1905
3 2
4 1 2 1542 2250
4 1 3 2079 2264 2297
3 1 2 1556 1887
3 1 3 1606 2062 2668
3 1 4 1649 1760 1822 1952
3 1 2 1748 1936
3 1 3 1761 2050 3890
3 1 2 1777 2629
3 1 3 1817 4675 6190
3 1 2 1869 2073
3 1 2 1957 3053
3 1 2 2001 2361
3 1 2 2008 2101
3 1 2 2024 5760
3 1 2 2069 2351
3 1 2 2121 2348
3 1 3 2145 2713 2958
3 1 2 2228 2846
3 1 2 2284 4974
3 1 4 2433 4067 4491 5645
2 2
3 1 34 31 171 250 255 566 571 622 1186 1424 1536 1671 1838 2171 2342 2520 2827 3047 3156 3350 3362 3575 3722 3787 3864 3876 3923 3988 4057 4098 4163 4425 4452 5410 7497
3 1 3 130 2373 2566
2 1 41 51 102 200 302 467 490 633 738 771 1883 1890 2200 2864 2866 3117 3123 3160 3464 3466 3557 3839 4111 4166 4171 4229 4279 4317 4358 4362 4454 4623 4644 4712 4716 4816 4966 5140 5254 5413 5416 5490
2 8
3 7
4 1 5 63 2747 3193 3822 5331
4 2
5 1 3 261 366 1947
5 1 2 2700 2793
4 1 3 899 2064 4353
4 1 3 1030 1609 1824
4 2
5 1 4 2048 3118 4336 5013
5 1 2 3170 6052
4 1 3 2544 2733 3390
4 1 5 2676 3682 4044 4203 7658
3 8
4 1 3 65 1943 2459
4 1 3 76 2262 3094
4 1 2 115 1547
4 1 4 123 1323 1435 1469
4 1 4 194 1274 2060 3045
4 2
5 1 3 395 549 1201
5 1 2 473 1451
4 1 3 804 1124 1567
4 1 2 875 991
3 5
4 2
5 1 3 244 924 2832
5 1 2 2723 4221
4 1 5 438 909 3087 4502 4840
4 1 4 1351 1877 1893 6348
4 2
5 1 3 2344 4081 5217
5 1 2 2786 4749
4 1 5 2559 2784 2914 3057 3236
3 4
4 2
5 1 3 416 4299 4312
5 1 3 3978 4115 4360
4 1 2 481 4413
4 1 3 1028 4025 4552
4 1 3 1583 2222 4182
3 1 3 685 1037 3707
3 6
4 1 2 1084 1126
4 1 4 1145 2422 2777 4048
4 1 5 1502 2421 2801 3023 3397
4 1 3 1870 3259 4698
4 1 2 2002 4588
4 1 2 2339 2778
3 1 2 1719 4472
3 1 3 3283 3298 3894
2 1 50 109 249 320 406 870 1021 1117 1161 1227 1331 1446 1602 1738 2021 2104 2201 2311 2376 2392 2399 2400 2490 2514 2541 2543 2693 2802 2844 2875 3002 3016 3041 3088 3115 3370 3387 3391 3431 3439 3555 3647 3803 3830 3930 4008 4028 4043 4559 4575 4590
2 1 27 119 384 818 992 996 1097 1101 1173 1192 1431 1442 1974 2037 2094 2190 2480 2542 2845 3089 3224 3345 3542 3638 3770 3928 4632 4744
2 17
3 5
4 1 3 147 1358 4654
4 1 2 153 4505
4 1 3 230 3656 4037
4 1 6 949 2518 3052 3309 3725 3831
4 1 2 4620 4913
3 4
4 1 5 191 279 3013 3069 4626
4 1 2 1455 2929
4 1 2 1530 7611
4 1 2 2493 4053
3 4
4 1 2 358 1072
4 1 6 1355 2213 2404 2574 2592 2768
4 1 7 1711 2224 2338 2575 2772 2972 3649
4 1 5 1714 2012 2555 2612 2974
3 3
4 1 2 491 4007
4 1 4 1366 1518 2809 5346
4 1 3 3093 3743 3750
3 1 4 493 694 817 2546
3 1 9 523 1279 2539 2934 3113 3195 4411 5580 5956
3 1 4 777 1835 1953 4288
3 2
4 1 2 941 1120
4 1 3 981 1079 1378
3 3
4 1 3 962 2653 3124
4 2
5 1 2 2194 2782
5 1 4 2526 2774 2871 3200
4 2
5 1 3 3533 4046 5170
5 1 2 5085 5297
3 2
4 1 4 1159 1789 3747 4296
4 1 3 2877 3653 4084
3 1 5 1245 2362 2550 2558 2835
3 1 5 1264 1456 1584 1755 1782
3 2
4 1 3 1664 5394 5775
4 1 3 1906 3356 3501
3 1 5 1892 1904 2471 2660 3352
3 2
4 1 3 2051 2317 2390
4 1 3 2125 2876 3253
3 1 3 2568 3473 3870
3 2
4 1 3 3515 4704 5783
4 1 2 4665 6044
2 1 36 148 629 767 888 2437 2485 2614 2661 2705 2724 2787 2853 2968 3065 3330 3426 3436 3494 3697 3705 3863 3880 3917 3925 4458 4796 4823 4841 4936 5030 5082 5165 5268 5330 5449 5863
2 2
3 1 30 192 763 1062 1522 1886 1939 2120 2247 2944 3278 3310 3331 3346 3389 3394 3398 3447 3487 3491 3548 3681 4594 4597 4608 4864 4916 4917 4920 5167 5173
3 1 2 1199 4661
2 1 27 362 576 706 840 912 1244 1645 2357 2481 2731 2798 3075 3097 3144 3227 3483 3510 3513 3535 3553 3558 4088 4682 4745 4950 5051 5317
2 2
3 1 12 618 1342 1658 2438 3506 4059 4136 4595 5475 5866 6443 6633
3 1 2 4174 4176
2 2
3 1 30 659 944 1082 2016 2075 2119 2135 2142 2188 2263 2463 2507 2895 2911 3107 3520 3786 4041 4128 4152 4332 4693 4729 4982 4996 4999 5427 5925 5986 6278
3 4
4 1 3 987 1705 2978
4 1 3 1202 1726 2033
4 1 5 1857 2995 3609 3979 4957
4 1 2 2531 4951
2 2
3 1 9 722 851 1090 1398 1425 1504 3823 3985 5408
3 1 2 1312 4488
2 2
3 1 3 1213 1647 2820
3 1 2 3639 5172
2 1 2 1803 2244
2 1 2 2211 2756
2 1 2 2429 3247
2 1 2 2753 3120
2 1 2 2915 3142
2 2
3 1 2 3137 3556
3 1 2 3574 3811
1 1 33 3 435 846 1757 2035 2280 3080 3163 3285 3326 3357 3706 3781 3915 4741 4829 5010 5510 5594 5664 5869 6282 6290 6564 6572 6756 7528 7880 8069 8094 8505 8597 8718
1 101
2 57
3 2
4 1 3 9 3044 9257
4 1 2 7716 10037
3 1 3 21 10225 10280
3 14
4 2
5 1 3 24 3319 3819
5 1 3 4462 7143 7597
4 1 3 26 8224 9230
4 1 2 616 10122
4 3
5 2
6 1 3 718 7525 10109
6 1 2 9844 10093
5 1 2 1489 10003
5 1 2 10082 10298
4 1 3 1624 9649 9875
4 2
5 1 2 4889 8485
5 1 3 9544 9624 9654
4 1 5 6415 8978 9576 10032 10145
4 1 4 7485 8483 8918 10062
4 1 2 8445 10136
4 2
5 1 2 8600 10015
5 1 3 9784 9835 10048
4 1 3 8852 9260 9745
4 2
5 1 2 8975 9045
5 1 2 9678 9847
4 1 2 10011 10070
4 1 2 10110 10127
3 1 6 121 8902 10164 10301 10307 10309
3 17
4 1 3 173 9340 9897
4 2
5 1 2 565 9928
5 1 3 4086 6221 9052
4 3
5 1 4 906 3161 8762 9054
5 1 3 2249 7780 7988
5 1 2 8087 9799
4 2
5 2
6 1 4 915 4885 7726 9031
6 1 2 9141 9940
5 2
6 1 3 7567 7596 9826
6 1 3 7823 9456 10162
4 1 2 1735 8052
4 1 2 3327 9785
4 2
5 1 2 3586 9802
5 1 2 6709 9698
4 2
5 1 4 4949 8351 8880 9792
5 1 3 4961 7951 9475
4 1 4 5043 8623 9524 9683
4 3
5 1 2 5962 9883
5 1 4 8098 8343 9412 9765
5 1 2 8845 9675
4 1 2 6355 8430
4 1 3 8165 9233 9889
4 1 2 8847 9269
4 1 2 9327 9794
4 1 4 9369 9872 10089 10167
4 1 2 9557 9621
4 1 2 9878 9930
3 12
4 2
5 1 2 206 9658
5 1 3 2027 4508 10044
4 2
5 1 2 3721 10155
5 1 2 7714 9758
4 1 2 4293 10153
4 2
5 1 2 4484 7202
5 1 2 7741 10016
4 2
5 1 2 5696 6831
5 1 2 9353 9886
4 1 3 6747 9387 10042
4 1 3 8526 8753 10073
4 2
5 1 3 8954 9696 9822
5 1 2 10133 10179
4 2
5 1 2 9679 10229
5 1 2 10220 10284
4 1 2 9833 10038
4 1 2 9868 10262
4 1 2 10201 10243
3 2
4 1 8 322 3150 7948 8929 9297 9442 10163 10224
4 1 2 9900 10124
3 4
4 1 3 328 9254 10290
4 1 3 1472 4009 10205
4 1 2 5972 9650
4 1 2 9072 10021
3 7
4 1 4 373 6391 8323 9564
4 2
5 1 2 2030 9319
5 1 3 7197 9288 10102
4 3
5 1 2 2776 9960
5 1 3 7075 7903 8403
5 1 2 9869 9989
4 1 3 3062 6965 10033
4 2
5 1 4 5397 6162 9823 10140
5 1 3 8073 9780 9963
4 2
5 1 2 6229 7684
5 1 2 7650 9968
4 1 3 8817 9359 10047
3 4
4 1 2 610 7968
4 1 2 4112 9893
4 1 4 5899 8449 9278 9843
4 1 2 6296 9344
3 2
4 2
5 1 2 619 9079
5 1 2 3836 10142
4 1 3 10058 10117 10274
3 2
4 1 2 837 10045
4 1 3 6045 6532 7189
3 1 5 1052 5098 9115 9582 9652
3 2
4 1 2 1071 9849
4 1 4 5832 9152 9815 10247
3 1 14 1103 7076 7958 8112 8264 8674 8693 9056 9083 9392 9413 9841 10012 10242
3 1 3 1809 8982 10026
3 1 2 2028 2506
3 3
4 1 3 2103 7720 9126
4 1 10 7068 8375 8992 9129 9725 9774 9984 9996 10000 10007
4 1 2 9349 10080
3 11
4 1 3 2640 8826 10265
4 1 5 3641 6892 8729 9197 10067
4 2
5 1 4 4567 4883 8533 10249
5 1 2 9748 9971
4 1 3 4943 8811 9606
4 1 2 5780 8487
4 2
5 1 3 5917 8916 9411
5 1 4 5919 8750 9066 9692
4 1 4 6077 8250 9160 9480
4 1 4 7301 9236 9630 9961
4 1 2 7626 9857
4 1 3 7681 8581 9155
4 2
5 1 2 9210 9586
5 1 3 9616 9708 9709
3 2
4 1 5 3643 7120 9328 10158 10231
4 1 3 7743 9645 10223
3 2
4 1 2 3826 10181
4 1 4 7832 8273 9998 10296
3 1 4 3859 5111 9848 10288
3 1 3 3968 4726 9169
3 6
4 2
5 1 2 4241 10086
5 1 2 7271 9430
4 1 3 4732 6858 9317
4 2
5 1 2 5663 6792
5 1 2 7886 10260
4 1 4 9789 9832 9904 9914
4 1 2 10056 10282
4 1 3 10172 10304 10310
3 2
4 1 3 4252 9717 10285
4 1 3 8919 10129 10300
3 1 9 4605 6115 7005 7591 10228 10263 10264 10267 10270
3 3
4 1 2 5075 9161
4 1 2 5234 9451
4 1 2 5784 9323
3 2
4 2
5 1 3 6033 9531 9634
5 1 2 9846 10052
4 1 3 6193 9839 9958
3 1 3 6097 9672 9970
3 1 3 6106 8945 10250
3 2
4 1 2 6231 9279
4 1 2 8840 9676
3 1 2 6356 10272
3 1 2 6915 9632
3 1 2 7404 9965
3 1 6 7594 9536 9777 9910 9934 10072
3 1 2 8262 10246
3 1 2 8472 9311
3 1 2 8547 10234
3 3
4 1 2 8563 9612
4 1 2 8921 9856
4 1 2 9219 9982
3 1 6 8758 9123 9194 9494 9761 9829
3 1 3 8857 10078 10194
3 1 2 8904 9667
3 1 3 8914 9469 9997
3 1 3 8917 10030 10180
3 1 2 9035 10104
3 2
4 1 2 9220 10130
4 1 2 9873 10103
3 2
4 1 2 9318 9907
4 1 2 10177 10238
3 1 3 9376 9800 10191
3 2
4 1 2 9477 9575
4 1 2 9497 9880
3 1 3 9603 9788 9991
3 1 2 9633 10174
3 2
4 1 2 9732 10311
4 1 2 9764 9987
3 1 3 9797 10206 10292
3 1 3 9853 10069 10297
3 1 2 10010 10028
3 1 2 10034 10090
3 1 2 10081 10096
2 77
3 11
4 1 2 14 6314
4 2
5 1 2 423 4314
5 1 3 8951 9020 9198
4 3
5 2
6 1 2 3229 8849
6 1 2 8788 9627
5 1 2 5245 6712
5 1 3 7131 7786 9057
4 1 2 4416 7337
4 1 4 4436 6876 7964 9805
4 1 3 5901 9298 9957
4 1 3 6887 8825 9896
4 3
5 1 2 7619 8707
5 1 2 7954 9452
5 1 2 8149 8512
4 1 2 7634 10293
4 1 3 8556 9643 10128
4 1 2 9148 9158
3 1 9 38 668 3995 4101 9011 9214 9577 9638 9871
3 2
4 1 4 89 9668 9694 9845
4 1 3 2431 4240 4286
3 1 3 90 8064 10088
3 1 12 101 2178 4609 6701 7221 7426 7507 8440 8583 9199 9535 9864
3 1 12 133 5822 6176 6616 7212 8670 8735 9102 9157 9866 10100 10171
3 15
4 2
5 1 2 149 9771
5 1 3 7916 8210 9397
4 1 3 413 7060 10148
4 2
5 1 2 2113 8327
5 1 2 5683 7787
4 3
5 1 2 2732 7333
5 2
6 1 2 3578 7072
6 1 2 6070 7548
5 1 4 6639 9180 10183 10271
4 1 3 3854 9898 10218
4 1 2 4366 4929
4 2
5 1 2 4514 7170
5 1 4 7323 7547 9088 10064
4 1 3 5587 8486 10094
4 1 4 5701 6054 7356 7955
4 1 2 6642 9641
4 1 3 7400 8528 9558
4 2
5 1 4 7655 7937 8424 9538
5 1 2 7798 8922
4 1 2 8819 9147
4 1 3 9172 9589 9599
4 1 2 9545 10107
3 1 9 172 2913 6043 7151 7219 9238 9310 9379 10294
3 1 2 198 9942
3 8
4 1 3 245 3419 7378
4 1 2 382 807
4 1 13 581 1053 4801 5445 5677 5778 6664 7393 7493 8014 8785 9061 9389
4 1 10 1058 6412 6461 7486 7618 8301 8347 9060 9077 9937
4 1 2 2811 8274
4 1 2 8381 9154
4 1 2 8493 8542
4 1 2 8649 8850
3 2
4 1 2 339 9062
4 1 2 9090 9636
3 1 10 439 914 3522 6933 9038 9076 9232 9681 9867 10227
3 1 4 443 3920 6492 8715
3 1 9 445 874 1091 3993 4383 5272 5665 8688 9773
3 1 4 507 6533 6808 8738
3 1 5 729 5448 5705 8389 9049
3 1 3 732 4217 8214
3 1 10 857 1796 4715 6347 7022 7631 8877 9128 9550 10014
3 1 3 891 8551 8620
3 1 2 975 7066
3 1 3 1098 8076 9135
3 2
4 1 2 1121 8586
4 1 4 8190 8653 8872 9284
3 2
4 1 3 1184 8078 9159
4 1 2 7833 8400
3 3
4 1 5 1625 1861 3210 5240 6934
4 1 2 6012 9037
4 1 2 7051 7470
3 1 2 1728 4138
3 1 3 2045 8734 8892
3 1 8 2332 7793 8414 8585 8681 8698 9304 9783
3 2
4 1 2 2335 9322
4 1 2 8634 8741
3 1 11 2483 7218 7392 8417 8473 8691 8793 9092 9566 9837 9840
3 1 4 2535 8372 10085 10108
3 1 2 2684 4613
3 1 6 3001 4774 8356 8524 8777 8913
3 1 5 3012 5236 9568 9691 10137
3 1 2 3307 8104
3 1 3 3411 6604 8013
3 1 9 3761 8063 8824 8956 9206 9388 9419 9981 10199
3 1 4 3910 6558 7165 9244
3 1 5 3987 6919 8093 8856 9321
3 1 3 4076 5269 6605
3 2
4 1 4 4323 7314 8514 9510
4 1 3 8763 9368 9549
3 1 3 4334 10281 10299
3 1 4 4544 7891 9375 9807
3 1 5 5006 5049 5313 9001 9644
3 1 9 5017 5596 5708 6005 6058 7853 8031 8284 8835
3 2
4 1 3 5053 6650 10084
4 1 2 8828 9183
3 1 3 5066 9370 9608
3 1 3 5453 7302 9722
3 1 2 5519 6172
3 1 2 5824 8572
3 1 3 6175 7200 7646
3 1 16 6181 7924 8230 8598 8886 8893 9216 9303 9648 10024 10060 10101 10152 10251 10268 10283
3 2
4 1 2 6365 9186
4 1 2 8287 10061
3 1 3 6489 6839 9824
3 3
4 1 2 6569 10208
4 1 2 8621 9925
4 1 2 9255 9772
3 1 2 6599 8942
3 2
4 1 2 6611 9453
4 1 2 7600 8455
3 1 2 6674 7155
3 1 2 7003 7731
3 1 2 7027 7748
3 1 3 7038 9436 9444
3 1 3 7122 7176 7398
3 1 2 7576 7813
3 1 2 7842 9125
3 1 3 7895 8983 10176
3 1 3 8154 9401 10233
3 1 3 8203 9863 10074
3 1 2 8209 9508
3 1 3 8238 9089 9355
3 1 3 8275 8631 10125
3 1 3 8559 9371 9518
3 1 3 8602 8749 9009
3 1 2 8958 10169
3 1 3 9457 10043 10204
3 1 3 9529 9860 9890
3 1 3 9642 10131 10244
3 1 2 10013 10248
3 2
4 1 2 10138 10305
4 1 2 10232 10256
2 2
3 1 3 19 6170 8308
3 1 2 2274 4700
2 75
3 1 5 41 8812 8887 9124 9491
3 9
4 2
5 1 3 69 5613 8091
5 1 4 5528 6230 9490 9629
4 1 3 379 4631 7795
4 4
5 1 2 1390 9559
5 1 4 5984 8960 9275 9684
5 1 2 7164 8378
5 1 2 8925 9184
4 3
5 1 4 2098 4220 8755 8998
5 1 5 3947 6344 8139 8180 9363
5 1 2 8456 10068
4 1 3 5393 7184 9287
4 1 2 7840 8420
4 1 2 8500 8989
4 1 3 8529 8722 9018
4 1 2 8675 8714
3 3
4 1 2 81 9138
4 1 2 5176 9435
4 1 2 9103 9339
3 3
4 2
5 1 2 128 9505
5 1 3 3221 7432 9440
4 1 3 8484 9247 9386
4 1 2 8672 9258
3 1 7 137 7424 7448 8108 9479 9555 10022
3 1 2 180 9051
3 1 7 182 7804 8379 8518 8587 8754 8885
3 2
4 1 4 189 3179 8386 8531
4 1 3 346 2537 8411
3 1 10 208 6186 6451 6974 8228 8429 8668 9827 9975 9980
3 5
4 1 3 213 3540 7982
4 1 5 1204 7279 7952 8470 9120
4 2
5 1 2 6927 9482
5 1 2 7806 9203
4 1 3 7501 7849 9466
4 1 2 8363 9100
3 1 3 219 323 8926
3 1 3 220 9063 9752
3 1 3 312 9227 9351
3 1 4 338 8337 9191 9933
3 1 2 355 9502
3 1 3 380 6531 8782
3 6
4 1 2 459 8023
4 1 3 3503 7850 8519
4 1 3 4200 7973 8579
4 1 2 6945 8767
4 1 2 7545 8477
4 1 3 7694 8169 8971
3 1 4 533 8713 9251 9656
3 1 7 608 4140 5889 6620 8148 9202 9517
3 1 2 787 1544
3 1 2 984 9140
3 16
4 1 2 1236 8019
4 2
5 1 4 2144 6034 7407 8658
5 1 5 2308 8346 8647 9295 9673
4 3
5 1 2 2510 9104
5 1 2 8416 8687
5 1 2 8564 8612
4 2
5 1 2 3741 9591
5 1 2 7128 7251
4 1 2 3973 6491
4 1 6 4969 6474 8242 8860 9484 9569
4 2
5 1 2 6812 8299
5 1 2 8088 8991
4 1 2 6959 8964
4 2
5 1 3 7059 7975 9548
5 1 2 8941 9326
4 2
5 1 2 7227 9472
5 1 2 8625 9150
4 2
5 1 2 7420 7466
5 1 2 9109 9601
4 1 2 8377 8682
4 1 5 8469 8784 8946 9173 9283
4 3
5 1 2 8614 9345
5 1 2 8650 9165
5 1 3 8864 8988 9046
4 1 3 8837 9265 9282
4 1 3 9036 9533 9595
3 2
4 1 3 1243 7652 7657
4 1 5 5336 6949 7571 8630 9324
3 2
4 1 2 1265 9130
4 1 3 3414 8901 9097
3 1 6 2288 8520 8666 8808 8898 9171
3 2
4 2
5 1 2 2347 9099
5 1 3 8024 8590 8731
4 1 8 6439 6684 7096 8412 8708 8711 9463 9525
3 10
4 1 2 2367 4587
4 1 3 3507 8790 8894
4 2
5 1 3 4287 8234 8814
5 1 3 8026 8401 8475
4 1 3 4911 8051 8768
4 1 3 7021 7986 8981
4 1 5 7092 8608 9314 9354 9804
4 1 2 8217 9067
4 2
5 1 2 8276 8599
5 1 3 8298 8725 8889
4 1 3 8759 8932 9245
4 1 4 8816 9117 9372 9977
3 2
4 1 2 2524 9459
4 1 2 4363 9423
3 1 6 2533 6547 8503 8909 9296 9308
3 2
4 1 2 3472 9106
4 1 2 6299 8195
3 1 4 3527 5143 5206 6817
3 1 3 4393 8995 9145
3 1 3 4461 6343 9537
3 1 4 4469 8604 9098 9300
3 1 2 4554 8147
3 1 6 4815 6359 8903 8967 9074 9434
3 4
4 1 4 5087 9188 9352 9464
4 1 5 6393 8004 8306 8627 9262
4 1 3 8437 9086 9498
4 1 2 9029 9193
3 2
4 1 3 5292 6527 9032
4 1 3 5727 9229 9522
3 1 2 5506 8986
3 1 5 5615 7578 8813 8944 9690
3 1 3 5876 6128 9600
3 1 3 5918 9047 9084
3 1 2 6028 10200
3 1 5 6228 6954 7613 8769 8962
3 1 7 6464 6862 6899 8102 9446 9449 9664
3 1 3 6477 8836 9534
3 2
4 1 2 6580 8882
4 1 2 8609 9289
3 1 2 6644 9432
3 2
4 1 2 6682 7902
4 1 6 7532 8110 8521 8538 8746 8854
3 2
4 1 2 6734 8457
4 1 2 7137 9010
3 1 2 6776 9237
3 2
4 1 2 7253 8292
4 1 2 7999 9026
3 1 3 7338 9266 9398
3 1 3 7346 9192 9637
3 2
4 1 3 7563 8720 9179
4 1 2 8577 9221
3 1 4 7717 8665 9290 9305
3 1 7 7727 8090 8239 8690 8963 9348 9357
3 1 3 7985 8418 8838
3 1 2 8029 9007
3 2
4 1 2 8055 8930
4 1 3 8161 8268 8823
3 1 2 8115 9542
3 1 2 8116 8632
3 1 3 8245 8398 8878
3 1 3 8253 8803 9727
3 1 3 8303 8357 9073
3 2
4 1 2 8399 9495
4 1 3 8560 9004 9380
3 2
4 1 2 8407 9336
4 1 3 8510 8676 8796
3 1 2 8461 9746
3 3
4 1 2 8523 8781
4 1 2 8771 9461
4 1 2 9223 9438
3 1 2 8576 9437
3 1 2 8695 9734
3 1 3 8751 8822 9439
3 1 2 8935 9338
3 1 2 8950 9448
3 1 2 9119 9396
2 36
3 12
4 1 4 45 5813 10035 10237
4 2
5 1 3 431 9306 9733
5 1 2 3935 9701
4 1 4 555 8070 9137 9884
4 3
5 1 2 2781 8015
5 1 2 7282 10186
5 1 4 8223 9507 9607 10226
4 1 2 2806 10303
4 2
5 1 2 3489 8871
5 1 2 6820 8427
4 4
5 1 4 4432 8421 8791 9181
5 1 3 5695 8994 9358
5 1 2 8345 9803
5 1 2 8618 9259
4 1 3 4822 7753 8317
4 1 2 4846 10087
4 1 3 5978 10135 10207
4 2
5 1 3 6019 9565 9754
5 1 3 10036 10057 10219
4 3
5 1 2 7791 9516
5 1 2 8862 10212
5 1 2 9113 9913
3 1 7 52 188 5255 5469 8010 9421 10252
3 3
4 1 3 82 5716 6625
4 1 12 229 2285 4648 5031 6848 7198 8724 8867 9055 9201 9365 9973
4 1 2 7896 8657
3 3
4 1 16 96 428 3135 3406 6261 7750 8571 8594 8654 9003 9325 9332 9551 9912 10018 10259
4 1 4 313 7141 7911 9768
4 1 3 7790 9248 9655
3 2
4 1 6 272 3223 3804 5655 9926 10189
4 1 3 9613 9938 10211
3 9
4 3
5 1 3 314 4250 9729
5 1 4 4844 5505 6404 9609
5 1 3 7361 9540 9707
4 1 5 1174 7939 9246 9770 9775
4 3
5 1 3 1288 9136 9427
5 1 4 2418 6891 7006 9631
5 1 2 4496 9710
4 2
5 1 3 2956 4269 5100
5 1 2 5714 9700
4 1 3 3408 7498 8680
4 3
5 1 2 3492 9478
5 1 3 3526 7755 8552
5 1 6 6406 7970 8522 9315 9704 9739
4 1 4 5743 8684 9560 9749
4 1 3 8973 9519 9763
4 1 2 9562 9786
3 13
4 3
5 1 4 436 4817 8645 9547
5 1 3 5834 6292 9091
5 1 2 9470 10141
4 3
5 1 3 457 5721 6543
5 1 2 6107 10253
5 1 2 7660 9887
4 1 5 3646 8488 8646 8895 9798
4 1 3 4758 5180 9814
4 3
5 1 4 6237 8054 8996 9666
5 1 2 6806 10106
5 1 2 9383 9736
4 1 5 7427 8490 9039 9563 10123
4 1 4 7734 8732 10019 10168
4 1 3 8056 9574 9653
4 1 3 8568 9964 10017
4 1 2 8678 9921
4 1 2 8736 9894
4 1 2 9473 9660
4 1 2 9818 9917
3 1 3 527 4346 8082
3 1 3 1073 8701 8804
3 1 3 1666 6024 9291
3 14
4 1 3 2055 10049 10097
4 1 2 3866 7376
4 1 3 4487 7534 10126
4 1 3 4638 8578 8795
4 1 4 5462 7229 8543 8570
4 1 3 7340 9174 9946
4 2
5 1 4 7633 9064 9343 9626
5 1 5 8774 9384 10151 10216 10286
4 1 3 9207 9225 9541
4 1 2 9356 10053
4 1 2 9715 9915
4 2
5 1 2 9776 10202
5 1 2 9855 9919
4 1 2 9828 10287
4 1 2 9935 9943
4 1 3 10095 10118 10266
3 1 3 2430 5627 9588
3 1 4 2711 8535 8927 9503
3 1 4 3049 4582 8626 9402
3 2
4 1 2 3192 9366
4 1 2 9374 9573
3 1 10 3381 6087 6151 6554 7874 8075 8125 8135 8865 8966
3 1 3 3624 4180 9068
3 1 3 4181 7105 9995
3 3
4 1 2 4222 9619
4 1 2 4578 4843
4 1 5 8940 9723 9762 10005 10066
3 1 7 5153 5316 7139 7330 7700 8853 8924
3 1 3 5199 6204 10092
3 1 3 6707 9272 9347
3 1 2 7135 9801
3 1 2 7565 9312
3 1 3 7583 9454 9561
3 1 2 7857 8089
3 1 3 8150 9426 9515
3 1 6 8450 8861 9485 9956 10178 10203
3 2
4 1 3 8481 9870 9985
4 1 2 9902 9951
3 1 3 8844 9796 9941
3 2
4 1 2 8897 9791
4 1 2 9793 9854
3 1 5 9196 9825 10112 10255 10275
3 1 2 9231 10076
3 1 2 9665 10099
3 1 2 9859 10161
3 1 2 10119 10144
2 2
3 1 3 58 9309 9706
3 1 2 2867 8611
2 15
3 1 7 60 2423 4318 4526 8615 8888 10166
3 1 3 504 9711 9744
3 2
4 1 3 850 7207 10105
4 1 2 9720 9830
3 3
4 1 2 1744 7708
4 1 3 5146 8659 9661
4 1 2 9058 9302
3 3
4 1 2 1901 8016
4 1 2 6962 8936
4 1 2 7515 8066
3 1 3 4005 5960 9876
3 1 3 4727 8334 8435
3 1 6 5751 5768 6667 7887 8071 9447
3 1 3 6736 7074 10149
3 1 3 7086 8003 9580
3 1 3 7188 9341 9415
3 2
4 1 2 8316 9967
4 1 3 9025 9239 9618
3 1 2 9280 9556
3 1 3 9530 9923 10039
3 1 2 9639 9819
2 4
3 1 2 80 8821
3 1 3 1369 5011 5353
3 1 3 4197 8458 8619
3 1 3 8032 8126 9105
2 4
3 1 3 84 2722 6963
3 1 2 1047 3874
3 1 3 3299 4223 9043
3 1 2 5009 9539
2 9
3 1 13 152 789 6029 6173 6552 7124 8321 8733 9028 9400 9570 9874 10025
3 1 2 434 8739
3 2
4 1 3 1327 1752 8915
4 1 3 6760 8211 9808
3 1 4 4083 5196 5333 9285
3 1 3 5523 8546 10295
3 1 2 5564 7357
3 1 5 5579 8780 9211 9782 9809
3 1 2 7016 10175
3 1 2 9842 10006
2 6
3 1 3 165 822 10063
3 1 21 214 303 1448 1519 4421 5597 6357 6402 7179 7805 7933 8035 8717 8993 9081 9735 9850 9892 9955 10160 10276
3 1 2 3034 8589
3 1 2 7246 9812
3 1 3 7386 9521 10193
3 1 2 7642 9705
2 1 3 202 4802 7540
2 1 2 283 10098
2 3
3 1 4 371 5063 9149 9909
3 1 8 3079 3260 4647 8489 8899 9646 9647 9682
3 1 2 7429 9087
2 1 6 385 1468 7950 9170 9483 9578
2 18
3 1 3 460 5975 10254
3 1 3 573 9817 10182
3 1 4 2082 4673 7730 7752
3 1 3 2313 9101 9293
3 1 4 3038 6207 8905 9361
3 1 3 3509 7242 8480
3 1 3 3821 8593 9512
3 1 2 4405 9999
3 3
4 1 3 5103 8192 8949
4 1 3 5700 8367 8591
4 1 3 7352 8312 10221
3 1 4 5875 7766 8760 8797
3 2
4 1 4 5939 6133 7915 8294
4 1 2 6731 8325
3 2
4 1 2 6312 9205
4 1 3 7987 8331 9263
3 1 3 6507 8428 9019
3 1 2 7153 7990
3 2
4 1 4 7679 8517 8863 9471
4 1 2 7736 9753
3 1 3 8532 9253 9949
3 1 3 8663 10173 10239
3 2
4 1 4 8726 8943 9121 9790
4 1 2 9320 9810
2 5
3 1 3 470 8699 9050
3 1 2 521 1839
3 1 8 737 1345 1381 1859 1948 3323 4327 6981
3 1 8 5212 5810 7729 8460 9234 9674 9905 10278
3 1 2 8955 10009
2 2
3 1 2 557 9891
3 1 2 6754 9699
2 1 3 639 1479 9520
2 5
3 1 40 654 974 1043 1065 1818 2258 3035 3828 3889 4368 4373 4989 5809 6041 6075 6271 7117 7180 7206 7269 7625 7974 8370 8439 8446 8667 8692 9408 9441 9460 9500 9581 9587 9662 9769 9927 10075 10091 10150 10291
3 1 2 9462 9703
3 1 2 9584 10132
3 1 2 9795 9994
3 1 2 9903 10258
2 3
3 1 50 742 1060 1105 1139 2126 3000 3375 3484 4307 5113 5558 5691 5694 5963 6039 6401 6781 7097 7848 8206 8683 8685 8842 8907 8952 8953 9204 9301 9407 9465 9474 9527 9594 9713 9821 9879 9954 9976 9978 9979 9988 9990 10002 10143 10147 10184 10222 10289 10306 10308
3 1 2 9514 10134
3 1 2 10040 10257
2 1 2 758 2967
2 1 2 785 6823
2 1 2 812 4958
2 1 3 825 2730 7478
2 1 3 861 7963 9333
2 2
3 1 2 884 8021
3 1 2 8354 8703
2 1 4 902 7592 8392 10027
2 2
3 1 3 1023 9127 9959
3 1 2 1514 9153
2 1 81 1070 1112 2181 3685 3825 4244 4266 4337 4740 5886 6141 6160 6205 6310 6499 6879 7166 7311 7428 7482 7574 7710 8205 8318 8330 8404 8452 8639 8644 8719 8744 8756 8783 8830 8855 8939 8947 8985 8999 9015 9042 9053 9078 9094 9116 9134 9142 9143 9185 9187 9217 9292 9294 9337 9378 9381 9390 9405 9450 9486 9496 9567 9585 9614 9670 9671 9680 9697 9731 9766 9858 9862 9899 9931 9932 9953 9983 9992 10146 10196 10236
2 2
3 1 10 1250 4854 5511 7058 7559 8290 8499 8553 9107 9492
3 1 2 5432 9271
2 7
3 1 3 1330 8235 9716
3 1 31 1961 2383 3128 3843 5388 5649 6389 6408 7372 7759 7943 8106 8213 8438 8761 8802 9093 9146 9224 9373 9399 9420 9611 9622 9687 9726 9728 9767 9911 10185 10269
3 1 4 3753 4409 5148 8770
3 1 2 5128 9750
3 1 2 7090 9418
3 1 4 8730 9021 9139 9952
3 1 2 9334 9947
2 1 4 1462 2727 4483 8558
2 3
3 1 2 1641 9688
3 1 3 5676 8178 9023
3 1 2 9006 9065
2 3
3 1 2 1862 9241
3 1 8 3841 4075 5486 6121 7294 7771 9625 10165
3 1 2 4357 10055
2 2
3 1 62 1964 2812 3504 3802 4670 4680 5327 5667 5682 6584 6842 6928 7608 7819 7884 7992 8057 8118 8194 8199 8291 8349 8471 8550 8575 8596 8606 8641 8697 8704 8765 8787 8792 8831 8858 8891 8912 9111 9242 9256 9277 9377 9385 9395 9406 9425 9677 9714 9724 9730 9756 9851 9929 9950 9962 9974 10008 10079 10111 10198 10245 10273
3 1 2 8652 8773
2 6
3 1 2 2097 7725
3 2
4 1 3 2498 3757 4486
4 1 2 5961 6574
3 2
4 1 2 3593 6110
4 1 2 6189 8752
3 1 5 4481 8463 8536 9335 9493
3 1 2 6399 8622
3 1 2 6609 9108
2 2
3 1 7 2102 7762 7875 8957 9755 9834 10215
3 1 2 9481 9583
2 1 3 2291 4650 5766
2 1 7 2359 2901 3073 5953 6520 8972 8974
2 2
3 1 3 2416 9721 9922
3 1 2 7873 7938
2 1 10 2462 5971 6470 7953 9132 9175 9208 9476 9885 10116
2 6
3 1 3 2557 7290 8997
3 1 5 3308 4257 5909 7983 9895
3 2
4 1 2 4172 10029
4 1 2 9526 9747
3 2
4 1 3 5630 9820 10113
4 1 2 9695 9906
3 1 3 8677 9663 10071
3 1 2 9605 9939
2 1 2 2590 7601
2 1 4 2593 8580 9273 10156
2 1 2 2688 4977
2 7
3 1 2 2907 10083
3 1 3 6004 8883 9391
3 1 3 6476 8789 10192
3 1 3 7442 8061 9156
3 2
4 1 2 8133 8208
4 1 2 8384 8539
3 1 2 8410 8834
3 1 3 8799 9226 9554
2 1 2 3498 9443
2 1 2 3684 8655
2 1 3 3726 6626 9528
2 1 2 3879 9034
2 1 3 3934 9778 10023
2 1 4 4198 9030 9424 9428
2 1 8 4679 6870 7459 10001 10154 10210 10213 10214
2 1 3 4692 5776 6490
2 4
3 1 2 4830 9865
3 1 2 6083 9133
3 1 3 6253 7366 8196
3 1 3 6718 8348 10197
2 1 8 5023 6683 8934 9178 9455 9458 9504 9816
2 1 4 5108 5194 7443 9610
2 1 3 5123 8280 9350
2 1 2 5132 10121
2 1 3 5261 9945 10020
2 1 4 5527 8965 9209 9718
2 1 4 5753 8218 9433 9602
2 1 3 5816 5903 9651
2 1 7 5945 6807 9509 9901 10077 10235 10302
2 1 2 5998 9177
2 1 2 6583 8062
2 1 4 6798 8226 8709 9888
2 1 3 6866 9163 9240
2 1 4 6983 8800 9342 9635
2 1 2 6995 9082
2 1 2 7286 9501
2 1 2 7289 8772
2 1 2 7299 9702
2 3
3 1 2 7399 9948
3 1 3 8931 9838 10031
3 1 3 9070 9190 9881
2 1 2 7412 9110
2 1 3 7475 9162 9264
2 1 2 7484 9002
2 1 2 7517 9969
2 1 3 7537 8884 9017
2 1 3 7581 9924 10190
2 1 2 7638 8827
2 1 2 7659 10046
2 1 2 7712 10187
2 1 2 7845 8933
2 2
3 1 3 7980 8007 9546
3 1 2 9235 9623
2 1 4 8231 8565 9008 9429
2 2
3 1 2 8390 9511
3 1 2 8584 9468
2 1 2 8402 8873
2 1 4 8413 8979 9041 9059
2 1 3 8492 9813 10054
2 1 3 8501 8595 8712
2 1 2 8504 9920
2 1 2 8511 8779
2 1 2 8757 9811
2 1 3 8806 8984 9022
2 1 2 8881 8990
2 1 3 9488 9852 10114
2 1 2 9506 9590
2 1 3 9552 9617 9712
2 1 2 9986 10004
1 15
2 1 5 12 1610 4764 7154 7620
2 1 6 43 3737 6047 7250 7370 7918
2 1 5 50 2899 4718 5757 9024
2 1 5 168 3938 7622 7788 8046
2 1 4 183 5725 7313 7433
2 3
3 1 4 574 2573 3037 4808
3 1 3 582 2341 3371
3 1 3 1015 2346 9268
2 1 5 717 3594 6035 7589 7858
2 1 5 765 1867 3950 5155 8423
2 2
3 1 2 919 5338
3 1 7 1797 1914 2977 3377 3746 4014 5300
2 2
3 1 2 1751 3518
3 1 4 2154 2282 5497 8969
2 1 3 1833 4191 5487
2 3
3 1 3 2750 2961 5774
3 1 2 2892 8721
3 1 2 4861 5418
2 1 2 3552 4017
2 1 2 3844 5273
2 1 3 7851 7914 8249
1 101
2 40
3 1 7 23 1966 2515 4410 4804 5641 6861
3 1 5 212 486 1842 5616 5898
3 1 5 243 5860 6452 6537 7606
3 4
4 2
5 1 3 260 7649 9144
5 1 4 4852 5344 5380 6636
4 2
5 1 2 1516 1721
5 1 3 2232 4724 6535
4 2
5 1 2 2231 2990
5 1 2 6538 7523
4 2
5 1 3 2627 4399 6484
5 1 2 5811 6822
3 2
4 1 2 440 2910
4 1 3 1591 4040 4063
3 1 4 726 5713 6215 7064
3 3
4 1 2 834 5287
4 1 4 2659 3320 5274 5326
4 1 2 6801 7305
3 2
4 1 3 887 6586 7854
4 1 3 5459 6480 7387
3 3
4 1 5 1203 2449 2818 3284 6440
4 1 3 1517 2643 3347
4 2
5 1 3 2686 2746 3801
5 1 2 3316 3604
3 1 2 1653 4973
3 1 4 1672 6013 7774 7796
3 2
4 1 2 1913 6716
4 1 3 2461 2719 6086
3 1 4 2139 3255 4669 4676
3 1 4 2854 3402 6526 6651
3 1 4 2865 6479 6763 7083
3 1 4 3092 5689 6431 7283
3 1 3 3380 7182 7473
3 1 3 3457 3583 3698
3 2
4 1 2 3666 8661
4 1 2 5042 5762
3 2
4 1 2 3916 7409
4 1 3 6582 7252 7688
3 1 2 4027 6745
3 3
4 1 3 4104 5697 7477
4 1 2 4622 7582
4 1 2 6472 6495
3 1 3 4471 6247 6437
3 1 6 4507 5698 6007 6522 9593 9936
3 1 2 5036 7263
3 2
4 1 2 5118 6705
4 1 3 6438 6455 7247
3 2
4 1 4 5440 6799 7057 7595
4 1 4 6571 6676 8740 8833
3 1 2 5485 6874
3 1 3 5625 5635 6672
3 2
4 1 2 5890 6417
4 1 2 6223 6302
3 2
4 2
5 1 2 5910 6068
5 1 2 6003 6377
4 1 3 6592 6653 7040
3 1 3 6334 7107 7205
3 1 2 6436 7222
3 1 2 6447 6496
3 1 3 6471 6485 6686
3 1 3 6863 7509 7542
3 1 2 6868 6903
3 1 2 7281 7516
3 1 2 7349 7499
3 1 2 8048 8478
2 59
3 1 10 34 4185 4429 4688 4782 5106 5351 5620 5704 6264
3 1 4 88 3025 5117 6810
3 7
4 2
5 1 2 92 4504
5 1 4 1216 3312 5318 5545
4 3
5 1 2 2819 5973
5 1 2 2829 4786
5 1 2 5717 5819
4 2
5 1 4 4419 4539 4583 5829
5 1 2 5944 6511
4 2
5 1 3 5084 5439 6308
5 1 2 5806 6562
4 3
5 1 2 5247 5988
5 1 2 5363 6011
5 1 2 5685 6037
4 2
5 1 3 5271 5769 6119
5 1 2 5715 5818
4 2
5 1 2 5651 7077
5 1 2 5794 6010
3 1 7 134 4164 4791 4836 5298 6073 6433
3 12
4 1 2 142 5257
4 1 3 579 4881 5232
4 1 8 714 1743 4497 4668 5530 5728 6301 6333
4 2
5 1 3 1132 4054 5328
5 1 4 2619 6018 6113 6375
4 1 3 2745 5622 6120
4 1 3 4071 5993 6090
4 1 2 4531 6738
4 1 2 4664 6030
4 1 2 4788 5786
4 1 3 5183 5474 5633
4 1 4 5209 5315 5321 5830
4 1 2 5447 5712
3 5
4 1 3 185 1791 6379
4 1 2 3071 4142
4 1 3 4798 4988 6331
4 1 2 5145 5562
4 1 3 5253 5571 7467
3 1 4 190 4763 4858 6468
3 1 2 211 6541
3 1 6 280 5026 5560 6163 6288 6366
3 10
4 1 2 329 6656
4 2
5 1 4 609 3939 6066 6458
5 1 3 2180 4188 5533
4 1 2 2100 3067
4 1 2 3139 6240
4 2
5 1 2 3265 6015
5 1 2 5426 6726
4 1 6 3460 4963 5515 6281 6421 6465
4 2
5 1 2 4412 5911
5 1 4 5626 5879 6219 6659
4 1 2 4991 5937
4 1 2 5018 6294
4 1 2 6248 6381
3 1 2 583 7025
3 1 11 635 3592 4378 4441 4930 5406 5678 5729 6419 6679 6873
3 1 4 658 3220 5637 5687
3 7
4 1 2 676 5320
4 1 2 805 5983
4 1 3 808 1100 7085
4 1 6 3042 5507 5707 6872 7191 7297
4 1 4 5266 6395 6758 6782
4 1 2 5595 6396
4 1 3 5862 6001 6211
3 1 4 920 4030 5553 5612
3 1 4 1102 4085 4660 6838
3 4
4 2
5 1 2 1182 4944
5 1 2 5137 5465
4 1 2 2381 6688
4 1 3 3022 5208 5504
4 1 3 6700 6832 6859
3 1 3 1214 3739 4082
3 1 6 1359 3131 4842 5359 5503 6710
3 2
4 1 7 1840 3290 5095 5551 5680 6168 6409
4 1 2 4709 5525
3 1 4 1865 6139 6403 7580
3 1 3 2040 5541 6536
3 1 5 2116 3981 5668 6134 7403
3 1 2 2123 5703
3 1 2 2306 5423
3 1 4 2352 6956 7358 7394
3 1 4 2398 5735 5800 6056
3 1 3 2475 5400 5767
3 4
4 1 2 3244 5842
4 1 3 5373 5569 6827
4 1 2 5631 6245
4 1 3 5888 6208 6236
3 1 2 3321 6152
3 1 6 3376 5451 5629 6002 6242 6857
3 1 3 3853 5308 6623
3 1 3 4338 6469 6621
3 2
4 1 2 4377 6423
4 1 2 5379 5652
3 2
4 1 3 4442 5275 6233
4 1 5 4865 5178 5958 5966 6249
3 1 3 4537 4778 5732
3 1 3 4667 5761 7142
3 1 3 4785 5969 6116
3 1 3 4863 6268 6279
3 1 3 4887 5928 6789
3 1 2 4935 6425
3 1 3 4968 5644 5865
3 1 3 4997 5434 6235
3 1 3 5003 5660 6061
3 1 4 5069 5825 6064 6161
3 1 3 5309 5609 5882
3 4
4 1 2 5310 6323
4 1 2 5788 6493
4 1 3 6053 6155 6939
4 1 2 6321 6498
3 1 3 5381 6213 6371
3 1 3 5489 6743 7237
3 1 2 5773 6260
3 1 3 5840 5906 6269
3 1 2 5858 6646
3 1 2 5933 6581
3 1 7 6025 6257 6834 6931 6987 7039 7156
3 1 2 6062 6111
3 1 2 6250 6254
3 1 3 6360 6772 6943
3 1 2 6589 6937
3 1 3 6936 7369 7384
2 41
3 5
4 3
5 1 2 39 6427
5 1 3 621 4251 6577
5 1 2 6259 6545
4 2
5 1 2 816 5915
5 1 2 5711 6723
4 2
5 1 2 1955 7500
5 1 4 3174 3471 3796 4023
4 1 3 2350 5771 6362
4 2
5 1 3 4260 4784 5926
5 1 3 4614 5164 5592
3 7
4 1 2 135 4313
4 1 2 649 1998
4 1 3 859 2624 6728
4 1 4 967 3187 5342 7146
4 1 2 4742 6985
4 1 2 5854 6895
4 1 3 7362 7636 7859
3 3
4 1 2 166 5852
4 1 2 3703 5014
4 1 2 5827 5936
3 3
4 1 2 238 2720
4 1 2 6576 7450
4 1 2 6990 8012
3 6
4 1 3 274 4422 4479
4 1 3 651 5193 5514
4 2
5 1 2 923 5195
5 1 2 5163 5189
4 1 3 4891 5606 6337
4 1 2 5150 5293
4 1 2 5623 6307
3 10
4 1 5 294 357 4637 5572 6643
4 1 2 597 5654
4 1 3 879 4154 5870
4 1 2 2512 5614
4 1 3 3110 5844 6553
4 1 2 3222 6843
4 1 3 3322 5329 7456
4 1 2 4511 6217
4 1 2 4905 5823
4 1 3 5835 5916 6744
3 3
4 1 4 305 4731 6369 6601
4 1 5 425 2615 6459 7049 7416
4 1 4 3966 5286 5932 6218
3 2
4 1 2 319 5000
4 1 3 5602 7192 7375
3 1 9 503 2565 3146 4604 5859 6378 6483 6882 6913
3 8
4 2
5 1 3 543 5002 5749
5 1 2 2823 3926
4 3
5 1 6 630 6453 6546 6704 7035 7436
5 1 6 4124 6600 6766 6885 7331 7562
5 1 2 6884 7319
4 2
5 1 3 2177 4621 5526
5 1 3 4153 6158 6367
4 2
5 1 4 2402 4342 6298 7367
5 1 2 5742 5750
4 1 2 3424 7885
4 1 2 4734 5175
4 1 2 4902 7709
4 1 4 5817 6225 6430 6917
3 3
4 1 3 564 625 4814
4 1 3 2918 5226 5395
4 1 3 4474 5360 5546
3 5
4 2
5 1 3 640 3774 6900
5 1 2 5688 6835
4 1 5 675 2621 5074 6311 6961
4 1 2 1614 4781
4 1 2 2143 6251
4 1 2 6177 6617
3 3
4 1 4 724 5020 5142 5730
4 1 2 3295 7913
4 1 3 4535 5008 5332
3 2
4 1 3 903 5198 5920
4 1 3 1218 3086 5301
3 1 2 1938 4151
3 2
4 1 3 2088 6713 6793
4 1 2 4131 6374
3 1 6 2157 3077 4738 5478 6618 6821
3 1 3 2464 5900 6850
3 1 2 3060 6938
3 1 3 3112 6516 7539
3 1 5 3293 4466 5218 6332 6687
3 2
4 1 2 3366 6473
4 1 3 3700 5979 7359
3 1 3 3500 3740 3868
3 1 2 3650 7663
3 1 5 3670 6847 7024 7325 7481
3 2
4 1 2 3793 7093
4 1 2 5779 5850
3 2
4 1 4 3805 3852 5305 5927
4 1 3 6622 6855 7031
3 1 3 3924 7549 7573
3 2
4 1 6 4118 4459 5624 6021 6432 6779
4 1 2 5022 7654
3 1 2 4633 6149
3 1 3 4723 6795 7308
3 1 3 4737 4962 5156
3 4
4 1 2 4747 5741
4 1 2 5214 5296
4 1 2 5246 6837
4 1 2 6641 7190
3 2
4 1 2 4777 6557
4 1 3 7234 7332 7760
3 1 3 4797 6325 6330
3 1 7 5368 5548 5556 5967 6195 6370 6555
3 1 2 5500 7266
3 1 2 5501 5864
3 1 3 5982 7211 7749
3 1 3 6539 6570 7114
3 1 2 6922 7102
2 1 14 44 5356 5430 5484 5554 5782 6255 6737 6742 7009 7390 7437 7732 7882
2 60
3 1 98 46 86 120 396 669 692 781 800 1036 1634 1732 1759 1954 2488 2577 2683 3090 3148 3207 3234 3480 3486 3571 3818 3875 4050 4102 4165 4528 4708 4761 4938 4952 5032 5099 5242 5352 5446 5518 5578 5653 5878 6038 6192 6300 6448 6585 6662 6844 6878 7012 7030 7032 7043 7084 7087 7101 7134 7181 7183 7226 7243 7262 7300 7373 7446 7502 7557 7588 7617 7671 7687 7697 7783 7803 7811 7844 7909 8027 8038 8114 8131 8163 8216 8257 8271 8322 8326 8362 8388 8419 8466 8545 8775 8848 8874 9410 9918
3 1 48 95 175 1238 4274 5062 5472 5828 6185 7163 7208 7220 7235 7257 7285 7320 7381 7383 7449 7464 7504 7587 7602 7668 7685 7767 7801 7838 7871 7899 7919 8040 8100 8136 8172 8251 8254 8266 8293 8296 8332 8341 8453 8454 8766 9012 9112 9409 9944
3 1 106 105 254 259 296 331 472 494 671 786 1008 1094 1149 1287 1420 1675 1805 2301 2365 2395 2469 2517 2529 2561 3175 3183 3235 3315 3412 3421 3468 3633 3754 3768 3790 3860 4024 4117 4134 4144 4160 4205 4308 4382 4402 4482 4533 4615 4717 4753 4790 4833 4849 4932 4948 5035 5177 5311 5372 5444 5600 5669 5815 5913 6023 6222 6232 6494 6587 6673 6836 6865 6918 6967 7052 7088 7118 7127 7157 7193 7258 7293 7296 7322 7329 7382 7396 7480 7506 7577 7599 7648 7670 7704 7763 7782 7785 7812 7831 7869 7927 7962 8008 8109 8159 8259 8278
3 1 3 107 4470 6909
3 1 93 156 354 1344 1898 2212 2763 2837 2904 3056 3374 3395 3551 3572 3975 3991 4233 4258 4428 4438 4513 4687 5001 5223 5361 5516 5582 5604 5770 5831 6031 6096 6122 6179 6315 6414 6563 6654 6722 6765 6786 6889 6898 6925 6991 6993 7034 7067 7069 7112 7115 7136 7147 7178 7249 7254 7260 7310 7317 7341 7512 7593 7669 7698 7740 7770 7810 7817 7827 7876 7879 7936 8005 8039 8077 8105 8128 8144 8156 8179 8183 8255 8285 8289 8313 8338 8365 8406 8462 8513 8541 8574 8868 8870
3 1 73 196 321 433 572 691 1069 1128 1338 1642 2092 2401 3587 4006 5094 5228 5585 5634 5985 6069 6123 6324 6528 6610 6661 6730 6740 6813 6854 6912 6952 6958 6975 6992 6999 7019 7046 7080 7106 7116 7160 7203 7224 7230 7244 7284 7315 7336 7397 7474 7535 7590 7641 7674 7738 7769 7776 7834 7839 7846 7897 8020 8099 8127 8181 8237 8265 8286 8300 8335 8409 8467 9040 9212
3 1 2 298 4379
3 1 2 361 6923
3 1 2 454 7892
3 1 2 455 6297
3 1 2 540 8122
3 1 2 562 6950
3 1 2 588 9740
3 1 3 606 4161 8175
3 1 2 719 4954
3 1 4 1357 7745 7799 8548
3 1 2 1535 7225
3 1 3 1561 7348 7413
3 1 2 1618 6978
3 1 3 2136 8065 8157
3 1 2 2196 7089
3 1 2 2822 5182
3 1 2 2916 4837
3 1 3 3351 7061 8204
3 1 2 3779 7129
3 1 2 3896 7575
3 1 66 3982 4619 4651 5502 5618 5692 5821 5995 6136 6137 6449 6510 6627 6631 6675 6875 6940 7026 7054 7079 7082 7113 7133 7158 7161 7194 7210 7228 7245 7298 7318 7347 7445 7447 7533 7558 7609 7637 7672 7696 7773 7807 7837 7866 7870 7932 8037 8097 8124 8141 8168 8246 8260 8288 8297 8333 8369 8374 8447 8468 8605 8737 8820 8869 8900 9167
3 2
4 1 3 4329 6784 8350
4 1 2 6318 7722
3 1 2 4476 4662
3 1 2 4828 6143
3 1 2 4910 9877
3 1 3 5034 6677 6833
3 1 2 5038 7162
3 1 3 5071 6529 8304
3 1 4 5468 6238 7201 7971
3 1 2 5491 6732
3 1 2 5535 5801
3 1 2 5603 6971
3 1 2 5632 5723
3 1 2 5661 7255
3 1 3 5686 6353 7350
3 1 2 5814 6503
3 1 3 5959 7062 8396
3 1 4 5977 6655 6800 6944
3 1 2 6182 7239
3 1 3 6442 7171 7463
3 1 2 6454 6544
3 1 2 6457 6805
3 1 2 6719 7132
3 1 2 6755 7934
3 1 3 6819 6946 7452
3 1 4 6888 7041 7335 7343
3 1 2 7081 8281
3 1 4 7104 7364 7368 7371
3 1 2 7152 7511
3 1 2 7185 7830
3 1 2 7199 7328
3 1 3 7306 8267 8352
3 1 2 7339 7360
3 1 2 7686 8222
2 1 28 56 2513 3516 4657 4733 5110 5441 5902 6060 6147 6283 6319 6497 6578 6607 6739 6851 7111 7144 7209 7275 7276 7402 7408 7462 7984 9737 9781
2 3
3 1 60 73 567 867 897 958 1168 1512 1582 1851 1925 2316 2519 2585 2628 3031 3111 3368 3462 3566 3961 4187 4207 4385 4434 4451 4868 5073 5149 5187 5267 5289 5399 5550 5659 5718 6320 6530 6593 6846 7000 7011 7103 7496 7569 7723 7751 7820 7824 7890 7942 7976 7979 8006 8009 8011 8068 8107 8201 8215 8269
3 1 2 2761 3218
3 1 3 3393 5589 6117
2 1 4 100 5561 6400 6598
2 1 3 131 7063 8058
2 3
3 1 26 132 1196 1457 2476 2680 2828 2931 3151 3188 3252 3344 3401 3813 3829 4262 4880 4928 5216 5429 5590 5755 6383 6405 7457 7518 8694
3 1 3 3869 4721 8248
3 1 2 4576 6840
2 2
3 1 17 136 393 430 2591 2740 2800 3455 5968 6036 6751 7070 7071 7268 7280 7815 8103 9757
3 1 2 744 6354
2 1 3 154 426 7010
2 1 7 170 253 3517 3758 5215 5421 5674
2 1 3 179 2057 6560
2 13
3 1 3 195 864 3238
3 2
4 2
5 1 2 271 1080
5 1 2 2734 4903
4 1 4 548 3776 3873 5943
3 1 3 316 1294 3824
3 2
4 1 4 410 6830 7765 8530
4 1 3 5726 6166 7240
3 1 4 641 3748 6796 7042
3 2
4 1 4 716 1306 6881 8137
4 1 3 2825 4032 4103
3 3
4 1 3 956 2470 2702
4 1 3 1444 2689 5892
4 1 3 3301 3474 6803
3 3
4 1 2 1863 3856
4 1 4 2294 4248 5157 5251
4 1 3 3797 4090 4805
3 1 3 3196 4710 6660
3 1 3 4518 6416 6904
3 2
4 1 2 5466 7334
4 1 2 5908 6210
3 1 2 5706 5887
3 1 2 6525 7015
2 2
3 1 4 226 2670 6989 7728
3 1 3 5891 6860 7995
2 5
3 2
4 1 3 242 918 7013
4 1 3 6773 6853 7109
3 1 3 4380 5341 6976
3 1 6 4389 5112 6188 6426 6877 9738
3 1 3 4449 6869 7521
3 1 5 6317 6721 6733 7321 8573
2 1 58 263 337 607 626 1004 1087 1225 3180 3382 3435 3846 4201 4272 4372 4570 4627 4799 4981 5377 5391 5480 5488 5520 5583 5593 5765 5843 6009 6017 6049 6078 6109 6265 6615 6775 6856 6864 6920 7036 7520 7554 7676 7724 7733 7742 7822 7825 7906 7917 7959 8034 8167 8200 8307 8320 8700 9274 9972
2 1 4 264 1690 4167 6305
2 6
3 1 38 269 311 688 721 939 1034 2221 2552 3165 3543 3691 3847 4211 4553 4655 4728 4838 5045 5097 5144 5233 5306 5403 5405 5407 5438 5531 5539 5744 5756 6313 6518 6699 6998 7635 7862 8060 8145
3 1 3 520 7028 7610
3 1 2 2331 7018
3 1 2 3300 5679
3 1 3 4956 5210 5355
3 2
4 1 2 5646 6014
4 1 2 6521 6692
2 3
3 1 3 304 4214 8232
3 2
4 1 3 442 5671 6428
4 1 2 5200 6780
3 1 2 6935 7351
2 2
3 1 4 351 2026 6596 7264
3 1 21 1429 1812 2368 2548 3905 4202 4305 4392 4965 4972 5089 5124 5386 5599 5681 5709 6517 6556 6970 7977 8018
2 4
3 1 7 356 6671 6696 6697 6698 6746 9151
3 1 5 398 5080 6797 6811 8086
3 1 2 5838 6603
3 1 2 6388 6501
2 1 4 391 5851 6342 7888
2 2
3 1 7 403 1232 2841 4616 4677 6239 7309
3 1 3 3420 5371 7553
2 2
3 1 16 407 1026 4381 4388 5747 6565 6612 6657 6818 7002 7119 7439 7453 7826 8166 8516
3 1 2 602 7656
2 5
3 2
4 1 2 427 3887
4 1 2 3655 5389
3 1 5 592 1301 4839 5105 5991
3 1 4 901 4691 6142 6165
3 1 2 1400 4282
3 1 3 4130 6080 6171
2 1 4 451 3861 3895 4611
2 1 13 477 700 1144 2642 3051 3437 3772 3957 6082 6157 6932 7653 7921
2 1 4 542 3759 4237 7529
2 1 3 575 852 5812
2 2
3 1 40 580 1083 2551 3579 3623 4415 4591 4923 5374 5517 5570 5752 5790 5795 5797 5805 5846 5847 5868 5948 5954 5965 6022 6132 6140 6212 6226 6275 6285 6293 6364 6384 6392 6420 6508 6559 6652 6668 6788 6825
3 1 2 6067 6488
2 1 4 620 3773 6336 8562
2 2
3 1 24 632 1993 2314 3318 4300 4319 4493 4845 4983 5349 5454 5532 6092 6725 7461 7527 7865 7910 7961 8801 9367 9596 9861 9882
3 1 2 6295 6957
2 1 14 634 4820 4882 5312 5464 5720 5934 6658 6727 7277 7829 7864 7868 7946
2 1 10 643 1687 5896 6027 6199 7044 7169 7900 7935 8664
2 1 8 847 1263 4066 4168 6214 6648 7138 7465
2 1 3 1296 5191 8342
2 1 2 1335 5733
2 1 2 1360 7259
2 2
3 1 2 1513 6665
3 1 3 5544 5987 7423
2 1 2 1691 4624
2 1 2 1695 7110
2 1 3 1768 4463 5670
2 2
3 1 3 1841 4967 7550
3 1 3 3546 4190 5952
2 3
3 1 3 1846 3690 5777
3 1 2 2971 6020
3 1 8 5382 6284 6638 6845 6941 7414 7487 7693
2 2
3 1 2 1858 5640
3 1 2 2203 6291
2 1 5 1934 2926 2989 4501 5181
2 1 14 2019 3274 4811 5059 5126 5758 5787 6085 6197 6341 6363 6588 7055 8582
2 1 4 2202 2508 7737 7809
2 1 2 2385 5081
2 1 5 2735 5225 6924 7048 7678
2 1 7 2852 3529 4355 4401 5957 6996 7411
2 2
3 1 2 2896 9404
3 1 2 5092 5611
2 1 2 3032 9016
2 1 3 3066 6619 7287
2 1 3 3070 5060 6594
2 1 12 3171 3601 3810 4404 4922 6180 6206 6649 6921 7261 7451 7692
2 5
3 1 2 3271 7316
3 1 3 4105 4998 7047
3 1 2 5997 6597
3 1 2 6632 7100
3 1 2 6749 7536
2 1 2 3305 4851
2 3
3 1 3 3386 6750 8851
3 1 2 4610 7543
3 1 4 7444 7454 7508 9195
2 1 4 3496 5412 6327 8339
2 1 2 3528 7095
2 1 8 3613 3702 5039 5452 5799 5849 6059 6802
2 1 3 3629 6131 6905
2 2
3 1 3 3635 5904 6764
3 1 2 6055 6606
2 1 18 3731 3970 4333 4847 5437 5647 5872 6040 6174 6234 6244 6303 6326 6387 6500 6890 6984 8987
2 1 9 3795 4793 5021 5436 6125 6579 7472 7479 7998
2 2
3 1 2 3900 6735
3 1 2 6450 6690
2 1 2 3908 5040
2 1 3 3932 5552 5793
2 1 3 3951 5808 6220
2 1 3 3984 5282 7307
2 4
3 1 2 4004 6127
3 2
4 1 2 4047 6101
4 1 2 5907 6224
3 1 2 4714 6100
3 1 3 7167 7747 7901
2 2
3 1 2 4073 4893
3 1 2 4430 7989
2 1 4 4216 5122 5648 5658
2 2
3 1 2 4350 6094
3 1 2 6896 6953
2 1 3 4365 4898 6373
2 1 3 4443 6339 6871
2 1 29 4464 5524 5873 6072 6076 6126 6191 6196 6246 6277 6280 6306 6309 6328 6329 6338 6407 6568 6624 6628 6694 6908 7045 7598 7756 7758 8096 8188 8393
2 1 2 4515 6988
2 2
3 1 2 4618 4711
3 1 2 6814 7159
2 1 4 4645 5101 5565 6446
2 1 2 4703 6361
2 3
3 1 4 4769 5608 6167 6460
3 1 3 5483 5588 7241
3 1 2 5941 6951
2 1 4 4776 5877 6184 7196
2 1 3 5270 6929 6948
2 1 2 5383 6118
2 1 3 5607 6482 8561
2 1 2 5796 6645
2 1 2 5798 5820
2 1 2 5845 6515
2 1 2 6016 6203
2 1 4 6048 6287 7303 8193
2 1 2 6108 7419
2 1 3 6159 6669 8160
2 1 2 6335 9416
2 1 2 6561 9164
2 1 3 6693 6911 7883
2 1 3 7418 7551 7614
2 1 2 7612 8212
1 44
2 1 3 37 8743 9719
2 11
3 4
4 1 3 93 8344 8385
4 1 5 2275 8241 8244 8283 8705
4 1 2 6960 7695
4 1 2 7091 8434
3 3
4 1 2 420 6969
4 1 4 6051 7546 7662 7860
4 1 3 6216 6849 7777
3 3
4 1 2 478 9779
4 1 2 8132 9759
4 1 2 8846 9394
3 3
4 1 4 596 2164 6130 9831
4 1 3 4601 5636 8515
4 2
5 1 2 8525 8805
5 1 2 8635 9572
3 1 3 838 8651 9628
3 2
4 1 3 2215 3953 4345
4 1 4 2597 3532 4906 6816
3 2
4 1 3 2363 5324 5861
4 1 4 3581 5027 6074 7377
3 1 4 2851 5857 8184 8496
3 1 4 3478 7881 8130 9659
3 1 3 4330 6591 9118
3 3
4 1 2 4446 7621
4 1 3 4485 6201 6463
4 1 2 4572 6289
2 1 87 111 176 545 755 821 908 1022 1039 1187 1931 2007 2118 2223 2334 2491 2626 2869 2917 3467 4133 4179 4478 5537 6135 6263 6540 6590 7001 7050 7256 7288 7324 7363 7395 7405 7435 7460 7468 7492 7510 7513 7555 7677 7746 7754 7772 7957 8084 8101 8162 8220 8408 8464 8507 8566 8617 8673 8679 8748 8810 8829 8879 8896 9000 9027 9080 9085 9252 9267 9270 9276 9281 9316 9393 9414 9543 9592 9598 9686 9760 9787 10050 10051 10159 10188 10217 10277
2 2
3 1 4 256 3620 4065 8742
3 1 2 368 10170
2 1 30 292 2235 6352 8277 8807 8841 8859 8866 8875 8906 8908 9095 9176 9189 9200 9213 9222 9228 9243 9249 9250 9261 9330 9364 9445 9513 9523 9553 9615 9742
2 1 2 408 3404
2 1 3 598 4468 5033
2 3
3 1 12 599 746 3881 4671 5348 5354 7818 7956 7967 7969 8198 8474
3 1 3 823 2014 2925
3 1 6 1986 2236 2296 2986 3989 4193
2 1 16 612 680 1834 2025 2572 3076 3477 4915 5304 5385 5549 5764 5894 6729 6809 6867
2 2
3 1 3 809 3732 4453
3 1 3 2948 4787 8660
2 1 18 848 946 1027 1095 1662 1922 2029 2044 2172 2599 2690 4304 4775 5116 5133 5450 5591 5905
2 2
3 1 4 873 3918 5119 6091
3 1 6 6397 8839 8928 9640 9689 10059
2 4
3 1 2 1031 2053
3 1 2 4194 6769
3 1 2 6695 8959
3 1 2 8554 8710
2 1 15 1032 1866 5314 5340 5999 6252 7572 8001 8036 8173 8624 8794 9422 9571 9836
2 1 7 1045 1771 2691 2816 3009 3688 4684
2 1 8 1106 3784 5563 6771 8502 8976 9331 9741
2 1 5 1138 5619 9467 10065 10241
2 2
3 1 3 1158 6084 6614
3 1 2 5639 6666
2 1 3 1320 2473 5521
2 1 2 1418 9114
2 2
3 1 2 1532 6502
3 1 2 3364 4394
2 1 3 1745 9218 9362
2 1 5 2066 2434 2903 6509 7702
2 2
3 1 2 2109 6724
3 1 2 6444 8045
2 2
3 1 2 2140 8776
3 1 2 4116 8391
2 1 6 2192 3114 3630 4899 5294 6787
2 1 3 2432 3392 4125
2 1 3 2582 3277 4556
2 2
3 1 2 2696 5980
3 1 3 5131 5540 5781
2 2
3 1 2 2803 8633
3 1 2 6947 8371
2 1 2 3190 8050
2 1 6 3266 3760 4135 4876 5220 6209
2 1 2 3363 5256
2 1 6 3714 4536 4545 5610 7615 8202
2 1 5 3808 5048 5470 5719 5970
2 1 2 4109 10261
2 4
3 1 4 4228 5837 6358 8123
3 1 3 5642 6608 8706
3 2
4 1 2 6886 8970
4 1 2 7715 8033
3 1 3 7004 7213 8000
2 1 5 4672 5710 6258 6770 7458
2 1 2 4768 10240
2 1 2 6006 7718
2 2
3 1 2 6103 6524
3 1 2 6907 7531
2 1 2 6774 10157
2 1 2 8613 9048
2 1 3 9168 10195 10209
1 5
2 1 10 97 2894 3789 3848 3943 4396 4656 5161 5250 5536
2 1 3 352 4074 6466
2 1 3 734 4752 7768
2 1 11 1055 2093 2538 3099 3214 3340 3711 3964 4236 5083 5442
2 1 2 4794 4945
1 8
2 2
3 1 3 98 116 6227
3 1 3 2887 3940 7675
2 1 4 251 1411 9166 9487
2 1 3 560 753 4783
2 1 11 679 973 2330 3929 5058 5135 5807 6422 7312 9307 9966
2 3
3 1 3 698 5365 5924
3 1 2 1334 8080
3 1 2 6630 7645
2 2
3 1 2 1811 2594
3 1 3 2790 3328 3735
2 1 4 3006 3671 4743 5277
2 1 2 4779 6441
1 2
2 1 2 143 2085
2 1 2 2293 3573
1 1 2 349 3834
1 3
2 1 2 388 8310
2 1 2 506 624
2 1 2 844 937
1 1 2 402 3933
1 1 2 647 8182
1 1 3 1538 7604 7802
1 1 3 2379 5417 10279
1 1 6 3679 4739 5976 6164 7125 8049
1 1 3 5650 6350 10230
1 1 2 7843 8569
1 1 2 9579 9597
