0 6
1 12
2 12
3 12
4 34
5 37
6 37
7 42
8 42
9 42
10 42
11 42
12 1
13 61
14 1
15 59
16 69
17 29
18 62
19 62
20 62
21 1
22 40
23 49
24 32
25 33
26 49
27 1
28 33
29 27
30 45
31 63
32 10
33 45
34 47
35 41
36 8
37 23
38 23
39 16
40 23
41 20
42 62
43 22
44 23
45 42
46 23
47 4
48 62
49 65
50 29
51 50
52 58
53 1
54 48
55 5
56 48
57 75
58 75
59 26
60 12
61 12
62 12
63 12
64 12
65 12
66 12
67 32
68 53
69 55
70 18
71 49
72 55
73 32
74 63
75 32
76 55
77 55
78 55
79 55
80 55
81 63
82 29
83 29
84 29
85 29
86 29
87 29
88 29
89 32
90 56
91 32
92 34
93 12
94 12
95 51
96 38
97 13
98 38
99 70
100 70
101 38
102 48
103 48
104 48
105 37
106 30
107 17
108 50
109 50
110 50
111 26
112 29
113 37
114 37
115 37
116 62
117 22
118 34
119 30
120 17
121 8
122 8
123 8
124 57
125 73
126 17
127 49
128 49
129 29
130 65
131 4
132 17
133 62
134 20
135 30
136 6
137 41
138 48
139 41
140 60
141 13
142 21
143 15
144 29
145 29
146 29
147 17
148 44
149 75
150 41
151 44
152 41
153 28
154 12
155 22
156 12
157 12
158 12
159 29
160 12
161 22
162 12
163 29
164 42
165 63
166 50
167 6
168 48
169 65
170 27
171 10
172 63
173 10
174 63
175 1
176 30
177 42
178 61
179 42
180 32
181 42
182 42
183 23
184 23
185 23
186 8
187 57
188 57
189 57
190 37
191 38
192 37
193 17
194 23
195 44
196 6
197 44
198 18
199 41
200 17
201 73
202 60
203 37
204 23
205 28
206 28
207 39
208 32
209 39
210 1
211 15
212 39
213 42
214 42
215 42
216 42
217 63
218 63
219 10
220 27
221 63
222 63
223 63
224 63
225 63
226 75
227 28
228 41
229 41
230 6
231 41
232 50
233 50
234 50
235 26
236 55
237 75
238 54
239 54
240 18
241 32
242 33
243 34
244 69
245 32
246 12
247 63
248 10
249 10
250 10
251 10
252 10
253 10
254 10
255 10
256 10
257 10
258 10
259 10
260 10
261 10
262 10
263 10
264 10
265 10
266 10
267 10
268 10
269 10
270 10
271 10
272 10
273 10
274 10
275 10
276 10
277 10
278 10
279 10
280 10
281 10
282 10
283 10
284 10
285 10
286 10
287 23
288 23
289 23
290 23
291 23
292 42
293 61
294 15
295 41
296 5
297 48
298 4
299 16
300 53
301 29
302 34
303 61
304 42
305 32
306 40
307 13
308 32
309 32
310 32
311 29
312 29
313 13
314 29
315 18
316 26
317 34
318 45
319 17
320 17
321 23
322 17
323 17
324 17
325 17
326 26
327 29
328 26
329 29
330 26
331 26
332 26
333 26
334 29
335 29
336 29
337 29
338 42
339 42
340 42
341 65
342 42
343 42
344 42
345 42
346 76
347 12
348 8
349 8
350 8
351 8
352 65
353 22
354 41
355 50
356 42
357 46
358 54
359 42
360 32
361 61
362 32
363 75
364 75
365 45
366 45
367 45
368 17
369 45
370 45
371 75
372 45
373 75
374 45
375 41
376 32
377 12
378 12
379 57
380 65
381 29
382 29
383 29
384 29
385 29
386 42
387 42
388 42
389 42
390 42
391 38
392 52
393 23
394 23
395 23
396 42
397 42
398 29
399 29
400 29
401 29
402 42
403 65
404 65
405 65
406 33
407 26
408 60
409 22
410 13
411 59
412 59
413 20
414 13
415 42
416 42
417 42
418 42
419 42
420 42
421 32
422 32
423 40
424 32
425 29
426 18
427 18
428 18
429 18
430 74
431 18
432 18
433 18
434 18
435 55
436 18
437 49
438 57
439 23
440 65
441 65
442 42
443 42
444 42
445 42
446 8
447 8
448 26
449 63
450 26
451 26
452 41
453 50
454 30
455 30
456 32
457 32
458 32
459 42
460 32
461 42
462 32
463 32
464 32
465 42
466 42
467 23
468 23
469 23
470 65
471 15
472 65
473 65
474 65
475 27
476 63
477 63
478 63
479 44
480 20
481 44
482 44
483 52
484 52
485 13
486 51
487 50
488 28
489 48
490 75
491 75
492 75
493 41
494 38
495 34
496 22
497 34
498 22
499 32
500 32
501 21
502 42
503 42
504 29
505 42
506 20
507 20
508 20
509 20
510 60
511 60
512 12
513 25
514 62
515 54
516 54
517 78
518 4
519 44
520 45
521 20
522 26
523 73
524 29
525 29
526 29
527 63
528 42
529 42
530 42
531 42
532 60
533 60
534 63
535 45
536 48
537 48
538 48
539 48
540 15
541 28
542 50
543 54
544 54
545 54
546 54
547 37
548 32
549 65
550 49
551 45
552 78
553 78
554 20
555 78
556 78
557 78
558 78
559 45
560 78
561 50
562 50
563 75
564 13
565 12
566 41
567 76
568 42
569 65
570 42
571 42
572 42
573 49
574 25
575 10
576 42
577 32
578 32
579 65
580 42
581 42
582 42
583 1
584 1
585 1
586 54
587 17
588 38
589 42
590 42
591 1
592 42
593 42
594 34
595 13
596 17
597 17
598 29
599 29
600 30
601 1
602 1
603 42
604 42
605 42
606 29
607 42
608 42
609 70
610 23
611 41
612 73
613 15
614 42
615 42
616 36
617 42
618 44
619 76
620 32
621 32
622 10
623 18
624 18
625 22
626 29
627 29
628 26
629 65
630 34
631 23
632 23
633 23
634 17
635 23
636 29
637 29
638 42
639 29
640 50
641 44
642 37
643 58
644 58
645 13
646 12
647 22
648 22
649 22
650 22
651 22
652 22
653 34
654 22
655 45
656 17
657 16
658 42
659 62
660 62
661 62
662 62
663 62
664 62
665 41
666 62
667 62
668 62
669 62
670 62
671 62
672 62
673 62
674 41
675 44
676 41
677 45
678 40
679 40
680 1
681 1
682 45
683 50
684 41
685 48
686 49
687 48
688 48
689 62
690 62
691 70
692 70
693 13
694 12
695 65
696 21
697 71
698 42
699 42
700 42
701 42
702 15
703 8
704 8
705 8
706 8
707 8
708 8
709 45
710 18
711 13
712 57
713 12
714 44
715 52
716 52
717 52
718 52
719 52
720 52
721 4
722 6
723 49
724 5
725 6
726 6
727 51
728 51
729 72
730 50
731 48
732 45
733 50
734 17
735 45
736 17
737 75
738 32
739 29
740 32
741 32
742 75
743 75
744 78
745 41
746 48
747 48
748 48
749 48
750 5
751 41
752 29
753 17
754 17
755 75
756 4
757 4
758 17
759 4
760 65
761 53
762 53
763 53
764 53
765 23
766 23
767 75
768 17
769 74
770 33
771 69
772 29
773 23
774 63
775 23
776 12
777 33
778 29
779 29
780 29
781 34
782 29
783 29
784 29
785 34
786 13
787 13
788 17
789 17
790 51
791 55
792 18
793 18
794 18
795 22
796 18
797 18
798 18
799 22
800 18
801 18
802 18
803 22
804 26
805 62
806 41
807 41
808 41
809 75
810 62
811 62
812 32
813 32
814 34
815 29
816 29
817 29
818 42
819 42
820 17
821 55
822 17
823 26
824 22
825 16
826 16
827 41
828 23
829 32
830 63
831 27
832 63
833 63
834 63
835 18
836 23
837 34
838 15
839 42
840 42
841 42
842 29
843 42
844 29
845 50
846 38
847 36
848 38
849 38
850 38
851 71
852 73
853 32
854 53
855 15
856 42
857 42
858 45
859 15
860 39
861 27
862 15
863 62
864 45
865 70
866 60
867 26
868 60
869 60
870 63
871 15
872 15
873 43
874 12
875 58
876 32
877 21
878 42
879 1
880 42
881 42
882 42
883 12
884 12
885 73
886 1
887 1
888 48
889 49
890 17
891 17
892 34
893 33
894 32
895 32
896 17
897 23
898 23
899 23
900 23
901 38
902 23
903 6
904 4
905 68
906 68
907 68
908 28
909 34
910 13
911 4
912 29
913 28
914 28
915 33
916 1
917 50
918 44
919 5
920 50
921 15
922 62
923 37
924 37
925 37
926 1
927 59
928 16
929 16
930 44
931 4
932 62
933 46
934 57
935 73
936 29
937 29
938 29
939 20
940 4
941 20
942 20
943 78
944 48
945 78
946 34
947 42
948 15
949 65
950 65
951 29
952 29
953 42
954 34
955 29
956 42
957 1
958 1
959 30
960 1
961 1
962 1
963 23
964 23
965 12
966 32
967 32
968 68
969 32
970 68
971 8
972 13
973 20
974 30
975 30
976 54
977 12
978 42
979 45
980 45
981 40
982 40
983 4
984 13
985 12
986 49
987 75
988 37
989 49
990 76
991 39
992 41
993 41
994 41
995 50
996 45
997 16
998 54
999 12
1000 20
1001 41
1002 48
1003 63
1004 67
1005 44
1006 43
1007 1
1008 54
1009 65
1010 43
1011 8
1012 48
1013 23
1014 29
1015 29
1016 29
1017 26
1018 12
1019 12
1020 42
1021 44
1022 44
1023 46
1024 32
1025 32
1026 45
1027 45
1028 50
1029 47
1030 57
1031 58
1032 32
1033 27
1034 60
1035 26
1036 17
1037 28
1038 12
1039 1
1040 1
1041 40
1042 40
1043 1
1044 12
1045 12
1046 17
1047 67
1048 55
1049 23
1050 28
1051 23
1052 23
1053 49
1054 49
1055 26
1056 38
1057 32
1058 26
1059 26
1060 5
1061 18
1062 26
1063 40
1064 18
1065 18
1066 18
1067 12
1068 12
1069 29
1070 12
1071 12
1072 12
1073 26
1074 60
1075 6
1076 50
1077 37
1078 38
1079 15
1080 49
1081 49
1082 48
1083 41
1084 12
1085 28
1086 28
1087 17
1088 23
1089 75
1090 42
1091 1
1092 23
1093 23
1094 72
1095 4
1096 1
1097 1
1098 26
1099 48
1100 48
1101 48
1102 8
1103 8
1104 4
1105 4
1106 45
1107 45
1108 43
1109 43
1110 43
1111 73
1112 44
1113 45
1114 48
1115 18
1116 49
1117 1
1118 1
1119 21
1120 42
1121 32
1122 21
1123 1
1124 28
1125 29
1126 29
1127 29
1128 29
1129 29
1130 18
1131 18
1132 18
1133 8
1134 8
1135 12
1136 12
1137 12
1138 12
1139 12
1140 10
1141 42
1142 42
1143 29
1144 42
1145 43
1146 18
1147 26
1148 1
1149 55
1150 55
1151 51
1152 49
1153 49
1154 49
1155 51
1156 32
1157 1
1158 54
1159 32
1160 38
1161 77
1162 45
1163 45
1164 28
1165 27
1166 45
1167 28
1168 45
1169 45
1170 45
1171 28
1172 45
1173 45
1174 28
1175 45
1176 23
1177 17
1178 54
1179 23
1180 17
1181 17
1182 45
1183 17
1184 16
1185 51
1186 8
1187 8
1188 12
1189 12
1190 1
1191 1
1192 37
1193 37
1194 73
1195 42
1196 17
1197 17
1198 34
1199 12
1200 48
1201 74
1202 74
1203 22
1204 26
1205 59
1206 59
1207 1
1208 59
1209 1
1210 1
1211 59
1212 1
1213 8
1214 8
1215 8
1216 8
1217 8
1218 23
1219 73
1220 20
1221 6
1222 6
1223 41
1224 6
1225 45
1226 78
1227 61
1228 4
1229 36
1230 29
1231 34
1232 34
1233 65
1234 34
1235 23
1236 23
1237 38
1238 8
1239 23
1240 17
1241 28
1242 28
1243 41
1244 62
1245 62
1246 48
1247 62
1248 17
1249 62
1250 63
1251 63
1252 30
1253 75
1254 1
1255 1
1256 21
1257 1
1258 33
1259 42
1260 34
1261 51
1262 41
1263 13
1264 29
1265 42
1266 30
1267 40
1268 30
1269 30
1270 23
1271 23
1272 29
1273 60
1274 48
1275 48
1276 15
1277 29
1278 17
1279 17
1280 17
1281 17
1282 17
1283 23
1284 45
1285 4
1286 52
1287 68
1288 68
1289 26
1290 58
1291 58
1292 10
1293 10
1294 52
1295 17
1296 28
1297 28
1298 28
1299 28
1300 62
1301 28
1302 8
1303 28
1304 62
1305 62
1306 62
1307 45
1308 6
1309 41
1310 41
1311 13
1312 38
1313 17
1314 75
1315 27
1316 27
1317 18
1318 22
1319 13
1320 13
1321 22
1322 29
1323 65
1324 16
1325 18
1326 47
1327 15
1328 27
1329 63
1330 39
1331 20
1332 75
1333 75
1334 75
1335 75
1336 16
1337 25
1338 25
1339 34
1340 51
1341 51
1342 39
1343 39
1344 39
1345 50
1346 16
1347 17
1348 45
1349 40
1350 29
1351 49
1352 49
1353 29
1354 65
1355 65
1356 15
1357 29
1358 29
1359 16
1360 1
1361 1
1362 1
1363 1
1364 1
1365 45
1366 30
1367 29
1368 29
1369 29
1370 29
1371 41
1372 41
1373 16
1374 49
1375 8
1376 29
1377 29
1378 45
1379 23
1380 42
1381 23
1382 64
1383 23
1384 16
1385 16
1386 8
1387 12
1388 26
1389 29
1390 8
1391 8
1392 56
1393 30
1394 63
1395 38
1396 38
1397 39
1398 28
1399 10
1400 32
1401 39
1402 65
1403 30
1404 68
1405 32
1406 61
1407 32
1408 45
1409 45
1410 45
1411 23
1412 23
1413 52
1414 6
1415 6
1416 52
1417 41
1418 52
1419 52
1420 16
1421 42
1422 23
1423 20
1424 32
1425 29
1426 29
1427 41
1428 48
1429 48
1430 37
1431 1
1432 50
1433 52
1434 52
1435 63
1436 63
1437 29
1438 29
1439 29
1440 6
1441 27
1442 27
1443 27
1444 27
1445 63
1446 41
1447 50
1448 50
1449 1
1450 70
1451 26
1452 12
1453 12
1454 12
1455 75
1456 75
1457 44
1458 44
1459 13
1460 13
1461 13
1462 41
1463 48
1464 54
1465 23
1466 61
1467 66
1468 66
1469 44
1470 66
1471 20
1472 16
1473 27
1474 63
1475 63
1476 15
1477 54
1478 39
1479 17
1480 17
1481 17
1482 17
1483 17
1484 17
1485 17
1486 17
1487 5
1488 5
1489 5
1490 5
1491 12
1492 21
1493 53
1494 23
1495 23
1496 13
1497 13
1498 49
1499 75
1500 75
1501 42
1502 28
1503 28
1504 20
1505 65
1506 26
1507 41
1508 41
1509 49
1510 30
1511 29
1512 10
1513 27
1514 27
1515 38
1516 27
1517 10
1518 21
1519 28
1520 29
1521 75
1522 48
1523 15
1524 42
1525 42
1526 15
1527 15
1528 30
1529 30
1530 30
1531 30
1532 30
1533 48
1534 48
1535 28
1536 62
1537 63
1538 42
1539 72
1540 15
1541 17
1542 16
1543 39
1544 38
1545 26
1546 50
1547 37
1548 62
1549 1
1550 1
1551 1
1552 69
1553 42
1554 63
1555 38
1556 41
1557 29
1558 29
1559 74
1560 42
1561 40
1562 33
1563 23
1564 34
1565 34
1566 34
1567 34
1568 12
1569 12
1570 12
1571 76
1572 12
1573 28
1574 28
1575 28
1576 28
1577 50
1578 18
1579 18
1580 18
1581 18
1582 62
1583 28
1584 44
1585 32
1586 44
1587 21
1588 23
1589 20
1590 20
1591 20
1592 17
1593 17
1594 28
1595 18
1596 68
1597 18
1598 18
1599 18
1600 53
1601 37
1602 4
1603 4
1604 20
1605 45
1606 26
1607 26
1608 26
1609 13
1610 13
1611 15
1612 41
1613 26
1614 5
1615 26
1616 75
1617 75
1618 75
1619 45
1620 75
1621 25
1622 12
1623 57
1624 39
1625 12
1626 39
1627 73
1628 75
1629 75
1630 62
1631 62
1632 40
1633 21
1634 28
1635 15
1636 26
1637 26
1638 26
1639 26
1640 42
1641 41
1642 39
1643 54
1644 52
1645 43
1646 38
1647 41
1648 41
1649 13
1650 49
1651 18
1652 29
1653 29
1654 13
1655 45
1656 42
1657 42
1658 42
1659 42
1660 42
1661 51
1662 26
1663 8
1664 13
1665 52
1666 52
1667 52
1668 16
1669 12
1670 12
1671 34
1672 34
1673 12
1674 18
1675 18
1676 17
1677 17
1678 69
1679 1
1680 1
1681 1
1682 71
1683 51
1684 5
1685 20
1686 60
1687 26
1688 26
1689 13
1690 13
1691 13
1692 13
1693 20
1694 20
1695 20
1696 23
1697 28
1698 28
1699 28
1700 28
1701 28
1702 15
1703 42
1704 39
1705 29
1706 27
1707 43
1708 30
1709 63
1710 63
1711 39
1712 28
1713 28
1714 46
1715 57
1716 50
1717 50
1718 50
1719 50
1720 1
1721 1
1722 1
1723 1
1724 6
1725 28
1726 29
1727 49
1728 70
1729 42
1730 8
1731 8
1732 8
1733 8
1734 20
1735 41
1736 41
1737 41
1738 22
1739 18
1740 18
1741 18
1742 62
1743 62
1744 49
1745 40
1746 1
1747 17
1748 17
1749 17
1750 45
1751 45
1752 76
1753 21
1754 55
1755 23
1756 45
1757 4
1758 78
1759 55
1760 74
1761 55
1762 55
1763 75
1764 75
1765 50
1766 44
1767 45
1768 62
1769 38
1770 38
1771 38
1772 38
1773 38
1774 44
1775 44
1776 26
1777 18
1778 18
1779 38
1780 40
1781 32
1782 59
1783 41
1784 38
1785 28
1786 28
1787 28
1788 28
1789 55
1790 43
1791 28
1792 28
1793 15
1794 18
1795 25
1796 18
1797 72
1798 34
1799 74
1800 29
1801 29
1802 29
1803 6
1804 6
1805 21
1806 38
1807 38
1808 42
1809 30
1810 26
1811 26
1812 28
1813 25
1814 65
1815 32
1816 32
1817 8
1818 70
1819 52
1820 52
1821 52
1822 63
1823 38
1824 52
1825 52
1826 20
1827 73
1828 12
1829 18
1830 13
1831 49
1832 37
1833 37
1834 1
1835 50
1836 52
1837 4
1838 38
1839 49
1840 27
1841 16
1842 16
1843 16
1844 71
1845 50
1846 50
1847 51
1848 28
1849 28
1850 28
1851 23
1852 38
1853 53
1854 49
1855 28
1856 41
1857 18
1858 63
1859 42
1860 51
1861 71
1862 71
1863 17
1864 44
1865 50
1866 50
1867 50
1868 50
1869 45
1870 28
1871 12
1872 48
1873 13
1874 53
1875 32
1876 36
1877 21
1878 32
1879 32
1880 13
1881 75
1882 75
1883 13
1884 12
1885 45
1886 28
1887 28
1888 42
1889 29
1890 29
1891 49
1892 49
1893 42
1894 49
1895 43
1896 43
1897 15
1898 15
1899 15
1900 15
1901 29
1902 29
1903 53
1904 32
1905 51
1906 18
1907 42
1908 42
1909 20
1910 17
1911 20
1912 52
1913 17
1914 17
1915 23
1916 17
1917 28
1918 45
1919 4
1920 22
1921 22
1922 1
1923 38
1924 38
1925 42
1926 16
1927 6
1928 6
1929 18
1930 49
1931 53
1932 18
1933 45
1934 6
1935 41
1936 41
1937 51
1938 51
1939 16
1940 16
1941 28
1942 20
1943 42
1944 28
1945 28
1946 29
1947 50
1948 26
1949 23
1950 54
1951 23
1952 27
1953 27
1954 27
1955 27
1956 27
1957 29
1958 12
1959 12
1960 40
1961 40
1962 32
1963 40
1964 75
1965 61
1966 32
1967 57
1968 41
1969 62
1970 41
1971 27
1972 26
1973 21
1974 10
1975 34
1976 34
1977 34
1978 34
1979 16
1980 27
1981 48
1982 30
1983 1
1984 72
1985 30
1986 10
1987 41
1988 16
1989 17
1990 26
1991 26
1992 26
1993 26
1994 60
1995 8
1996 74
1997 34
1998 33
1999 51
2000 51
2001 29
2002 17
2003 26
2004 32
2005 42
2006 15
2007 42
2008 65
2009 4
2010 32
2011 32
2012 76
2013 32
2014 33
2015 1
2016 1
2017 42
2018 44
2019 44
2020 44
2021 44
2022 44
2023 18
2024 65
2025 28
2026 38
2027 23
2028 17
2029 17
2030 17
2031 17
2032 45
2033 45
2034 13
2035 13
2036 13
2037 27
2038 27
2039 12
2040 65
2041 32
2042 12
2043 12
2044 29
2045 12
2046 12
2047 29
2048 12
2049 29
2050 42
2051 41
2052 41
2053 28
2054 49
2055 60
2056 16
2057 52
2058 23
2059 30
2060 40
2061 59
2062 32
2063 32
2064 49
2065 49
2066 41
2067 41
2068 41
2069 41
2070 41
2071 41
2072 13
2073 26
2074 26
2075 55
2076 42
2077 42
2078 30
2079 30
2080 60
2081 60
2082 26
2083 26
2084 59
2085 15
2086 15
2087 17
2088 40
2089 40
2090 40
2091 40
2092 39
2093 28
2094 62
2095 28
2096 28
2097 10
2098 10
2099 10
2100 23
2101 41
2102 37
2103 48
2104 6
2105 6
2106 28
2107 61
2108 61
2109 61
2110 61
2111 61
2112 8
2113 18
2114 8
2115 45
2116 28
2117 4
2118 28
2119 45
2120 17
2121 45
2122 45
2123 45
2124 29
2125 29
2126 10
2127 21
2128 21
2129 21
2130 21
2131 41
2132 8
2133 45
2134 17
2135 17
2136 17
2137 75
2138 38
2139 45
2140 45
2141 50
2142 62
2143 32
2144 40
2145 40
2146 49
2147 49
2148 70
2149 52
2150 42
2151 45
2152 41
2153 41
2154 41
2155 51
2156 21
2157 29
2158 39
2159 38
2160 45
2161 41
2162 62
2163 75
2164 48
2165 62
2166 5
2167 17
2168 62
2169 50
2170 62
2171 62
2172 62
2173 48
2174 37
2175 62
2176 62
2177 62
2178 48
2179 62
2180 62
2181 62
2182 38
2183 62
2184 45
2185 62
2186 62
2187 62
2188 62
2189 62
2190 62
2191 62
2192 48
2193 48
2194 48
2195 50
2196 62
2197 1
2198 40
2199 60
2200 12
2201 45
2202 45
2203 45
2204 45
2205 6
2206 16
2207 27
2208 27
2209 16
2210 16
2211 37
2212 53
2213 32
2214 49
2215 51
2216 49
2217 13
2218 18
2219 55
2220 1
2221 1
2222 49
2223 28
2224 41
2225 41
2226 53
2227 32
2228 32
2229 30
2230 44
2231 20
2232 57
2233 20
2234 20
2235 20
2236 17
2237 16
2238 70
2239 40
2240 16
2241 40
2242 26
2243 75
2244 75
2245 52
2246 52
2247 41
2248 48
2249 48
2250 13
2251 21
2252 33
2253 33
2254 33
2255 12
2256 29
2257 29
2258 29
2259 21
2260 29
2261 29
2262 28
2263 28
2264 28
2265 41
2266 70
2267 41
2268 41
2269 43
2270 16
2271 21
2272 21
2273 21
2274 21
2275 65
2276 23
2277 28
2278 27
2279 10
2280 48
2281 29
2282 29
2283 12
2284 8
2285 5
2286 17
2287 74
2288 48
2289 44
2290 33
2291 45
2292 16
2293 16
2294 50
2295 26
2296 6
2297 18
2298 17
2299 44
2300 44
2301 17
2302 4
2303 23
2304 5
2305 50
2306 6
2307 17
2308 63
2309 38
2310 63
2311 10
2312 1
2313 1
2314 12
2315 23
2316 16
2317 23
2318 17
2319 39
2320 39
2321 17
2322 17
2323 17
2324 29
2325 75
2326 75
2327 23
2328 75
2329 23
2330 23
2331 17
2332 39
2333 29
2334 29
2335 21
2336 21
2337 75
2338 22
2339 37
2340 42
2341 42
2342 12
2343 13
2344 17
2345 13
2346 18
2347 18
2348 51
2349 51
2350 51
2351 51
2352 45
2353 45
2354 16
2355 45
2356 51
2357 51
2358 53
2359 40
2360 21
2361 40
2362 8
2363 23
2364 76
2365 39
2366 22
2367 22
2368 55
2369 55
2370 55
2371 28
2372 28
2373 27
2374 17
2375 20
2376 38
2377 63
2378 27
2379 63
2380 38
2381 38
2382 38
2383 63
2384 28
2385 28
2386 28
2387 28
2388 28
2389 30
2390 36
2391 62
2392 41
2393 6
2394 23
2395 32
2396 6
2397 23
2398 32
2399 27
2400 27
2401 27
2402 27
2403 5
2404 41
2405 50
2406 41
2407 41
2408 45
2409 52
2410 52
2411 17
2412 65
2413 43
2414 28
2415 23
2416 23
2417 23
2418 42
2419 42
2420 57
2421 21
2422 21
2423 22
2424 6
2425 6
2426 6
2427 6
2428 51
2429 17
2430 22
2431 12
2432 37
2433 37
2434 37
2435 12
2436 26
2437 29
2438 20
2439 20
2440 1
2441 6
2442 75
2443 21
2444 55
2445 27
2446 26
2447 63
2448 15
2449 21
2450 17
2451 17
2452 17
2453 73
2454 76
2455 12
2456 17
2457 1
2458 28
2459 28
2460 28
2461 28
2462 28
2463 51
2464 10
2465 32
2466 32
2467 26
2468 26
2469 42
2470 44
2471 17
2472 13
2473 29
2474 49
2475 23
2476 48
2477 15
2478 15
2479 45
2480 41
2481 50
2482 44
2483 37
2484 28
2485 29
2486 46
2487 30
2488 17
2489 38
2490 50
2491 28
2492 69
2493 18
2494 18
2495 28
2496 17
2497 65
2498 62
2499 45
2500 62
2501 29
2502 75
2503 54
2504 23
2505 16
2506 23
2507 56
2508 71
2509 28
2510 45
2511 44
2512 17
2513 17
2514 75
2515 42
2516 42
2517 52
2518 60
2519 41
2520 41
2521 5
2522 65
2523 28
2524 28
2525 28
2526 49
2527 48
2528 48
2529 48
2530 12
2531 13
2532 12
2533 73
2534 6
2535 6
2536 42
2537 42
2538 32
2539 75
2540 62
2541 42
2542 42
2543 42
2544 1
2545 16
2546 16
2547 49
2548 47
2549 51
2550 56
2551 26
2552 18
2553 60
2554 52
2555 52
2556 23
2557 16
2558 16
2559 58
2560 49
2561 76
2562 12
2563 58
2564 44
2565 12
2566 1
2567 1
2568 47
2569 47
2570 50
2571 41
2572 42
2573 36
2574 45
2575 21
2576 40
2577 48
2578 73
2579 73
2580 73
2581 73
2582 30
2583 55
2584 26
2585 42
2586 42
2587 15
2588 39
2589 75
2590 75
2591 75
2592 17
2593 17
2594 32
2595 52
2596 18
2597 18
2598 22
2599 18
2600 37
2601 23
2602 17
2603 49
2604 40
2605 49
2606 40
2607 40
2608 59
2609 18
2610 18
2611 10
2612 18
2613 48
2614 62
2615 27
2616 27
2617 27
2618 75
2619 75
2620 23
2621 45
2622 17
2623 71
2624 71
2625 23
2626 23
2627 50
2628 50
2629 50
2630 42
2631 1
2632 21
2633 1
2634 23
2635 23
2636 53
2637 32
2638 53
2639 32
2640 50
2641 66
2642 75
2643 1
2644 17
2645 17
2646 13
2647 38
2648 34
2649 22
2650 27
2651 42
2652 42
2653 13
2654 62
2655 21
2656 27
2657 41
2658 29
2659 29
2660 43
2661 12
2662 42
2663 42
2664 39
2665 42
2666 42
2667 23
2668 75
2669 28
2670 28
2671 15
2672 44
2673 32
2674 32
2675 53
2676 53
2677 42
2678 53
2679 15
2680 29
2681 29
2682 75
2683 17
2684 17
2685 41
2686 48
2687 28
2688 41
2689 49
2690 36
2691 8
2692 8
2693 8
2694 53
2695 21
2696 42
2697 16
2698 16
2699 15
2700 32
2701 32
2702 32
2703 43
2704 42
2705 75
2706 23
2707 54
2708 75
2709 29
2710 32
2711 32
2712 20
2713 32
2714 32
2715 42
2716 17
2717 50
2718 41
2719 40
2720 57
2721 73
2722 53
2723 32
2724 32
2725 13
2726 66
2727 49
2728 51
2729 71
2730 51
2731 51
2732 51
2733 51
2734 51
2735 54
2736 1
2737 32
2738 32
2739 53
2740 41
2741 50
2742 32
2743 32
2744 32
2745 23
2746 65
2747 1
2748 18
2749 29
2750 29
2751 45
2752 29
2753 38
2754 54
2755 45
2756 73
2757 37
2758 62
2759 12
2760 70
2761 12
2762 65
2763 42
2764 26
2765 26
2766 51
2767 28
2768 15
2769 26
2770 26
2771 47
2772 15
2773 42
2774 17
2775 10
2776 10
2777 45
2778 45
2779 45
2780 6
2781 10
2782 22
2783 28
2784 28
2785 42
2786 41
2787 16
2788 20
2789 48
2790 16
2791 20
2792 18
2793 6
2794 52
2795 34
2796 34
2797 12
2798 6
2799 48
2800 60
2801 60
2802 76
2803 23
2804 56
2805 25
2806 63
2807 34
2808 17
2809 17
2810 1
2811 74
2812 6
2813 53
2814 32
2815 32
2816 40
2817 58
2818 58
2819 29
2820 32
2821 78
2822 38
2823 32
2824 32
2825 1
2826 65
2827 29
2828 29
2829 17
2830 69
2831 65
2832 69
2833 42
2834 21
2835 49
2836 49
2837 53
2838 23
2839 23
2840 23
2841 53
2842 6
2843 6
2844 6
2845 6
2846 32
2847 1
2848 37
2849 37
2850 75
2851 28
2852 17
2853 28
2854 48
2855 74
2856 65
2857 34
2858 34
2859 13
2860 13
2861 68
2862 26
2863 13
2864 20
2865 25
2866 44
2867 32
2868 32
2869 32
2870 54
2871 44
2872 44
2873 75
2874 45
2875 44
2876 44
2877 13
2878 13
2879 29
2880 45
2881 45
2882 6
2883 17
2884 23
2885 23
2886 65
2887 8
2888 28
2889 8
2890 26
2891 55
2892 18
2893 41
2894 17
2895 17
2896 42
2897 37
2898 62
2899 37
2900 17
2901 37
2902 29
2903 29
2904 29
2905 21
2906 21
2907 36
2908 42
2909 32
2910 32
2911 60
2912 60
2913 26
2914 76
2915 28
2916 52
2917 46
2918 20
2919 44
2920 37
2921 16
2922 55
2923 29
2924 8
2925 8
2926 8
2927 28
2928 52
2929 26
2930 17
2931 4
2932 5
2933 5
2934 75
2935 45
2936 45
2937 45
2938 45
2939 75
2940 17
2941 45
2942 1
2943 42
2944 21
2945 1
2946 21
2947 8
2948 28
2949 29
2950 29
2951 32
2952 32
2953 57
2954 12
2955 12
2956 48
2957 16
2958 12
2959 23
2960 44
2961 44
2962 17
2963 59
2964 48
2965 20
2966 46
2967 23
2968 34
2969 34
2970 42
2971 29
2972 30
2973 32
2974 32
2975 42
2976 12
2977 32
2978 1
2979 1
2980 1
2981 1
2982 1
2983 41
2984 38
2985 38
2986 40
2987 1
2988 23
2989 26
2990 12
2991 65
2992 52
2993 50
2994 52
2995 41
2996 13
2997 27
2998 28
2999 28
3000 28
3001 32
3002 17
3003 41
3004 41
3005 48
3006 53
3007 32
3008 62
3009 76
3010 73
3011 15
3012 43
3013 13
3014 48
3015 32
3016 13
3017 48
3018 18
3019 45
3020 4
3021 44
3022 27
3023 27
3024 32
3025 48
3026 38
3027 28
3028 51
3029 52
3030 77
3031 6
3032 29
3033 29
3034 77
3035 17
3036 17
3037 34
3038 34
3039 34
3040 34
3041 12
3042 26
3043 13
3044 26
3045 29
3046 23
3047 51
3048 62
3049 37
3050 23
3051 28
3052 6
3053 12
3054 52
3055 52
3056 12
3057 41
3058 41
3059 23
3060 29
3061 26
3062 21
3063 21
3064 48
3065 28
3066 63
3067 17
3068 39
3069 21
3070 45
3071 23
3072 44
3073 23
3074 52
3075 75
3076 75
3077 33
3078 45
3079 4
3080 4
3081 4
3082 4
3083 74
3084 22
3085 22
3086 73
3087 29
3088 6
3089 5
3090 75
3091 75
3092 75
3093 17
3094 17
3095 45
3096 42
3097 42
3098 40
3099 48
3100 23
3101 23
3102 23
3103 6
3104 6
3105 42
3106 32
3107 44
3108 28
3109 32
3110 17
3111 21
3112 21
3113 5
3114 29
3115 29
3116 12
3117 74
3118 50
3119 12
3120 13
3121 13
3122 75
3123 41
3124 75
3125 75
3126 69
3127 73
3128 21
3129 1
3130 52
3131 52
3132 47
3133 15
3134 52
3135 52
3136 52
3137 48
3138 53
3139 39
3140 39
3141 13
3142 41
3143 48
3144 49
3145 49
3146 50
3147 49
3148 49
3149 4
3150 17
3151 17
3152 75
3153 17
3154 17
3155 8
3156 43
3157 30
3158 13
3159 20
3160 57
3161 30
3162 49
3163 1
3164 38
3165 38
3166 38
3167 65
3168 51
3169 29
3170 22
3171 23
3172 42
3173 28
3174 15
3175 38
3176 52
3177 75
3178 53
3179 53
3180 42
3181 65
3182 59
3183 10
3184 45
3185 38
3186 4
3187 45
3188 45
3189 34
3190 38
3191 53
3192 12
3193 5
3194 73
3195 16
3196 33
3197 32
3198 42
3199 32
3200 28
3201 13
3202 52
3203 29
3204 32
3205 42
3206 40
3207 29
3208 32
3209 32
3210 32
3211 32
3212 12
3213 12
3214 76
3215 60
3216 39
3217 60
3218 37
3219 37
3220 37
3221 53
3222 53
3223 41
3224 63
3225 27
3226 63
3227 63
3228 63
3229 1
3230 52
3231 49
3232 15
3233 50
3234 32
3235 49
3236 55
3237 21
3238 6
3239 32
3240 65
3241 1
3242 18
3243 38
3244 4
3245 28
3246 51
3247 41
3248 41
3249 41
3250 41
3251 41
3252 26
3253 13
3254 49
3255 52
3256 13
3257 70
3258 13
3259 13
3260 13
3261 64
3262 8
3263 8
3264 8
3265 48
3266 44
3267 29
3268 29
3269 39
3270 32
3271 32
3272 71
3273 38
3274 38
3275 38
3276 38
3277 50
3278 41
3279 50
3280 30
3281 21
3282 62
3283 23
3284 57
3285 37
3286 37
3287 37
3288 27
3289 50
3290 16
3291 51
3292 51
3293 51
3294 18
3295 71
3296 10
3297 8
3298 63
3299 32
3300 42
3301 65
3302 60
3303 71
3304 29
3305 29
3306 44
3307 48
3308 29
3309 54
3310 28
3311 48
3312 22
3313 63
3314 42
3315 28
3316 28
3317 28
3318 42
3319 42
3320 52
3321 52
3322 16
3323 67
3324 23
3325 23
3326 46
3327 32
3328 1
3329 51
3330 4
3331 29
3332 42
3333 45
3334 13
3335 45
3336 23
3337 4
3338 26
3339 69
3340 23
3341 32
3342 23
3343 8
3344 42
3345 29
3346 54
3347 27
3348 27
3349 5
3350 41
3351 37
3352 26
3353 48
3354 6
3355 6
3356 62
3357 17
3358 17
3359 76
3360 30
3361 43
3362 50
3363 66
3364 52
3365 52
3366 37
3367 29
3368 12
3369 60
3370 26
3371 75
3372 55
3373 13
3374 38
3375 38
3376 38
3377 63
3378 60
3379 76
3380 50
3381 23
3382 23
3383 23
3384 49
3385 51
3386 53
3387 6
3388 15
3389 1
3390 53
3391 71
3392 45
3393 44
3394 23
3395 23
3396 27
3397 23
3398 28
3399 37
3400 28
3401 1
3402 17
3403 17
3404 23
3405 74
3406 48
3407 44
3408 39
3409 13
3410 34
3411 46
3412 46
3413 46
3414 5
3415 5
3416 33
3417 28
3418 8
3419 33
3420 29
3421 17
3422 17
3423 23
3424 42
3425 38
3426 41
3427 4
3428 10
3429 10
3430 26
3431 6
3432 15
3433 17
3434 51
3435 22
3436 28
3437 50
3438 49
3439 16
3440 40
3441 67
3442 27
3443 32
3444 13
3445 40
3446 40
3447 42
3448 42
3449 13
3450 29
3451 37
3452 37
3453 28
3454 48
3455 63
3456 38
3457 32
3458 32
3459 40
3460 21
3461 40
3462 37
3463 18
3464 18
3465 18
3466 18
3467 53
3468 4
3469 12
3470 12
3471 27
3472 18
3473 71
3474 74
3475 26
3476 22
3477 38
3478 29
3479 65
3480 23
3481 45
3482 28
3483 28
3484 28
3485 37
3486 17
3487 62
3488 64
3489 40
3490 58
3491 26
3492 18
3493 29
3494 18
3495 34
3496 4
3497 37
3498 10
3499 10
3500 17
3501 50
3502 28
3503 8
3504 42
3505 32
3506 13
3507 48
3508 20
3509 65
3510 42
3511 48
3512 76
3513 16
3514 16
3515 16
3516 6
3517 17
3518 54
3519 54
3520 41
3521 28
3522 41
3523 41
3524 26
3525 40
3526 45
3527 44
3528 44
3529 51
3530 17
3531 76
3532 76
3533 51
3534 23
3535 50
3536 23
3537 23
3538 37
3539 50
3540 41
3541 48
3542 16
3543 51
3544 74
3545 1
3546 21
3547 1
3548 50
3549 38
3550 51
3551 27
3552 45
3553 62
3554 62
3555 41
3556 62
3557 12
3558 28
3559 69
3560 29
3561 28
3562 12
3563 12
3564 27
3565 43
3566 65
3567 65
3568 49
3569 75
3570 41
3571 75
3572 75
3573 41
3574 17
3575 41
3576 48
3577 48
3578 13
3579 48
3580 74
3581 36
3582 29
3583 65
3584 28
3585 27
3586 42
3587 26
3588 26
3589 26
3590 61
3591 32
3592 45
3593 45
3594 38
3595 15
3596 38
3597 17
3598 10
3599 69
3600 69
3601 10
3602 28
3603 28
3604 28
3605 23
3606 48
3607 18
3608 15
3609 29
3610 70
3611 12
3612 28
3613 28
3614 32
3615 12
3616 22
3617 18
3618 18
3619 21
3620 21
3621 32
3622 32
3623 22
3624 22
3625 32
3626 37
3627 37
3628 37
3629 45
3630 4
3631 20
3632 58
3633 65
3634 27
3635 4
3636 75
3637 48
3638 37
3639 1
3640 15
3641 44
3642 45
3643 75
3644 17
3645 17
3646 26
3647 26
3648 53
3649 29
3650 23
3651 23
3652 23
3653 17
3654 17
3655 16
3656 16
3657 45
3658 25
3659 42
3660 53
3661 42
3662 48
3663 75
3664 50
3665 41
3666 41
3667 23
3668 40
3669 40
3670 25
3671 25
3672 29
3673 41
3674 41
3675 49
3676 41
3677 21
3678 8
3679 32
3680 51
3681 51
3682 29
3683 1
3684 30
3685 16
3686 54
3687 17
3688 26
3689 26
3690 26
3691 29
3692 29
3693 4
3694 39
3695 45
3696 45
3697 70
3698 73
3699 36
3700 53
3701 6
3702 5
3703 32
3704 28
3705 1
3706 6
3707 17
3708 17
3709 23
3710 60
3711 37
3712 1
3713 4
3714 44
3715 17
3716 45
3717 45
3718 17
3719 53
3720 53
3721 29
3722 27
3723 65
3724 13
3725 68
3726 66
3727 42
3728 54
3729 32
3730 48
3731 41
3732 41
3733 32
3734 59
3735 41
3736 41
3737 41
3738 52
3739 52
3740 17
3741 6
3742 6
3743 16
3744 50
3745 50
3746 50
3747 32
3748 34
3749 38
3750 41
3751 15
3752 18
3753 18
3754 10
3755 32
3756 32
3757 32
3758 10
3759 10
3760 42
3761 37
3762 41
3763 8
3764 8
3765 43
3766 22
3767 18
3768 41
3769 15
3770 15
3771 22
3772 27
3773 17
3774 27
3775 27
3776 36
3777 15
3778 69
3779 10
3780 69
3781 13
3782 46
3783 32
3784 32
3785 13
3786 13
3787 65
3788 13
3789 5
3790 41
3791 17
3792 17
3793 13
3794 38
3795 32
3796 1
3797 42
3798 42
3799 32
3800 53
3801 53
3802 28
3803 34
3804 32
3805 42
3806 42
3807 65
3808 32
3809 8
3810 59
3811 32
3812 44
3813 44
3814 62
3815 38
3816 32
3817 62
3818 32
3819 32
3820 54
3821 4
3822 6
3823 40
3824 49
3825 44
3826 4
3827 44
3828 75
3829 75
3830 75
3831 75
3832 18
3833 18
3834 20
3835 20
3836 48
3837 50
3838 50
3839 49
3840 49
3841 29
3842 56
3843 56
3844 32
3845 68
3846 57
3847 23
3848 23
3849 40
3850 40
3851 40
3852 33
3853 32
3854 32
3855 32
3856 71
3857 71
3858 58
3859 50
3860 48
3861 29
3862 42
3863 17
3864 42
3865 42
3866 13
3867 29
3868 29
3869 41
3870 49
3871 41
3872 25
3873 75
3874 45
3875 63
3876 26
3877 48
3878 75
3879 75
3880 17
3881 23
3882 50
3883 10
3884 26
3885 23
3886 17
3887 63
3888 41
3889 16
3890 16
3891 61
3892 21
3893 42
3894 27
3895 27
3896 62
3897 17
3898 17
3899 55
3900 23
3901 32
3902 41
3903 26
3904 38
3905 4
3906 54
3907 54
3908 59
3909 38
3910 15
3911 43
3912 66
3913 15
3914 15
3915 30
3916 30
3917 38
3918 38
3919 42
3920 18
3921 18
3922 18
3923 10
3924 10
3925 10
3926 25
3927 12
3928 76
3929 25
3930 23
3931 8
3932 51
3933 21
3934 45
3935 55
3936 45
3937 39
3938 55
3939 42
3940 23
3941 43
3942 8
3943 1
3944 63
3945 63
3946 45
3947 45
3948 71
3949 71
3950 71
3951 52
3952 26
3953 8
3954 58
3955 17
3956 66
3957 8
3958 41
3959 50
3960 13
3961 15
3962 15
3963 15
3964 65
3965 51
3966 49
3967 26
3968 76
3969 41
3970 41
3971 12
3972 12
3973 12
3974 8
3975 51
3976 51
3977 51
3978 51
3979 71
3980 47
3981 42
3982 13
3983 41
3984 6
3985 29
3986 17
3987 37
3988 17
3989 17
3990 17
3991 17
3992 38
3993 38
3994 43
3995 44
3996 28
3997 27
3998 65
3999 60
4000 60
4001 60
4002 60
4003 60
4004 60
4005 60
4006 60
4007 50
4008 52
4009 75
4010 23
4011 26
4012 41
4013 26
4014 22
4015 41
4016 22
4017 45
4018 42
4019 41
4020 22
4021 48
4022 48
4023 48
4024 49
4025 21
4026 21
4027 21
4028 5
4029 10
4030 57
4031 32
4032 17
4033 17
4034 57
4035 17
4036 12
4037 32
4038 40
4039 20
4040 1
4041 30
4042 20
4043 48
4044 28
4045 28
4046 13
4047 62
4048 6
4049 32
4050 15
4051 21
4052 50
4053 15
4054 18
4055 69
4056 26
4057 26
4058 38
4059 38
4060 37
4061 62
4062 37
4063 38
4064 42
4065 15
4066 55
4067 44
4068 61
4069 21
4070 21
4071 1
4072 27
4073 26
4074 26
4075 40
4076 29
4077 42
4078 29
4079 13
4080 37
4081 37
4082 34
4083 54
4084 29
4085 68
4086 70
4087 70
4088 68
4089 41
4090 50
4091 4
4092 38
4093 38
4094 38
4095 41
4096 41
4097 38
4098 41
4099 37
4100 17
4101 17
4102 5
4103 32
4104 42
4105 75
4106 32
4107 13
4108 54
4109 32
4110 32
4111 10
4112 10
4113 28
4114 45
4115 28
4116 28
4117 28
4118 42
4119 34
4120 13
4121 48
4122 37
4123 17
4124 42
4125 42
4126 49
4127 49
4128 23
4129 23
4130 23
4131 23
4132 23
4133 23
4134 25
4135 22
4136 13
4137 42
4138 13
4139 32
4140 65
4141 42
4142 17
4143 17
4144 34
4145 37
4146 42
4147 17
4148 45
4149 45
4150 59
4151 13
4152 70
4153 22
4154 4
4155 28
4156 32
4157 41
4158 51
4159 51
4160 51
4161 52
4162 48
4163 64
4164 13
4165 22
4166 30
4167 54
4168 48
4169 32
4170 62
4171 41
4172 41
4173 49
4174 50
4175 22
4176 41
4177 29
4178 43
4179 12
4180 65
4181 45
4182 17
4183 54
4184 6
4185 41
4186 6
4187 6
4188 48
4189 53
4190 53
4191 53
4192 53
4193 60
4194 12
4195 40
4196 40
4197 48
4198 40
4199 36
4200 37
4201 53
4202 23
4203 17
4204 15
4205 26
4206 73
4207 46
4208 28
4209 28
4210 41
4211 75
4212 52
4213 34
4214 34
4215 29
4216 12
4217 12
4218 23
4219 18
4220 78
4221 75
4222 23
4223 13
4224 30
4225 49
4226 42
4227 42
4228 26
4229 41
4230 26
4231 64
4232 13
4233 25
4234 75
4235 48
4236 48
4237 1
4238 50
4239 29
4240 48
4241 41
4242 6
4243 46
4244 46
4245 49
4246 66
4247 66
4248 21
4249 58
4250 13
4251 12
4252 49
4253 20
4254 32
4255 16
4256 41
4257 50
4258 12
4259 29
4260 42
4261 21
4262 12
4263 28
4264 43
4265 26
4266 26
4267 48
4268 48
4269 48
4270 18
4271 18
4272 17
4273 33
4274 32
4275 26
4276 17
4277 50
4278 17
4279 10
4280 8
4281 73
4282 13
4283 48
4284 49
4285 4
4286 75
4287 63
4288 1
4289 53
4290 42
4291 50
4292 50
4293 42
4294 62
4295 57
4296 57
4297 54
4298 17
4299 22
4300 32
4301 63
4302 16
4303 1
4304 1
4305 28
4306 12
4307 12
4308 65
4309 25
4310 25
4311 20
4312 23
4313 28
4314 41
4315 41
4316 26
4317 41
4318 26
4319 26
4320 12
4321 45
4322 62
4323 45
4324 71
4325 32
4326 48
4327 17
4328 55
4329 28
4330 26
4331 74
4332 1
4333 1
4334 1
4335 45
4336 4
4337 27
4338 71
4339 71
4340 78
4341 75
4342 27
4343 30
4344 32
4345 44
4346 17
4347 27
4348 42
4349 6
4350 39
4351 4
4352 42
4353 1
4354 42
4355 58
4356 37
4357 37
4358 52
4359 23
4360 8
4361 39
4362 39
4363 18
4364 17
4365 26
4366 26
4367 60
4368 42
4369 42
4370 50
4371 50
4372 45
4373 22
4374 32
4375 70
4376 70
4377 63
4378 62
4379 41
4380 27
4381 41
4382 28
4383 62
4384 62
4385 62
4386 22
4387 32
4388 10
4389 10
4390 42
4391 32
4392 42
4393 32
4394 1
4395 21
4396 40
4397 40
4398 1
4399 55
4400 17
4401 44
4402 38
4403 76
4404 73
4405 37
4406 37
4407 37
4408 37
4409 37
4410 42
4411 73
4412 10
4413 39
4414 67
4415 29
4416 20
4417 44
4418 22
4419 22
4420 45
4421 37
4422 58
4423 67
4424 26
4425 26
4426 30
4427 40
4428 40
4429 37
4430 22
4431 30
4432 50
4433 41
4434 41
4435 42
4436 42
4437 32
4438 44
4439 25
4440 41
4441 6
4442 42
4443 42
4444 42
4445 42
4446 42
4447 42
4448 42
4449 42
4450 42
4451 26
4452 23
4453 13
4454 13
4455 37
4456 37
4457 13
4458 13
4459 1
4460 21
4461 12
4462 32
4463 23
4464 17
4465 17
4466 17
4467 38
4468 43
4469 38
4470 17
4471 23
4472 23
4473 29
4474 29
4475 61
4476 61
4477 34
4478 61
4479 42
4480 61
4481 8
4482 63
4483 5
4484 16
4485 63
4486 23
4487 6
4488 5
4489 6
4490 6
4491 6
4492 6
4493 1
4494 12
4495 13
4496 15
4497 16
4498 17
4499 18
4500 20
4501 13
4502 5
4503 22
4504 18
4505 25
4506 25
4507 25
4508 25
4509 25
4510 25
4511 27
4512 28
4513 30
4514 30
4515 32
4516 8
4517 34
4518 36
4519 36
4520 37
4521 38
4522 39
4523 17
4524 22
4525 45
4526 45
4527 42
4528 42
4529 33
4530 47
4531 49
4532 40
4533 42
4534 4
4535 45
4536 38
4537 34
4538 45
4539 6
4540 52
4541 6
4542 42
4543 42
4544 12
4545 12
4546 37
4547 38
4548 42
4549 30
4550 56
4551 20
4552 32
4553 29
4554 45
4555 30
4556 32
4557 32
4558 32
4559 32
4560 30
4561 22
4562 29
4563 29
4564 29
4565 44
4566 41
4567 49
4568 26
4569 45
4570 45
4571 17
4572 60
4573 61
4574 54
4575 23
4576 23
4577 15
4578 12
4579 30
4580 27
4581 17
4582 62
4583 17
4584 37
4585 50
4586 50
4587 50
4588 20
4589 20
4590 32
4591 63
4592 41
4593 41
4594 64
4595 55
4596 55
4597 28
4598 55
4599 20
4600 27
4601 48
4602 26
4603 29
4604 37
4605 21
4606 21
4607 21
4608 12
4609 32
4610 57
4611 32
4612 41
4613 5
4614 41
4615 48
4616 20
4617 66
4618 66
4619 28
4620 45
4621 46
4622 46
4623 32
4624 28
4625 13
4626 34
4627 27
4628 27
4629 65
4630 6
4631 55
4632 55
4633 55
4634 66
4635 16
4636 49
4637 49
4638 17
4639 16
4640 17
4641 69
4642 69
4643 30
4644 30
4645 71
4646 1
4647 51
4648 41
4649 48
4650 48
4651 25
4652 20
4653 20
4654 20
4655 20
4656 48
4657 48
4658 32
4659 12
4660 12
4661 65
4662 62
4663 65
4664 65
4665 16
4666 16
4667 15
4668 20
4669 20
4670 45
4671 39
4672 45
4673 45
4674 69
4675 69
4676 23
4677 48
4678 48
4679 55
4680 37
4681 17
4682 61
4683 1
4684 23
4685 23
4686 16
4687 37
4688 17
4689 1
4690 48
4691 26
4692 50
4693 50
4694 8
4695 8
4696 53
4697 12
4698 23
4699 12
4700 50
4701 63
4702 74
4703 71
4704 71
4705 1
4706 48
4707 18
4708 75
4709 75
4710 29
4711 21
4712 21
4713 18
4714 18
4715 18
4716 18
4717 52
4718 52
4719 52
4720 75
4721 34
4722 29
4723 27
4724 16
4725 37
4726 41
4727 50
4728 10
4729 32
4730 30
4731 37
4732 50
4733 41
4734 28
4735 53
4736 63
4737 28
4738 23
4739 28
4740 48
4741 20
4742 1
4743 48
4744 40
4745 13
4746 38
4747 38
4748 21
4749 15
4750 15
4751 21
4752 40
4753 49
4754 49
4755 1
4756 63
4757 76
4758 27
4759 76
4760 39
4761 42
4762 18
4763 51
4764 51
4765 62
4766 16
4767 16
4768 29
4769 65
4770 29
4771 6
4772 6
4773 10
4774 59
4775 10
4776 69
4777 10
4778 42
4779 53
4780 17
4781 65
4782 50
4783 40
4784 12
4785 18
4786 69
4787 42
4788 76
4789 76
4790 57
4791 50
4792 50
4793 50
4794 26
4795 22
4796 22
4797 17
4798 52
4799 15
4800 41
4801 41
4802 59
4803 54
4804 30
4805 26
4806 8
4807 8
4808 8
4809 8
4810 8
4811 20
4812 6
4813 42
4814 75
4815 53
4816 41
4817 62
4818 66
4819 13
4820 26
4821 26
4822 26
4823 26
4824 41
4825 26
4826 27
4827 27
4828 28
4829 27
4830 8
4831 28
4832 28
4833 23
4834 23
4835 71
4836 12
4837 63
4838 65
4839 6
4840 65
4841 65
4842 65
4843 10
4844 26
4845 61
4846 61
4847 23
4848 23
4849 4
4850 10
4851 51
4852 51
4853 20
4854 15
4855 15
4856 57
4857 30
4858 10
4859 52
4860 52
4861 1
4862 1
4863 37
4864 37
4865 37
4866 18
4867 22
4868 15
4869 75
4870 59
4871 34
4872 32
4873 27
4874 28
4875 32
4876 37
4877 50
4878 6
4879 10
4880 32
4881 33
4882 8
4883 10
4884 48
4885 48
4886 57
4887 23
4888 29
4889 28
4890 13
4891 62
4892 43
4893 28
4894 62
4895 49
4896 15
4897 18
4898 18
4899 62
4900 62
4901 26
4902 75
4903 17
4904 17
4905 23
4906 23
4907 23
4908 52
4909 29
4910 39
4911 49
4912 37
4913 23
4914 23
4915 10
4916 46
4917 46
4918 26
4919 23
4920 17
4921 17
4922 60
4923 60
4924 40
4925 75
4926 17
4927 17
4928 50
4929 17
4930 28
4931 63
4932 29
4933 8
4934 8
4935 57
4936 10
4937 60
4938 41
4939 49
4940 70
4941 13
4942 28
4943 70
4944 6
4945 57
4946 42
4947 57
4948 23
4949 23
4950 53
4951 53
4952 49
4953 42
4954 23
4955 28
4956 5
4957 76
4958 18
4959 18
4960 15
4961 65
4962 29
4963 13
4964 18
4965 18
4966 17
4967 61
4968 40
4969 40
4970 28
4971 27
4972 8
4973 76
4974 8
4975 15
4976 75
4977 13
4978 13
4979 13
4980 28
4981 10
4982 10
4983 74
4984 65
4985 29
4986 29
4987 51
4988 51
4989 17
4990 74
4991 25
4992 25
4993 74
4994 25
4995 20
4996 65
4997 70
4998 17
4999 10
5000 69
5001 1
5002 30
5003 12
5004 29
5005 17
5006 13
5007 17
5008 42
5009 1
5010 21
5011 26
5012 41
5013 45
5014 17
5015 75
5016 66
5017 52
5018 21
5019 1
5020 65
5021 60
5022 76
5023 41
5024 8
5025 57
5026 44
5027 42
5028 42
5029 46
5030 29
5031 13
5032 23
5033 32
5034 32
5035 1
5036 30
5037 38
5038 17
5039 33
5040 34
5041 34
5042 20
5043 43
5044 42
5045 42
5046 41
5047 23
5048 41
5049 26
5050 74
5051 42
5052 75
5053 50
5054 50
5055 27
5056 75
5057 75
5058 75
5059 75
5060 28
5061 68
5062 68
5063 32
5064 32
5065 21
5066 21
5067 77
5068 17
5069 49
5070 49
5071 18
5072 50
5073 45
5074 45
5075 44
5076 26
5077 22
5078 13
5079 33
5080 37
5081 15
5082 76
5083 73
5084 32
5085 20
5086 49
5087 49
5088 50
5089 50
5090 32
5091 13
5092 49
5093 32
5094 17
5095 16
5096 13
5097 43
5098 23
5099 23
5100 32
5101 65
5102 27
5103 50
5104 12
5105 49
5106 61
5107 75
5108 42
5109 34
5110 60
5111 60
5112 73
5113 49
5114 23
5115 23
5116 23
5117 23
5118 38
5119 38
5120 38
5121 25
5122 25
5123 76
5124 25
5125 54
5126 30
5127 40
5128 26
5129 6
5130 6
5131 18
5132 18
5133 17
5134 17
5135 54
5136 51
5137 42
5138 17
5139 70
5140 68
5141 27
5142 63
5143 39
5144 45
5145 8
5146 8
5147 8
5148 8
5149 8
5150 8
5151 8
5152 34
5153 20
5154 30
5155 29
5156 29
5157 58
5158 1
5159 1
5160 67
5161 21
5162 60
5163 42
5164 32
5165 32
5166 44
5167 21
5168 47
5169 20
5170 29
5171 37
5172 45
5173 54
5174 54
5175 38
5176 18
5177 48
5178 48
5179 48
5180 48
5181 41
5182 18
5183 44
5184 29
5185 39
5186 15
5187 17
5188 17
5189 17
5190 17
5191 32
5192 4
5193 8
5194 55
5195 18
5196 48
5197 20
5198 32
5199 45
5200 39
5201 43
5202 37
5203 54
5204 75
5205 75
5206 75
5207 32
5208 29
5209 27
5210 1
5211 26
5212 38
5213 20
5214 8
5215 62
5216 13
5217 28
5218 23
5219 18
5220 26
5221 18
5222 23
5223 23
5224 48
5225 48
5226 4
5227 50
5228 41
5229 6
5230 28
5231 32
5232 32
5233 1
5234 4
5235 45
5236 4
5237 55
5238 48
5239 6
5240 26
5241 51
5242 32
5243 42
5244 4
5245 57
5246 32
5247 27
5248 27
5249 27
5250 10
5251 45
5252 75
5253 75
5254 16
5255 75
5256 13
5257 26
5258 26
5259 34
5260 26
5261 42
5262 27
5263 27
5264 27
5265 28
5266 48
5267 15
5268 28
5269 70
5270 42
5271 8
5272 48
5273 48
5274 10
5275 10
5276 18
5277 48
5278 20
5279 48
5280 48
5281 41
5282 41
5283 1
5284 30
5285 40
5286 55
5287 1
5288 1
5289 1
5290 17
5291 49
5292 10
5293 10
5294 17
5295 29
5296 42
5297 17
5298 15
5299 43
5300 70
5301 63
5302 52
5303 17
5304 28
5305 74
5306 15
5307 21
5308 42
5309 52
5310 66
5311 17
5312 55
5313 17
5314 42
5315 54
5316 54
5317 49
5318 37
5319 37
5320 37
5321 41
5322 43
5323 43
5324 43
5325 8
5326 10
5327 51
5328 50
5329 52
5330 23
5331 8
5332 8
5333 42
5334 65
5335 42
5336 42
5337 42
5338 75
5339 52
5340 40
5341 49
5342 26
5343 42
5344 38
5345 48
5346 50
5347 66
5348 65
5349 50
5350 75
5351 17
5352 17
5353 26
5354 18
5355 37
5356 22
5357 29
5358 45
5359 40
5360 17
5361 15
5362 34
5363 50
5364 37
5365 25
5366 25
5367 49
5368 73
5369 73
5370 43
5371 34
5372 34
5373 22
5374 17
5375 50
5376 67
5377 4
5378 62
5379 28
5380 28
5381 28
5382 34
5383 34
5384 21
5385 26
5386 40
5387 23
5388 23
5389 15
5390 15
5391 21
5392 39
5393 39
5394 39
5395 8
5396 51
5397 36
5398 12
5399 54
5400 41
5401 26
5402 23
5403 40
5404 63
5405 32
5406 13
5407 1
5408 1
5409 40
5410 10
5411 48
5412 26
5413 41
5414 12
5415 49
5416 26
5417 43
5418 54
5419 60
5420 13
5421 23
5422 48
5423 17
5424 57
5425 54
5426 17
5427 26
5428 54
5429 17
5430 54
5431 37
5432 41
5433 41
5434 37
5435 28
5436 28
5437 48
5438 28
5439 29
5440 45
5441 21
5442 61
5443 61
5444 61
5445 15
5446 61
5447 43
5448 32
5449 53
5450 75
5451 23
5452 8
5453 8
5454 21
5455 52
5456 52
5457 54
5458 1
5459 15
5460 29
5461 27
5462 53
5463 8
5464 22
5465 8
5466 15
5467 23
5468 29
5469 52
5470 52
5471 44
5472 44
5473 29
5474 68
5475 6
5476 6
5477 13
5478 32
5479 61
5480 32
5481 46
5482 28
5483 4
5484 72
5485 72
5486 26
5487 17
5488 73
5489 40
5490 12
5491 34
5492 18
5493 18
5494 18
5495 21
5496 28
5497 28
5498 28
5499 43
5500 28
5501 17
5502 45
5503 45
5504 41
5505 12
5506 41
5507 37
5508 32
5509 1
5510 21
5511 17
5512 38
5513 16
5514 49
5515 75
5516 52
5517 41
5518 28
5519 21
5520 62
5521 32
5522 1
5523 1
5524 73
5525 63
5526 15
5527 21
5528 17
5529 17
5530 50
5531 16
5532 6
5533 59
5534 32
5535 42
5536 53
5537 53
5538 49
5539 43
5540 20
5541 1
5542 33
5543 33
5544 38
5545 48
5546 4
5547 70
5548 75
5549 28
5550 23
5551 26
5552 26
5553 26
5554 26
5555 26
5556 72
5557 45
5558 26
5559 26
5560 27
5561 28
5562 28
5563 47
5564 47
5565 63
5566 38
5567 38
5568 65
5569 38
5570 10
5571 10
5572 57
5573 63
5574 75
5575 41
5576 23
5577 23
5578 23
5579 23
5580 23
5581 8
5582 17
5583 51
5584 25
5585 25
5586 6
5587 44
5588 30
5589 48
5590 17
5591 45
5592 38
5593 55
5594 52
5595 52
5596 75
5597 23
5598 49
5599 45
5600 50
5601 42
5602 25
5603 25
5604 10
5605 75
5606 41
5607 17
5608 17
5609 23
5610 42
5611 8
5612 23
5613 23
5614 28
5615 73
5616 48
5617 10
5618 10
5619 1
5620 1
5621 17
5622 1
5623 1
5624 21
5625 59
5626 59
5627 22
5628 49
5629 15
5630 33
5631 68
5632 77
5633 17
5634 17
5635 23
5636 4
5637 33
5638 27
5639 55
5640 71
5641 17
5642 29
5643 8
5644 23
5645 40
5646 15
5647 48
5648 21
5649 1
5650 10
5651 39
5652 42
5653 42
5654 40
5655 32
5656 48
5657 49
5658 49
5659 12
5660 12
5661 23
5662 17
5663 61
5664 71
5665 17
5666 42
5667 8
5668 22
5669 8
5670 41
5671 1
5672 28
5673 75
5674 75
5675 75
5676 47
5677 65
5678 47
5679 47
5680 47
5681 42
5682 53
5683 53
5684 17
5685 8
5686 8
5687 21
5688 21
5689 20
5690 52
5691 20
5692 70
5693 41
5694 32
5695 12
5696 32
5697 49
5698 42
5699 37
5700 32
5701 58
5702 58
5703 58
5704 58
5705 58
5706 58
5707 59
5708 51
5709 32
5710 47
5711 47
5712 32
5713 49
5714 1
5715 38
5716 18
5717 41
5718 48
5719 45
5720 45
5721 17
5722 26
5723 42
5724 32
5725 1
5726 50
5727 40
5728 1
5729 1
5730 27
5731 45
5732 51
5733 29
5734 4
5735 6
5736 6
5737 57
5738 23
5739 51
5740 21
5741 42
5742 45
5743 10
5744 23
5745 51
5746 72
5747 52
5748 16
5749 62
5750 23
5751 51
5752 27
5753 63
5754 17
5755 17
5756 57
5757 57
5758 57
5759 65
5760 29
5761 38
5762 17
5763 54
5764 38
5765 49
5766 49
5767 61
5768 32
5769 21
5770 21
5771 21
5772 12
5773 45
5774 52
5775 52
5776 76
5777 54
5778 23
5779 28
5780 54
5781 5
5782 42
5783 50
5784 41
5785 23
5786 26
5787 33
5788 15
5789 8
5790 8
5791 8
5792 8
5793 17
5794 67
5795 67
5796 41
5797 16
5798 23
5799 65
5800 63
5801 27
5802 38
5803 42
5804 34
5805 22
5806 52
5807 27
5808 42
5809 47
5810 8
5811 8
5812 8
5813 8
5814 8
5815 8
5816 8
5817 26
5818 69
5819 40
5820 32
5821 65
5822 15
5823 48
5824 75
5825 4
5826 42
5827 1
5828 32
5829 45
5830 45
5831 29
5832 15
5833 63
5834 41
5835 54
5836 70
5837 70
5838 25
5839 37
5840 17
5841 50
5842 36
5843 58
5844 57
5845 15
5846 17
5847 45
5848 42
5849 29
5850 29
5851 8
5852 50
5853 1
5854 73
5855 38
5856 65
5857 16
5858 16
5859 8
5860 49
5861 18
5862 23
5863 32
5864 17
5865 50
5866 18
5867 41
5868 6
5869 42
5870 51
5871 44
5872 37
5873 37
5874 42
5875 50
5876 27
5877 73
5878 10
5879 37
5880 37
5881 47
5882 45
5883 17
5884 39
5885 54
5886 34
5887 17
5888 17
5889 40
5890 16
5891 16
5892 16
5893 29
5894 4
5895 21
5896 23
5897 29
5898 12
5899 17
5900 5
5901 47
5902 47
5903 42
5904 29
5905 50
5906 32
5907 41
5908 20
5909 8
5910 23
5911 23
5912 8
5913 1
5914 49
5915 40
5916 32
5917 41
5918 38
5919 38
5920 10
5921 1
5922 23
5923 54
5924 70
5925 62
5926 37
5927 13
5928 65
5929 18
5930 18
5931 18
5932 27
5933 63
5934 58
5935 70
5936 56
5937 70
5938 32
5939 32
5940 56
5941 23
5942 56
5943 27
5944 16
5945 30
5946 12
5947 66
5948 40
5949 22
5950 23
5951 48
5952 48
5953 62
5954 16
5955 27
5956 15
5957 15
5958 34
5959 10
5960 29
5961 17
5962 23
5963 30
5964 73
5965 65
5966 10
5967 12
5968 6
5969 41
5970 42
5971 42
5972 42
5973 36
5974 38
5975 38
5976 20
5977 20
5978 20
5979 30
5980 8
5981 60
5982 34
5983 42
5984 42
5985 26
5986 21
5987 21
5988 50
5989 13
5990 4
5991 5
5992 5
5993 17
5994 25
5995 23
5996 23
5997 60
5998 60
5999 26
6000 26
6001 26
6002 17
6003 44
6004 29
6005 62
6006 23
6007 32
6008 18
6009 74
6010 1
6011 53
6012 16
6013 75
6014 75
6015 75
6016 75
6017 75
6018 5
6019 75
6020 75
6021 75
6022 75
6023 55
6024 20
6025 8
6026 29
6027 12
6028 37
6029 37
6030 28
6031 27
6032 32
6033 48
6034 6
6035 6
6036 52
6037 10
6038 10
6039 71
6040 63
6041 17
6042 17
6043 39
6044 41
6045 1
6046 1
6047 12
6048 48
6049 28
6050 40
6051 40
6052 30
6053 30
6054 32
6055 42
6056 74
6057 12
6058 63
6059 17
6060 28
6061 59
6062 72
6063 4
6064 4
6065 16
6066 16
6067 23
6068 49
6069 62
6070 12
6071 41
6072 32
6073 32
6074 1
6075 75
6076 26
6077 17
6078 28
6079 28
6080 16
6081 20
6082 66
6083 66
6084 58
6085 58
6086 27
6087 13
6088 1
6089 62
6090 62
6091 49
6092 59
6093 37
6094 59
6095 1
6096 48
6097 26
6098 64
6099 13
6100 40
6101 6
6102 42
6103 39
6104 23
6105 23
6106 23
6107 23
6108 23
6109 53
6110 12
6111 22
6112 26
6113 8
6114 5
6115 10
6116 17
6117 27
6118 26
6119 17
6120 23
6121 23
6122 27
6123 13
6124 6
6125 27
6126 6
6127 28
6128 28
6129 23
6130 23
6131 42
6132 42
6133 32
6134 59
6135 32
6136 37
6137 12
6138 12
6139 26
6140 26
6141 50
6142 12
6143 12
6144 12
6145 15
6146 39
6147 22
6148 26
6149 26
6150 26
6151 15
6152 63
6153 8
6154 54
6155 32
6156 32
6157 13
6158 29
6159 28
6160 40
6161 54
6162 17
6163 41
6164 10
6165 10
6166 28
6167 71
6168 12
6169 48
6170 5
6171 17
6172 23
6173 18
6174 60
6175 1
6176 32
6177 42
6178 33
6179 40
6180 34
6181 1
6182 30
6183 21
6184 49
6185 51
6186 71
6187 32
6188 42
6189 42
6190 41
6191 23
6192 48
6193 48
6194 48
6195 75
6196 75
6197 15
6198 15
6199 15
6200 32
6201 15
6202 17
6203 42
6204 70
6205 18
6206 18
6207 41
6208 49
6209 51
6210 51
6211 51
6212 17
6213 74
6214 74
6215 26
6216 67
6217 28
6218 1
6219 27
6220 18
6221 15
6222 48
6223 12
6224 12
6225 73
6226 58
6227 27
6228 5
6229 6
6230 6
6231 36
6232 29
6233 8
6234 70
6235 8
6236 21
6237 32
6238 17
6239 17
6240 17
6241 23
6242 65
6243 55
6244 26
6245 41
6246 50
6247 41
6248 20
6249 27
6250 10
6251 62
6252 37
6253 65
6254 4
6255 48
6256 48
6257 48
6258 41
6259 41
6260 28
6261 8
6262 48
6263 74
6264 55
6265 50
6266 44
6267 8
6268 42
6269 12
6270 32
6271 58
6272 13
6273 13
6274 50
6275 23
6276 26
6277 49
6278 63
6279 58
6280 10
6281 23
6282 23
6283 10
6284 41
6285 15
6286 45
6287 48
6288 32
6289 53
6290 64
6291 18
6292 42
6293 22
6294 49
6295 37
6296 8
6297 33
6298 40
6299 27
6300 32
6301 29
6302 41
6303 45
6304 15
6305 15
6306 15
6307 17
6308 45
6309 27
6310 13
6311 26
6312 63
6313 42
6314 76
6315 20
6316 13
6317 70
6318 26
6319 28
6320 41
6321 17
6322 17
6323 32
6324 8
6325 8
6326 21
6327 48
6328 17
6329 17
6330 4
6331 23
6332 8
6333 23
6334 48
6335 55
6336 63
6337 33
6338 60
6339 18
6340 18
6341 18
6342 23
6343 8
6344 27
6345 65
6346 54
6347 17
6348 62
6349 36
6350 27
6351 42
6352 18
6353 51
6354 29
6355 40
6356 41
6357 6
6358 12
6359 17
6360 43
6361 15
6362 33
6363 33
6364 32
6365 49
6366 22
6367 44
6368 42
6369 38
6370 41
6371 8
6372 8
6373 20
6374 20
6375 4
6376 45
6377 43
6378 8
6379 45
6380 45
6381 50
6382 15
6383 44
6384 44
6385 4
6386 48
6387 48
6388 28
6389 28
6390 23
6391 16
6392 18
6393 38
6394 63
6395 33
6396 1
6397 41
6398 50
6399 50
6400 42
6401 12
6402 33
6403 33
6404 21
6405 22
6406 16
6407 17
6408 45
6409 70
6410 17
6411 26
6412 21
6413 23
6414 32
6415 50
6416 23
6417 63
6418 49
6419 23
6420 38
6421 38
6422 38
6423 37
6424 52
6425 42
6426 33
6427 32
6428 50
6429 12
6430 52
6431 38
6432 32
6433 10
6434 10
6435 58
6436 23
6437 30
6438 42
6439 29
6440 49
6441 29
6442 29
6443 29
6444 42
6445 42
6446 32
6447 52
6448 52
6449 18
6450 16
6451 52
6452 16
6453 27
6454 54
6455 57
6456 40
6457 40
6458 41
6459 13
6460 28
6461 46
6462 46
6463 46
6464 29
6465 54
6466 40
6467 40
6468 23
6469 13
6470 57
6471 68
6472 32
6473 52
6474 52
6475 28
6476 23
6477 23
6478 13
6479 13
6480 70
6481 42
6482 39
6483 23
6484 23
6485 23
6486 27
6487 32
6488 46
6489 10
6490 6
6491 37
6492 32
6493 17
6494 32
6495 54
6496 29
6497 26
6498 42
6499 15
6500 22
6501 27
6502 18
6503 74
6504 29
6505 20
6506 17
6507 17
6508 29
6509 42
6510 26
6511 26
6512 37
6513 42
6514 49
6515 13
6516 12
6517 13
6518 26
6519 62
6520 38
6521 32
6522 27
6523 6
6524 12
6525 17
6526 17
6527 10
6528 17
6529 37
6530 23
6531 8
6532 23
6533 12
6534 41
6535 25
6536 60
6537 25
6538 60
6539 65
6540 29
6541 69
6542 40
6543 15
6544 4
6545 4
6546 12
6547 15
6548 17
6549 16
6550 34
6551 64
6552 51
6553 50
6554 43
6555 39
6556 32
6557 23
6558 16
6559 21
6560 21
6561 12
6562 12
6563 29
6564 33
6565 8
6566 43
6567 8
6568 8
6569 36
6570 62
6571 18
6572 63
6573 55
6574 4
6575 4
6576 4
6577 45
6578 45
6579 28
6580 10
6581 10
6582 17
6583 48
6584 41
6585 70
6586 53
6587 59
6588 60
6589 40
6590 23
6591 17
6592 65
6593 25
6594 40
6595 42
6596 50
6597 50
6598 50
6599 17
6600 25
6601 65
6602 38
6603 38
6604 73
6605 12
6606 37
6607 42
6608 20
6609 56
6610 51
6611 29
6612 27
6613 63
6614 65
6615 45
6616 53
6617 28
6618 52
6619 52
6620 23
6621 1
6622 8
6623 58
6624 54
6625 54
6626 17
6627 10
6628 63
6629 63
6630 49
6631 49
6632 40
6633 32
6634 33
6635 51
6636 65
6637 75
6638 28
6639 8
6640 54
6641 21
6642 63
6643 52
6644 16
6645 52
6646 17
6647 42
6648 37
6649 71
6650 38
6651 63
6652 23
6653 23
6654 23
6655 23
6656 1
6657 23
6658 59
6659 32
6660 32
6661 12
6662 29
6663 29
6664 28
6665 25
6666 56
6667 16
6668 51
6669 51
6670 28
6671 28
6672 62
6673 20
6674 32
6675 16
6676 23
6677 52
6678 52
6679 41
6680 62
6681 15
6682 28
6683 37
6684 23
6685 70
6686 29
6687 23
6688 58
6689 58
6690 58
6691 65
6692 59
6693 59
6694 16
6695 41
6696 41
6697 6
6698 45
6699 52
6700 52
6701 45
6702 15
6703 73
6704 32
6705 12
6706 17
6707 37
6708 60
6709 42
6710 65
6711 27
6712 53
6713 62
6714 48
6715 56
6716 62
6717 42
6718 17
6719 69
6720 1
6721 42
6722 16
6723 26
6724 69
6725 20
6726 20
6727 45
6728 57
6729 38
6730 75
6731 32
6732 22
6733 13
6734 26
6735 17
6736 22
6737 26
6738 42
6739 37
6740 16
6741 16
6742 56
6743 32
6744 13
6745 13
6746 4
6747 44
6748 4
6749 68
6750 69
6751 69
6752 48
6753 51
6754 10
6755 10
6756 17
6757 49
6758 1
6759 15
6760 28
6761 25
6762 29
6763 29
6764 34
6765 37
6766 42
6767 26
6768 17
6769 49
6770 6
6771 45
6772 27
6773 17
6774 53
6775 53
6776 66
6777 44
6778 44
6779 23
6780 5
6781 6
6782 29
6783 42
6784 30
6785 52
6786 53
6787 17
6788 71
6789 26
6790 30
6791 58
6792 76
6793 12
6794 61
6795 37
6796 37
6797 17
6798 30
6799 15
6800 43
6801 37
6802 37
6803 50
6804 25
6805 23
6806 23
6807 16
6808 41
6809 45
6810 50
6811 51
6812 37
6813 52
6814 52
6815 44
6816 66
6817 32
6818 17
6819 1
6820 21
6821 42
6822 51
6823 43
6824 65
6825 37
6826 37
6827 28
6828 28
6829 6
6830 58
6831 4
6832 4
6833 29
6834 17
6835 55
6836 63
6837 16
6838 29
6839 42
6840 42
6841 17
6842 46
6843 45
6844 64
6845 41
6846 33
6847 37
6848 10
6849 27
6850 18
6851 1
6852 42
6853 42
6854 18
6855 18
6856 15
6857 17
6858 45
6859 62
6860 28
6861 20
6862 10
6863 17
6864 21
6865 38
6866 15
6867 28
6868 27
6869 42
6870 1
6871 42
6872 13
6873 16
6874 18
6875 74
6876 18
6877 49
6878 65
6879 22
6880 37
6881 6
6882 41
6883 58
6884 1
6885 32
6886 29
6887 23
6888 54
6889 17
6890 33
6891 48
6892 28
6893 42
6894 28
6895 55
6896 18
6897 28
6898 60
6899 6
6900 76
6901 20
6902 50
6903 20
6904 41
6905 48
6906 48
6907 58
6908 71
6909 53
6910 58
6911 58
6912 45
6913 13
6914 38
6915 37
6916 18
6917 18
6918 1
6919 26
6920 12
6921 45
6922 23
6923 42
6924 74
6925 22
6926 12
6927 12
6928 12
6929 54
6930 27
6931 27
6932 33
6933 65
6934 12
6935 61
6936 27
6937 27
6938 27
6939 10
6940 10
6941 10
6942 27
6943 27
6944 4
6945 73
6946 66
6947 13
6948 67
6949 17
6950 17
6951 63
6952 30
6953 13
6954 8
6955 16
6956 52
6957 21
6958 22
6959 66
6960 27
6961 32
6962 75
6963 40
6964 10
6965 10
6966 29
6967 62
6968 44
6969 17
6970 42
6971 51
6972 70
6973 8
6974 52
6975 52
6976 38
6977 63
6978 17
6979 17
6980 12
6981 23
6982 13
6983 32
6984 65
6985 54
6986 28
6987 27
6988 25
6989 17
6990 38
6991 17
6992 12
6993 26
6994 22
6995 23
6996 37
6997 37
6998 51
6999 15
7000 26
7001 18
7002 42
7003 48
7004 6
7005 1
7006 37
7007 1
7008 12
7009 42
7010 69
7011 69
7012 51
7013 12
7014 17
7015 17
7016 37
7017 37
7018 37
7019 28
7020 75
7021 65
7022 65
7023 17
7024 28
7025 28
7026 20
7027 23
7028 65
7029 23
7030 21
7031 26
7032 15
7033 23
7034 18
7035 37
7036 37
7037 37
7038 44
7039 54
7040 23
7041 38
7042 21
7043 67
7044 51
7045 62
7046 65
7047 28
7048 75
7049 10
7050 69
7051 10
7052 4
7053 17
7054 62
7055 6
7056 23
7057 46
7058 1
7059 13
7060 42
7061 38
7062 38
7063 26
7064 26
7065 53
7066 74
7067 52
7068 48
7069 32
7070 16
7071 51
7072 18
7073 48
7074 15
7075 54
7076 23
7077 32
7078 48
7079 20
7080 10
7081 10
7082 10
7083 36
7084 32
7085 16
7086 48
7087 32
7088 13
7089 62
7090 17
7091 16
7092 69
7093 65
7094 44
7095 41
7096 48
7097 48
7098 75
7099 41
7100 23
7101 48
7102 62
7103 48
7104 62
7105 15
7106 15
7107 23
7108 29
7109 17
7110 42
7111 42
7112 15
7113 56
7114 53
7115 67
7116 15
7117 48
7118 1
7119 76
7120 29
7121 21
7122 8
7123 13
7124 12
7125 12
7126 34
7127 8
7128 33
7129 22
7130 32
7131 48
7132 41
7133 50
7134 39
7135 41
7136 49
7137 49
7138 13
7139 13
7140 68
7141 13
7142 58
7143 39
7144 43
7145 43
7146 43
7147 28
7148 21
7149 52
7150 5
7151 43
7152 12
7153 65
7154 8
7155 8
7156 8
7157 63
7158 37
7159 37
7160 48
7161 33
7162 17
7163 54
7164 37
7165 52
7166 4
7167 4
7168 4
7169 26
7170 4
7171 62
7172 37
7173 51
7174 25
7175 51
7176 28
7177 28
7178 75
7179 22
7180 45
7181 25
7182 41
7183 40
7184 53
7185 32
7186 53
7187 49
7188 49
7189 49
7190 49
7191 52
7192 54
7193 43
7194 15
7195 75
7196 41
7197 63
7198 54
7199 13
7200 56
7201 78
7202 30
7203 43
7204 23
7205 51
7206 17
7207 76
7208 23
7209 17
7210 52
7211 42
7212 42
7213 20
7214 52
7215 28
7216 21
7217 25
7218 13
7219 23
7220 23
7221 64
7222 45
7223 23
7224 47
7225 26
7226 17
7227 29
7228 43
7229 10
7230 75
7231 34
7232 34
7233 42
7234 69
7235 1
7236 10
7237 69
7238 41
7239 52
7240 52
7241 16
7242 52
7243 27
7244 27
7245 70
7246 55
7247 55
7248 47
7249 28
7250 27
7251 27
7252 65
7253 42
7254 51
7255 51
7256 65
7257 4
7258 21
7259 1
7260 21
7261 54
7262 16
7263 48
7264 52
7265 38
7266 38
7267 59
7268 48
7269 42
7270 1
7271 10
7272 1
7273 10
7274 13
7275 49
7276 20
7277 25
7278 32
7279 23
7280 37
7281 32
7282 32
7283 59
7284 45
7285 15
7286 55
7287 13
7288 41
7289 51
7290 32
7291 21
7292 23
7293 68
7294 22
7295 45
7296 58
7297 32
7298 22
7299 25
7300 13
7301 73
7302 42
7303 26
7304 8
7305 65
7306 17
7307 29
7308 1
7309 65
7310 65
7311 50
7312 48
7313 43
7314 22
7315 8
7316 21
7317 32
7318 26
7319 49
7320 32
7321 48
7322 6
7323 1
7324 32
7325 4
7326 52
7327 52
7328 17
7329 53
7330 17
7331 60
7332 60
7333 13
7334 15
7335 42
7336 28
7337 28
7338 28
7339 16
7340 17
7341 23
7342 23
7343 41
7344 23
7345 67
7346 15
7347 12
7348 23
7349 28
7350 52
7351 52
7352 74
7353 74
7354 27
7355 74
7356 25
7357 17
7358 43
7359 44
7360 17
7361 57
7362 8
7363 17
7364 56
7365 13
7366 63
7367 13
7368 62
7369 48
7370 48
7371 37
7372 13
7373 27
7374 38
7375 48
7376 52
7377 13
7378 27
7379 56
7380 27
7381 42
7382 29
7383 27
7384 12
7385 55
7386 55
7387 8
7388 17
7389 17
7390 10
7391 10
7392 17
7393 69
7394 52
7395 25
7396 28
7397 16
7398 41
7399 65
7400 62
7401 21
7402 36
7403 18
7404 49
7405 17
7406 41
7407 32
7408 40
7409 1
7410 21
7411 22
7412 28
7413 8
7414 49
7415 1
7416 27
7417 21
7418 68
7419 69
7420 25
7421 75
7422 69
7423 41
7424 28
7425 39
7426 38
7427 1
7428 23
7429 23
7430 29
7431 53
7432 45
7433 17
7434 69
7435 10
7436 6
7437 10
7438 27
7439 32
7440 41
7441 23
7442 29
7443 45
7444 27
7445 29
7446 48
7447 36
7448 58
7449 73
7450 28
7451 38
7452 59
7453 74
7454 17
7455 17
7456 45
7457 45
7458 32
7459 49
7460 10
7461 55
7462 49
7463 55
7464 49
7465 8
7466 8
7467 8
7468 43
7469 32
7470 23
7471 58
7472 16
7473 54
7474 29
7475 29
7476 13
7477 17
7478 21
7479 70
7480 75
7481 22
7482 69
7483 23
7484 51
7485 38
7486 16
7487 1
7488 1
7489 6
7490 38
7491 38
7492 38
7493 38
7494 48
7495 16
7496 20
7497 20
7498 29
7499 51
7500 1
7501 65
7502 18
7503 34
7504 17
7505 15
7506 34
7507 41
7508 75
7509 45
7510 75
7511 45
7512 50
7513 26
7514 28
7515 28
7516 15
7517 15
7518 45
7519 45
7520 65
7521 40
7522 65
7523 65
7524 21
7525 26
7526 23
7527 12
7528 33
7529 33
7530 25
7531 74
7532 17
7533 63
7534 47
7535 32
7536 54
7537 32
7538 4
7539 13
7540 65
7541 29
7542 1
7543 15
7544 44
7545 10
7546 50
7547 17
7548 10
7549 48
7550 26
7551 13
7552 52
7553 62
7554 26
7555 8
7556 30
7557 30
7558 43
7559 49
7560 32
7561 23
7562 52
7563 23
7564 40
7565 32
7566 33
7567 68
7568 38
7569 12
7570 42
7571 17
7572 57
7573 41
7574 42
7575 55
7576 29
7577 41
7578 23
7579 23
7580 38
7581 30
7582 45
7583 17
7584 17
7585 6
7586 68
7587 28
7588 47
7589 70
7590 36
7591 8
7592 17
7593 13
7594 42
7595 46
7596 17
7597 74
7598 42
7599 56
7600 26
7601 52
7602 28
7603 1
7604 38
7605 45
7606 66
7607 18
7608 18
7609 4
7610 32
7611 10
7612 28
7613 28
7614 28
7615 6
7616 41
7617 4
7618 16
7619 8
7620 40
7621 17
7622 40
7623 73
7624 1
7625 12
7626 33
7627 37
7628 75
7629 41
7630 55
7631 52
7632 42
7633 58
7634 27
7635 25
7636 6
7637 26
7638 37
7639 44
7640 27
7641 39
7642 23
7643 52
7644 26
7645 43
7646 50
7647 32
7648 27
7649 61
7650 71
7651 51
7652 26
7653 52
7654 38
7655 38
7656 17
7657 25
7658 48
7659 44
7660 44
7661 44
7662 44
7663 42
7664 28
7665 32
7666 63
7667 15
7668 18
7669 59
7670 61
7671 4
7672 48
7673 17
7674 50
7675 28
7676 75
7677 41
7678 45
7679 42
7680 49
7681 43
7682 47
7683 65
7684 16
7685 41
7686 32
7687 26
7688 26
7689 10
7690 15
7691 33
7692 17
7693 49
7694 65
7695 13
7696 46
7697 16
7698 38
7699 37
7700 1
7701 49
7702 38
7703 68
7704 42
7705 39
7706 54
7707 13
7708 13
7709 13
7710 16
7711 10
7712 20
7713 45
7714 27
7715 55
7716 54
7717 54
7718 17
7719 4
7720 32
7721 17
7722 75
7723 75
7724 75
7725 10
7726 4
7727 68
7728 68
7729 16
7730 16
7731 8
7732 49
7733 47
7734 47
7735 6
7736 23
7737 16
7738 16
7739 29
7740 74
7741 65
7742 68
7743 27
7744 42
7745 42
7746 68
7747 32
7748 16
7749 48
7750 48
7751 28
7752 1
7753 48
7754 48
7755 13
7756 54
7757 17
7758 17
7759 52
7760 52
7761 23
7762 17
7763 25
7764 43
7765 43
7766 43
7767 23
7768 17
7769 50
7770 18
7771 37
7772 48
7773 41
7774 22
7775 27
7776 27
7777 34
7778 34
7779 22
7780 21
7781 49
7782 28
7783 17
7784 12
7785 1
7786 28
7787 6
7788 17
7789 17
7790 42
7791 18
7792 41
7793 48
7794 48
7795 16
7796 27
7797 34
7798 34
7799 32
7800 32
7801 55
7802 16
7803 12
7804 23
7805 23
7806 32
7807 12
7808 29
7809 13
7810 5
7811 51
7812 12
7813 34
7814 76
7815 76
7816 28
7817 51
7818 58
7819 58
7820 73
7821 4
7822 25
7823 53
7824 8
7825 54
7826 27
7827 58
7828 48
7829 21
7830 21
7831 44
7832 10
7833 36
7834 54
7835 65
7836 27
7837 25
7838 45
7839 53
7840 17
7841 57
7842 39
7843 28
7844 8
7845 8
7846 70
7847 43
7848 12
7849 1
7850 4
7851 42
7852 60
7853 42
7854 17
7855 41
7856 48
7857 16
7858 17
7859 1
7860 40
7861 49
7862 43
7863 17
7864 28
7865 52
7866 32
7867 52
7868 34
7869 22
7870 22
7871 71
7872 23
7873 43
7874 22
7875 42
7876 1
7877 30
7878 51
7879 37
7880 22
7881 10
7882 17
7883 50
7884 27
7885 27
7886 17
7887 6
7888 52
7889 12
7890 12
7891 12
7892 72
7893 8
7894 41
7895 30
7896 51
7897 50
7898 20
7899 28
7900 29
7901 29
7902 32
7903 16
7904 75
7905 17
7906 27
7907 34
7908 18
7909 33
7910 65
7911 33
7912 75
7913 75
7914 63
7915 17
7916 39
7917 49
7918 25
7919 69
7920 48
7921 32
7922 22
7923 18
7924 33
7925 36
7926 29
7927 17
7928 49
7929 21
7930 18
7931 32
7932 52
7933 69
7934 70
7935 27
7936 41
7937 12
7938 52
7939 27
7940 69
7941 25
7942 41
7943 41
7944 12
7945 42
7946 54
7947 54
7948 42
7949 37
7950 51
7951 37
7952 56
7953 17
7954 27
7955 18
7956 26
7957 76
7958 49
7959 52
7960 17
7961 52
7962 45
7963 52
7964 50
7965 59
7966 52
7967 26
7968 52
7969 45
7970 17
7971 28
7972 21
7973 29
7974 12
7975 28
7976 48
7977 26
7978 22
7979 42
7980 17
7981 17
7982 1
7983 49
7984 27
7985 54
7986 8
7987 58
7988 13
7989 54
7990 32
7991 51
7992 74
7993 74
7994 27
7995 18
7996 63
7997 5
7998 26
7999 26
8000 17
8001 13
8002 40
8003 43
8004 23
8005 39
8006 23
8007 27
8008 15
8009 41
8010 29
8011 18
8012 38
8013 39
8014 46
8015 52
8016 38
8017 75
8018 32
8019 76
8020 76
8021 76
8022 25
8023 59
8024 65
8025 69
8026 62
8027 62
8028 73
8029 76
8030 76
8031 8
8032 8
8033 76
8034 26
8035 16
8036 32
8037 17
8038 37
8039 63
8040 53
8041 49
8042 33
8043 8
8044 52
8045 50
8046 15
8047 29
8048 26
8049 75
8050 75
8051 23
8052 75
8053 64
8054 23
8055 43
8056 8
8057 27
8058 37
8059 17
8060 52
8061 70
8062 18
8063 53
8064 70
8065 16
8066 8
8067 40
8068 8
8069 4
8070 28
8071 54
8072 48
8073 23
8074 40
8075 15
8076 23
8077 8
8078 36
8079 30
8080 49
8081 52
8082 26
8083 18
8084 16
8085 27
8086 48
8087 25
8088 15
8089 44
8090 42
8091 29
8092 54
8093 73
8094 44
8095 29
8096 30
8097 18
8098 1
8099 65
8100 68
8101 29
8102 16
8103 68
8104 27
8105 23
8106 52
8107 16
8108 12
8109 37
8110 37
8111 37
8112 5
8113 49
8114 15
8115 18
8116 18
8117 29
8118 12
8119 41
8120 65
8121 8
8122 12
8123 42
8124 10
8125 13
8126 13
8127 6
8128 29
8129 54
8130 54
8131 39
8132 45
8133 63
8134 28
8135 48
8136 51
8137 10
8138 8
8139 22
8140 59
8141 18
8142 17
8143 10
8144 26
8145 26
8146 21
8147 40
8148 37
8149 52
8150 32
8151 57
8152 41
8153 48
8154 57
8155 21
8156 21
8157 17
8158 40
8159 40
8160 54
8161 38
8162 50
8163 41
8164 21
8165 21
8166 16
8167 42
8168 10
8169 43
8170 10
8171 10
8172 42
8173 12
8174 34
8175 8
8176 23
8177 43
8178 28
8179 65
8180 26
8181 13
8182 13
8183 5
8184 16
8185 73
8186 44
8187 48
8188 63
8189 62
8190 41
8191 12
8192 76
8193 12
8194 12
8195 76
8196 12
8197 12
8198 12
8199 12
8200 12
8201 41
8202 72
8203 8
8204 58
8205 58
8206 1
8207 8
8208 62
8209 26
8210 26
8211 52
8212 41
8213 15
8214 42
8215 42
8216 49
8217 41
8218 43
8219 39
8220 43
8221 15
8222 43
8223 43
8224 43
8225 38
8226 43
8227 43
8228 43
8229 13
8230 43
8231 43
8232 43
8233 39
8234 43
8235 65
8236 43
8237 43
8238 49
8239 8
8240 8
8241 43
8242 43
8243 21
8244 15
8245 43
8246 41
8247 6
8248 41
8249 54
8250 54
8251 54
8252 38
8253 27
8254 76
8255 37
8256 13
8257 15
8258 12
8259 23
8260 28
8261 36
8262 76
8263 27
8264 27
8265 22
8266 12
8267 38
8268 15
8269 38
8270 54
8271 15
8272 63
8273 39
8274 47
8275 1
8276 32
8277 68
8278 29
8279 12
8280 16
8281 8
8282 55
8283 26
8284 52
8285 52
8286 8
8287 8
8288 8
8289 33
8290 6
8291 13
8292 6
8293 32
8294 43
8295 18
8296 30
8297 15
8298 16
8299 50
8300 22
8301 18
8302 15
8303 15
8304 52
8305 53
8306 39
8307 37
8308 28
8309 37
8310 37
8311 37
8312 65
8313 65
8314 10
8315 10
8316 29
8317 34
8318 12
8319 12
8320 18
8321 30
8322 57
8323 49
8324 48
8325 66
8326 66
8327 52
8328 13
8329 22
8330 13
8331 1
8332 1
8333 1
8334 42
8335 22
8336 26
8337 26
8338 29
8339 22
8340 26
8341 26
8342 22
8343 26
8344 22
8345 6
8346 37
8347 45
8348 42
8349 51
8350 27
8351 75
8352 43
8353 48
8354 48
8355 38
8356 29
8357 76
8358 1
8359 1
8360 1
8361 51
8362 51
8363 51
8364 51
8365 37
8366 51
8367 42
8368 65
8369 51
8370 51
8371 55
8372 34
8373 65
8374 32
8375 58
8376 32
8377 12
8378 57
8379 12
8380 70
8381 70
8382 51
8383 51
8384 51
8385 29
8386 8
8387 23
8388 63
8389 75
8390 5
8391 4
8392 20
8393 57
8394 52
8395 52
8396 50
8397 50
8398 50
8399 50
8400 18
8401 78
8402 75
8403 29
8404 42
8405 42
8406 65
8407 75
8408 75
8409 75
8410 34
8411 22
8412 54
8413 54
8414 26
8415 69
8416 41
8417 28
8418 43
8419 28
8420 8
8421 22
8422 43
8423 18
8424 43
8425 43
8426 52
8427 16
8428 30
8429 65
8430 15
8431 27
8432 39
8433 38
8434 27
8435 27
8436 13
8437 15
8438 17
8439 38
8440 38
8441 38
8442 27
8443 23
8444 63
8445 75
8446 75
8447 15
8448 15
8449 15
8450 6
8451 40
8452 48
8453 48
8454 41
8455 22
8456 28
8457 43
8458 28
8459 41
8460 41
8461 71
8462 41
8463 41
8464 43
8465 71
8466 32
8467 51
8468 41
8469 43
8470 28
8471 43
8472 43
8473 43
8474 43
8475 28
8476 28
8477 15
8478 17
8479 13
8480 38
8481 38
8482 54
8483 54
8484 42
8485 42
8486 54
8487 54
8488 38
8489 43
8490 39
8491 37
8492 43
8493 8
8494 10
8495 67
8496 32
8497 29
8498 8
8499 15
8500 8
8501 8
8502 8
8503 8
8504 8
8505 8
8506 45
8507 8
8508 8
8509 10
8510 32
8511 10
8512 27
8513 47
8514 47
8515 8
8516 8
8517 8
8518 30
8519 30
8520 30
8521 12
8522 10
8523 52
8524 48
8525 48
8526 48
8527 48
8528 48
8529 8
8530 8
8531 8
8532 8
8533 56
8534 41
8535 49
8536 50
8537 49
8538 48
8539 26
8540 74
8541 18
8542 48
8543 45
8544 18
8545 28
8546 23
8547 49
8548 8
8549 52
8550 32
8551 76
8552 55
8553 51
8554 51
8555 51
8556 51
8557 38
8558 75
8559 17
8560 29
8561 48
8562 75
8563 75
8564 75
8565 75
8566 75
8567 75
8568 75
8569 75
8570 75
8571 17
8572 75
8573 75
8574 75
8575 28
8576 4
8577 71
8578 36
8579 60
8580 60
8581 17
8582 22
8583 65
8584 74
8585 65
8586 33
8587 65
8588 42
8589 33
8590 33
8591 33
8592 28
8593 29
8594 48
8595 33
8596 48
8597 30
8598 48
8599 32
8600 50
8601 50
8602 50
8603 6
8604 68
8605 17
8606 17
8607 4
8608 38
8609 8
8610 37
8611 41
8612 41
8613 6
8614 27
8615 76
8616 40
8617 1
8618 71
8619 41
8620 49
8621 1
8622 40
8623 41
8624 52
8625 52
8626 8
8627 48
8628 29
8629 38
8630 8
8631 8
8632 71
8633 1
8634 1
8635 40
8636 8
8637 45
8638 45
8639 27
8640 37
8641 37
8642 37
8643 37
8644 37
8645 37
8646 37
8647 37
8648 37
8649 37
8650 38
8651 37
8652 37
8653 37
8654 37
8655 37
8656 37
8657 37
8658 51
8659 51
8660 71
8661 51
8662 51
8663 51
8664 37
8665 51
8666 52
8667 37
8668 37
8669 38
8670 37
8671 71
8672 71
8673 37
8674 37
8675 38
8676 71
8677 37
8678 23
8679 37
8680 20
8681 20
8682 28
8683 13
8684 17
8685 17
8686 17
8687 17
8688 17
8689 54
8690 54
8691 41
8692 37
8693 37
8694 37
8695 37
8696 37
8697 37
8698 37
8699 37
8700 37
8701 37
8702 38
8703 49
8704 38
8705 17
8706 28
8707 52
8708 26
8709 41
8710 32
8711 65
8712 40
8713 65
8714 47
8715 47
8716 46
8717 52
8718 17
8719 45
8720 43
8721 5
8722 12
8723 48
8724 37
8725 45
8726 36
8727 41
8728 41
8729 48
8730 41
8731 78
8732 48
8733 37
8734 20
8735 41
8736 41
8737 41
8738 76
8739 41
8740 41
8741 41
8742 41
8743 50
8744 30
8745 30
8746 1
8747 63
8748 27
8749 27
8750 27
8751 27
8752 27
8753 38
8754 27
8755 27
8756 1
8757 38
8758 38
8759 38
8760 38
8761 27
8762 53
8763 32
8764 47
8765 27
8766 73
8767 41
8768 60
8769 75
8770 75
8771 75
8772 75
8773 8
8774 28
8775 48
8776 28
8777 28
8778 28
8779 28
8780 4
8781 4
8782 18
8783 18
8784 18
8785 18
8786 18
8787 18
8788 18
8789 6
8790 41
8791 41
8792 4
8793 37
8794 37
8795 37
8796 37
8797 37
8798 37
8799 37
8800 37
8801 37
8802 37
8803 37
8804 37
8805 37
8806 23
8807 37
8808 37
8809 37
8810 37
8811 37
8812 37
8813 37
8814 37
8815 37
8816 37
8817 37
8818 37
8819 37
8820 37
8821 37
8822 37
8823 37
8824 37
8825 37
8826 37
8827 37
8828 37
8829 37
8830 28
8831 37
8832 37
8833 37
8834 37
8835 37
8836 13
8837 65
8838 56
8839 13
8840 48
8841 77
8842 48
8843 34
8844 64
8845 48
8846 6
8847 41
8848 20
8849 48
8850 48
8851 48
8852 75
8853 28
8854 28
8855 44
8856 44
8857 44
8858 44
8859 44
8860 76
8861 44
8862 76
8863 44
8864 44
8865 44
8866 44
8867 44
8868 44
8869 56
8870 44
8871 44
8872 44
8873 60
8874 60
8875 60
8876 60
8877 4
8878 4
8879 48
8880 48
8881 41
8882 52
8883 41
8884 23
8885 13
8886 48
8887 48
8888 52
8889 54
8890 54
8891 54
8892 48
8893 8
8894 8
8895 22
8896 22
8897 74
8898 54
8899 5
8900 52
8901 42
8902 40
8903 26
8904 26
8905 26
8906 42
8907 61
8908 5
8909 21
8910 37
8911 44
8912 37
8913 37
8914 74
8915 37
8916 42
8917 37
8918 42
8919 37
8920 8
8921 15
8922 37
8923 37
8924 45
8925 37
8926 37
8927 42
8928 42
8929 74
8930 22
8931 52
8932 52
8933 28
8934 38
8935 28
8936 28
8937 52
8938 23
8939 23
8940 23
8941 23
8942 23
8943 34
8944 34
8945 65
8946 23
8947 22
8948 22
8949 28
8950 29
8951 29
8952 23
8953 4
8954 42
8955 13
8956 13
8957 72
8958 4
8959 72
8960 61
8961 27
8962 27
8963 38
8964 21
8965 56
8966 39
8967 15
8968 42
8969 15
8970 15
8971 46
8972 49
8973 49
8974 49
8975 56
8976 54
8977 75
8978 42
8979 32
8980 13
8981 32
8982 54
8983 12
8984 49
8985 53
8986 23
8987 23
8988 42
8989 42
8990 42
8991 42
8992 42
8993 32
8994 42
8995 36
8996 42
8997 42
8998 42
8999 53
9000 42
9001 36
9002 20
9003 30
9004 53
9005 42
9006 29
9007 33
9008 4
9009 32
9010 58
9011 5
9012 25
9013 29
9014 21
9015 13
9016 61
9017 17
9018 16
9019 57
9020 57
9021 42
9022 16
9023 29
9024 61
9025 29
9026 4
9027 42
9028 65
9029 36
9030 52
9031 29
9032 29
9033 42
9034 1
9035 68
9036 53
9037 32
9038 29
9039 57
9040 68
9041 57
9042 71
9043 68
9044 21
9045 71
9046 23
9047 23
9048 49
9049 71
9050 32
9051 61
9052 49
9053 49
9054 32
9055 57
9056 57
9057 57
9058 61
9059 57
9060 41
9061 32
9062 48
9063 69
9064 23
9065 48
9066 12
9067 13
9068 13
9069 13
9070 13
9071 18
9072 75
9073 32
9074 75
9075 75
9076 75
9077 10
9078 10
9079 10
9080 10
9081 10
9082 17
9083 10
9084 54
9085 10
9086 10
9087 10
9088 10
9089 48
9090 48
9091 41
9092 73
9093 10
9094 10
9095 10
9096 50
9097 62
9098 17
9099 17
9100 62
9101 23
9102 28
9103 28
9104 62
9105 28
9106 62
9107 62
9108 17
9109 17
9110 17
9111 62
9112 28
9113 50
9114 17
9115 23
9116 28
9117 41
9118 41
9119 41
9120 41
9121 55
9122 23
9123 28
9124 28
9125 28
9126 17
9127 17
9128 17
9129 17
9130 54
9131 54
9132 54
9133 54
9134 54
9135 54
9136 8
9137 8
9138 8
9139 54
9140 54
9141 54
9142 69
9143 69
9144 69
9145 8
9146 23
9147 75
9148 54
9149 75
9150 75
9151 54
9152 75
9153 75
9154 75
9155 54
9156 23
9157 75
9158 75
9159 23
9160 54
9161 8
9162 8
9163 73
9164 73
9165 48
9166 37
9167 37
9168 37
9169 37
9170 55
9171 73
9172 28
9173 48
9174 48
9175 48
9176 48
9177 48
9178 56
9179 48
9180 48
9181 45
9182 45
9183 17
9184 23
9185 29
9186 34
9187 29
9188 67
9189 12
9190 12
9191 29
9192 12
9193 65
9194 65
9195 12
9196 13
9197 13
9198 23
9199 23
9200 33
9201 23
9202 37
9203 75
9204 16
9205 17
9206 17
9207 75
9208 75
9209 75
9210 75
9211 13
9212 75
9213 75
9214 75
9215 75
9216 52
9217 17
9218 75
9219 38
9220 23
9221 38
9222 37
9223 75
9224 75
9225 28
9226 28
9227 75
9228 75
9229 17
9230 75
9231 75
9232 75
9233 75
9234 5
9235 75
9236 41
9237 75
9238 63
9239 75
9240 75
9241 75
9242 75
9243 75
9244 75
9245 75
9246 22
9247 34
9248 75
9249 75
9250 75
9251 23
9252 75
9253 75
9254 75
9255 75
9256 75
9257 75
9258 75
9259 23
9260 75
9261 38
9262 75
9263 75
9264 75
9265 75
9266 75
9267 23
9268 75
9269 75
9270 47
9271 37
9272 37
9273 37
9274 37
9275 37
9276 37
9277 38
9278 37
9279 37
9280 37
9281 37
9282 55
9283 59
9284 65
9285 23
9286 17
9287 17
9288 17
9289 17
9290 28
9291 28
9292 26
9293 26
9294 17
9295 17
9296 17
9297 27
9298 4
9299 43
9300 43
9301 15
9302 28
9303 28
9304 37
9305 37
9306 37
9307 53
9308 32
9309 10
9310 27
9311 52
9312 61
9313 34
9314 33
9315 15
9316 20
9317 20
9318 56
9319 75
9320 75
9321 20
9322 15
9323 29
9324 4
9325 61
9326 61
9327 42
9328 52
9329 72
9330 50
9331 37
9332 37
9333 26
9334 74
9335 26
9336 49
9337 74
9338 74
9339 44
9340 44
9341 39
9342 39
9343 73
9344 44
9345 44
9346 39
9347 44
9348 50
9349 50
9350 43
9351 39
9352 57
9353 39
9354 76
9355 44
9356 54
9357 54
9358 39
9359 39
9360 39
9361 43
9362 43
9363 43
9364 63
9365 38
9366 43
9367 43
9368 41
9369 20
9370 43
9371 54
9372 32
9373 13
9374 42
9375 42
9376 13
9377 42
9378 32
9379 29
9380 13
9381 42
9382 54
9383 46
9384 46
9385 69
9386 43
9387 18
9388 17
9389 75
9390 61
9391 13
9392 13
9393 13
9394 72
9395 61
9396 42
9397 42
9398 49
9399 26
9400 18
9401 72
9402 1
9403 40
9404 32
9405 23
9406 23
9407 12
9408 29
9409 30
9410 30
9411 40
9412 68
9413 40
9414 37
9415 68
9416 33
9417 33
9418 21
9419 63
9420 39
9421 12
9422 10
9423 39
9424 43
9425 53
9426 53
9427 32
9428 32
9429 46
9430 63
9431 42
9432 63
9433 39
9434 48
9435 26
9436 70
9437 70
9438 26
9439 26
9440 70
9441 43
9442 70
9443 26
9444 18
9445 26
9446 69
9447 26
9448 70
9449 70
9450 26
9451 51
9452 21
9453 49
9454 32
9455 21
9456 1
9457 1
9458 43
9459 70
9460 15
9461 15
9462 42
9463 43
9464 43
9465 8
9466 65
9467 12
9468 23
9469 17
9470 49
9471 49
9472 1
9473 1
9474 5
9475 44
9476 17
9477 17
9478 17
9479 15
9480 18
9481 18
9482 38
9483 70
9484 13
9485 49
9486 21
9487 21
9488 48
9489 43
9490 42
9491 32
9492 17
9493 16
9494 17
9495 49
9496 21
9497 21
9498 21
9499 42
9500 12
9501 12
9502 12
9503 49
9504 49
9505 30
9506 40
9507 40
9508 8
9509 8
9510 8
9511 48
9512 63
9513 48
9514 30
9515 59
9516 63
9517 29
9518 42
9519 12
9520 8
9521 13
9522 13
9523 65
9524 70
9525 13
9526 51
9527 10
9528 10
9529 54
9530 10
9531 10
9532 10
9533 21
9534 21
9535 41
9536 40
9537 49
9538 49
9539 1
9540 29
9541 13
9542 48
9543 21
9544 56
9545 62
9546 56
9547 48
9548 17
9549 17
9550 75
9551 17
9552 23
9553 17
9554 17
9555 17
9556 16
9557 17
9558 75
9559 17
9560 17
9561 62
9562 17
9563 17
9564 47
9565 48
9566 61
9567 42
9568 29
9569 36
9570 32
9571 36
9572 36
9573 29
9574 29
9575 17
9576 42
9577 32
9578 42
9579 42
9580 42
9581 42
9582 17
9583 17
9584 42
9585 4
9586 23
9587 29
9588 4
9589 17
9590 29
9591 43
9592 27
9593 27
9594 38
9595 27
9596 38
9597 27
9598 29
9599 32
9600 34
9601 43
9602 15
9603 18
9604 15
9605 71
9606 71
9607 26
9608 15
9609 20
9610 28
9611 43
9612 38
9613 43
9614 45
9615 38
9616 20
9617 28
9618 21
9619 28
9620 45
9621 15
9622 37
9623 21
9624 21
9625 59
9626 48
9627 43
9628 23
9629 45
9630 15
9631 38
9632 15
9633 38
9634 43
9635 15
9636 28
9637 48
9638 43
9639 63
9640 17
9641 17
9642 17
9643 17
9644 68
9645 68
9646 56
9647 30
9648 21
9649 48
9650 1
9651 30
9652 21
9653 30
9654 30
9655 49
9656 49
9657 49
9658 49
9659 51
9660 26
9661 18
9662 13
9663 69
9664 68
9665 28
9666 21
9667 49
9668 49
9669 21
9670 21
9671 1
9672 23
9673 17
9674 23
9675 23
9676 23
9677 49
9678 15
9679 49
9680 49
9681 12
9682 12
9683 12
9684 71
9685 51
9686 21
9687 39
9688 39
9689 48
9690 23
9691 23
9692 23
9693 23
9694 23
9695 23
9696 75
9697 23
9698 23
9699 23
9700 23
9701 23
9702 23
9703 23
9704 23
9705 23
9706 1
9707 32
9708 69
9709 23
9710 23
9711 49
9712 21
9713 21
9714 71
9715 71
9716 71
9717 71
9718 51
9719 23
9720 23
9721 71
9722 71
9723 71
9724 71
9725 71
9726 71
9727 71
9728 65
9729 40
9730 40
9731 32
9732 30
9733 59
9734 32
9735 21
9736 23
9737 23
9738 23
9739 71
9740 21
9741 40
9742 48
9743 30
9744 4
9745 38
9746 71
9747 71
9748 71
9749 71
9750 71
9751 71
9752 21
9753 71
9754 71
9755 71
9756 17
9757 71
9758 27
9759 27
9760 54
9761 27
9762 15
9763 15
9764 27
9765 63
9766 54
9767 22
9768 42
9769 71
9770 71
9771 71
9772 51
9773 28
9774 25
9775 60
9776 44
9777 44
9778 38
9779 45
9780 56
9781 45
9782 30
9783 23
9784 49
9785 23
9786 71
9787 29
9788 29
9789 32
9790 32
9791 32
9792 32
9793 32
9794 48
9795 68
9796 76
9797 76
9798 57
9799 44
9800 1
9801 32
9802 32
9803 33
9804 71
9805 1
9806 60
9807 44
9808 71
9809 75
9810 75
9811 75
9812 75
9813 75
9814 75
9815 75
9816 75
9817 75
9818 38
9819 47
9820 13
9821 71
9822 71
9823 65
9824 21
9825 21
9826 21
9827 71
9828 71
9829 60
9830 12
9831 65
9832 65
9833 51
9834 71
9835 51
9836 71
9837 51
9838 71
9839 71
9840 47
9841 29
9842 26
9843 63
9844 40
9845 60
9846 73
9847 60
9848 51
9849 71
9850 46
9851 40
9852 71
9853 13
9854 1
9855 60
9856 12
9857 57
9858 71
9859 1
9860 67
9861 44
9862 8
9863 48
9864 12
9865 47
9866 76
9867 76
9868 12
9869 54
9870 54
9871 48
9872 52
9873 16
9874 17
9875 36
9876 16
9877 16
9878 16
9879 17
9880 16
9881 17
9882 17
9883 27
9884 39
9885 48
9886 32
9887 38
9888 27
9889 39
9890 52
9891 13
9892 16
9893 16
9894 16
9895 16
9896 27
9897 38
9898 43
9899 49
9900 26
9901 27
9902 27
9903 54
9904 17
9905 27
9906 27
9907 40
9908 38
9909 63
9910 16
9911 16
9912 63
9913 12
9914 12
9915 12
9916 17
9917 29
9918 53
9919 17
9920 27
9921 29
9922 17
9923 17
9924 17
9925 17
9926 23
9927 41
9928 52
9929 16
9930 16
9931 52
9932 52
9933 69
9934 49
9935 63
9936 63
9937 29
9938 63
9939 32
9940 63
9941 52
9942 16
9943 16
9944 10
9945 63
9946 38
9947 75
9948 49
9949 27
9950 43
9951 27
9952 52
9953 52
9954 59
9955 59
9956 52
9957 28
9958 23
9959 22
9960 22
9961 22
9962 23
9963 28
9964 29
9965 32
9966 28
9967 17
9968 1
9969 54
9970 28
9971 45
9972 63
9973 27
9974 34
9975 27
9976 55
9977 55
9978 28
9979 12
9980 34
9981 29
9982 22
9983 23
9984 22
9985 22
9986 22
9987 33
9988 67
9989 15
9990 15
9991 17
9992 29
9993 13
9994 59
9995 43
9996 8
9997 8
9998 42
9999 71
10000 15
10001 15
10002 16
10003 17
10004 8
10005 22
10006 40
10007 1
10008 33
10009 48
10010 33
10011 68
10012 49
10013 23
10014 54
10015 54
10016 23
10017 15
10018 49
10019 49
10020 8
10021 8
10022 8
10023 8
10024 45
10025 8
10026 16
10027 45
10028 17
10029 42
10030 47
10031 47
10032 13
10033 40
10034 40
10035 17
10036 23
10037 23
10038 8
10039 49
10040 23
10041 23
10042 54
10043 71
10044 40
10045 29
10046 16
10047 30
10048 64
10049 17
10050 23
10051 18
10052 64
10053 41
10054 8
10055 64
10056 23
10057 64
10058 64
10059 53
10060 51
10061 23
10062 75
10063 54
10064 54
10065 54
10066 62
10067 64
10068 23
10069 64
10070 23
10071 32
10072 23
10073 23
10074 23
10075 12
10076 64
10077 64
10078 12
10079 8
10080 23
10081 23
10082 64
10083 23
10084 16
10085 23
10086 25
10087 56
10088 23
10089 8
10090 8
10091 33
10092 23
10093 64
10094 8
10095 23
10096 23
10097 16
10098 17
10099 13
10100 64
10101 6
10102 64
10103 64
10104 22
10105 20
10106 1
10107 8
10108 1
10109 1
10110 30
10111 48
10112 48
10113 48
10114 48
10115 64
10116 64
10117 23
10118 17
10119 54
10120 23
10121 17
10122 68
10123 15
10124 49
10125 49
10126 8
10127 8
10128 8
10129 8
10130 8
10131 49
10132 65
10133 13
10134 15
10135 38
10136 71
10137 29
10138 15
10139 33
10140 67
10141 39
10142 67
10143 33
10144 30
10145 18
10146 63
10147 63
10148 38
10149 57
10150 63
10151 45
10152 8
10153 8
10154 33
10155 8
10156 12
10157 67
10158 43
10159 65
10160 13
10161 13
10162 38
10163 34
10164 34
10165 12
10166 10
10167 39
10168 67
10169 8
10170 42
10171 23
10172 74
10173 12
10174 22
10175 1
10176 1
10177 21
10178 21
10179 8
10180 8
10181 8
10182 8
10183 56
10184 8
10185 57
10186 8
10187 18
10188 27
10189 8
10190 15
10191 12
10192 67
10193 15
10194 15
10195 8
10196 54
10197 54
10198 54
10199 8
10200 8
10201 8
10202 8
10203 8
10204 54
10205 32
10206 32
10207 54
10208 54
10209 8
10210 32
10211 54
10212 74
10213 43
10214 42
10215 13
10216 8
10217 65
10218 42
10219 13
10220 13
10221 28
10222 8
10223 13
10224 53
10225 13
10226 65
10227 65
10228 23
10229 23
10230 34
10231 33
10232 33
10233 33
10234 33
10235 12
10236 12
10237 33
10238 34
10239 8
10240 1
10241 29
10242 13
10243 13
10244 13
10245 13
10246 17
10247 13
10248 13
10249 48
10250 13
10251 8
10252 48
10253 17
10254 13
10255 32
10256 65
10257 69
10258 69
10259 69
10260 69
10261 65
10262 32
10263 10
10264 32
10265 32
10266 69
10267 69
10268 69
10269 15
10270 13
10271 13
10272 32
10273 32
10274 48
10275 32
10276 59
10277 54
10278 54
10279 56
10280 56
10281 23
10282 54
10283 17
10284 28
10285 28
10286 15
10287 65
10288 65
10289 69
10290 18
10291 41
10292 15
10293 8
10294 59
10295 32
10296 43
10297 43
10298 69
10299 69
10300 69
10301 37
10302 37
10303 37
10304 65
10305 51
10306 51
10307 69
10308 1
10309 45
10310 13
10311 20
10312 58
10313 58
10314 48
10315 66
10316 38
10317 44
10318 13
10319 13
10320 13
10321 27
10322 27
10323 27
10324 1
10325 63
10326 48
10327 41
10328 27
10329 15
10330 27
10331 76
10332 12
10333 40
10334 61
10335 1
10336 21
10337 1
10338 40
10339 27
10340 30
10341 13
10342 74
10343 58
10344 67
10345 23
10346 12
10347 1
10348 40
10349 1
10350 30
10351 1
10352 43
10353 27
10354 27
10355 43
10356 30
10357 13
10358 47
10359 56
10360 56
10361 56
10362 78
10363 20
10364 20
10365 23
10366 10
10367 10
10368 10
10369 1
10370 8
10371 48
10372 48
10373 48
10374 32
10375 32
10376 30
10377 30
10378 66
10379 1
10380 1
10381 42
10382 21
10383 41
10384 23
10385 23
10386 28
10387 23
10388 6
10389 6
10390 6
10391 6
10392 76
10393 76
10394 73
10395 44
10396 44
10397 68
10398 12
10399 36
10400 36
10401 51
10402 27
10403 27
10404 27
10405 27
10406 27
10407 27
10408 27
10409 51
10410 27
10411 41
10412 69
10413 13
10414 12
10415 12
10416 10
10417 59
10418 59
10419 76
10420 41
10421 32
10422 41
10423 74
10424 51
10425 32
10426 13
10427 40
10428 52
10429 52
10430 48
10431 52
10432 52
10433 48
10434 67
10435 45
10436 48
10437 23
10438 23
10439 45
10440 6
10441 32
10442 32
10443 43
10444 43
10445 8
10446 32
10447 27
10448 15
10449 69
10450 30
10451 22
10452 32
10453 22
10454 1
10455 32
10456 1
10457 26
10458 26
10459 70
10460 38
10461 40
10462 70
10463 67
10464 29
10465 67
10466 23
10467 23
10468 33
10469 1
10470 30
10471 54
10472 40
10473 21
10474 30
10475 41
10476 40
10477 1
10478 27
10479 33
10480 33
10481 17
10482 17
10483 32
10484 32
10485 32
10486 52
10487 16
10488 38
10489 57
10490 55
10491 67
10492 1
10493 27
10494 38
10495 27
10496 27
10497 17
10498 27
10499 43
10500 38
10501 38
10502 30
10503 30
10504 26
10505 43
10506 1
10507 27
10508 27
10509 27
10510 12
10511 12
10512 12
10513 12
10514 29
10515 42
10516 42
10517 41
10518 17
10519 45
10520 20
10521 20
10522 66
10523 41
10524 52
10525 6
10526 6
10527 32
10528 20
10529 52
10530 42
10531 52
10532 48
10533 23
10534 38
10535 23
10536 8
10537 23
10538 38
10539 22
10540 63
10541 23
10542 23
10543 66
10544 1
10545 1
10546 1
10547 1
10548 1
10549 38
10550 10
10551 22
10552 67
10553 67
10554 23
10555 8
10556 63
10557 21
10558 63
10559 57
10560 25
10561 56
10562 32
10563 76
10564 76
10565 32
10566 32
10567 29
10568 32
10569 42
10570 29
10571 12
10572 42
10573 13
10574 36
10575 13
10576 17
10577 41
10578 71
10579 65
10580 58
10581 15
10582 41
10583 13
10584 13
10585 15
10586 42
10587 15
10588 73
10589 12
10590 57
10591 32
10592 49
10593 49
10594 41
10595 69
10596 32
10597 70
10598 55
10599 53
10600 58
10601 27
10602 27
10603 13
10604 51
10605 51
10606 57
10607 51
10608 51
10609 51
10610 70
10611 41
10612 23
10613 13
10614 41
10615 17
10616 8
10617 8
10618 17
10619 23
10620 70
10621 8
10622 27
10623 55
10624 67
10625 32
10626 32
10627 54
10628 54
10629 26
10630 26
10631 58
10632 60
10633 65
10634 29
10635 71
10636 71
10637 21
10638 71
10639 71
10640 42
10641 57
10642 12
10643 32
10644 49
10645 32
10646 32
10647 69
10648 54
10649 21
10650 21
10651 58
10652 21
10653 49
10654 65
10655 58
10656 23
10657 29
10658 53
10659 70
10660 61
10661 49
10662 56
10663 20
10664 28
10665 18
10666 29
10667 29
10668 22
10669 6
10670 41
10671 36
10672 1
10673 27
10674 38
10675 22
10676 74
10677 32
10678 32
10679 53
10680 32
10681 32
10682 16
10683 22
10684 29
10685 13
10686 16
10687 16
10688 16
10689 16
10690 32
10691 16
10692 22
10693 56
10694 16
10695 16
10696 16
10697 74
10698 29
10699 12
10700 74
10701 29
10702 22
10703 22
10704 16
10705 16
10706 16
10707 13
10708 40
10709 58
10710 58
10711 12
10712 12
10713 65
10714 38
10715 16
10716 23
10717 49
10718 16
10719 40
10720 40
10721 49
10722 29
10723 22
10724 74
10725 16
10726 76
10727 30
10728 30
10729 22
10730 16
10731 16
10732 16
10733 49
10734 61
10735 42
10736 16
10737 16
10738 16
10739 39
10740 16
10741 16
10742 16
10743 16
10744 16
10745 34
10746 74
10747 17
10748 76
10749 76
10750 58
10751 43
10752 15
10753 43
10754 15
10755 69
10756 69
10757 67
10758 69
10759 43
10760 13
10761 43
10762 13
10763 17
10764 29
10765 32
10766 17
10767 17
10768 17
10769 17
10770 17
10771 17
10772 74
10773 22
10774 74
10775 16
10776 16
10777 16
10778 16
10779 65
10780 15
10781 65
10782 74
10783 22
10784 12
10785 12
10786 13
10787 13
10788 65
10789 65
10790 22
10791 16
10792 27
10793 22
10794 13
10795 63
10796 17
10797 4
10798 32
10799 42
10800 42
10801 29
10802 29
10803 12
10804 43
10805 55
10806 6
10807 28
10808 6
10809 33
10810 12
10811 57
10812 30
10813 23
10814 65
10815 13
10816 8
10817 27
10818 21
10819 67
10820 10
10821 12
10822 12
10823 60
10824 42
10825 42
10826 42
10827 15
10828 42
10829 56
10830 56
10831 59
10832 1
10833 33
10834 10
10835 36
10836 29
10837 32
10838 42
10839 42
10840 56
10841 56
10842 56
10843 12
10844 33
10845 34
10846 12
10847 42
10848 42
10849 26
10850 46
10851 42
10852 32
10853 29
10854 15
10855 42
10856 42
10857 12
10858 32
10859 32
10860 29
10861 12
10862 12
10863 12
10864 38
10865 67
10866 64
10867 18
10868 49
10869 49
10870 49
10871 38
10872 38
10873 26
10874 49
10875 40
10876 29
10877 12
10878 12
10879 12
10880 53
10881 1
10882 53
10883 18
10884 69
10885 65
10886 53
10887 65
10888 29
10889 49
10890 12
10891 12
10892 32
10893 40
10894 13
10895 54
10896 32
10897 48
10898 49
10899 29
10900 38
10901 32
10902 42
10903 29
10904 29
10905 10
10906 49
10907 40
10908 49
10909 49
10910 49
10911 49
10912 77
10913 33
10914 49
10915 13
10916 69
10917 22
10918 15
10919 12
10920 18
10921 18
10922 28
10923 53
10924 53
10925 63
10926 10
10927 75
10928 13
10929 18
10930 12
10931 39
10932 29
10933 15
10934 43
10935 8
10936 28
10937 26
10938 26
10939 18
10940 26
10941 28
10942 62
10943 74
10944 12
10945 23
10946 63
10947 8
10948 8
10949 23
10950 49
10951 32
10952 28
10953 74
10954 22
10955 22
10956 41
10957 51
10958 29
10959 29
10960 42
10961 1
10962 4
10963 4
10964 61
10965 1
10966 59
10967 12
10968 8
10969 8
10970 12
10971 32
10972 32
10973 70
10974 8
10975 32
10976 71
10977 71
10978 8
10979 8
10980 8
10981 45
10982 38
10983 38
10984 38
10985 54
10986 32
10987 17
10988 49
10989 15
10990 38
10991 12
10992 12
10993 15
10994 13
10995 33
10996 6
10997 6
10998 40
10999 8
11000 43
11001 21
11002 6
11003 6
11004 65
11005 32
11006 46
11007 40
11008 1
11009 21
11010 40
11011 40
11012 40
11013 40
11014 40
11015 40
11016 40
11017 21
11018 40
11019 12
11020 12
11021 12
11022 12
11023 71
11024 32
11025 32
11026 32
11027 13
11028 1
11029 12
11030 27
11031 33
11032 73
11033 40
11034 32
11035 54
11036 17
11037 17
11038 17
11039 17
11040 16
11041 17
11042 17
11043 17
11044 52
11045 17
11046 17
11047 42
11048 28
11049 4
11050 40
11051 59
11052 53
11053 49
11054 48
11055 1
11056 40
11057 40
11058 49
11059 29
11060 66
11061 78
11062 20
11063 28
11064 28
11065 28
11066 75
11067 51
11068 1
11069 13
11070 33
11071 32
11072 32
11073 65
11074 65
11075 28
11076 30
11077 8
11078 23
11079 49
11080 18
11081 18
11082 18
11083 18
11084 43
11085 40
11086 52
11087 25
11088 12
11089 44
11090 22
11091 26
11092 12
11093 20
11094 76
11095 73
11096 21
11097 38
11098 23
11099 34
11100 74
11101 17
11102 17
11103 45
11104 18
11105 45
11106 33
11107 63
11108 29
11109 12
11110 16
11111 21
11112 4
11113 8
11114 10
11115 10
11116 6
11117 6
11118 21
11119 13
11120 26
11121 26
11122 13
11123 23
11124 32
11125 29
11126 29
11127 23
11128 23
11129 33
11130 10
11131 33
11132 15
11133 40
11134 41
11135 26
11136 1
11137 26
11138 43
11139 15
11140 42
11141 1
11142 20
11143 48
11144 28
11145 32
11146 1
11147 21
11148 49
11149 28
11150 41
11151 51
11152 23
11153 41
11154 53
11155 54
11156 55
11157 15
11158 48
11159 48
11160 48
11161 39
11162 57
11163 50
11164 41
11165 59
11166 37
11167 48
11168 48
11169 48
11170 48
11171 48
11172 44
11173 48
11174 41
11175 44
11176 13
11177 36
11178 65
11179 48
11180 52
11181 33
11182 61
11183 33
11184 63
11185 30
11186 32
11187 49
11188 12
11189 41
11190 27
11191 32
11192 65
11193 51
11194 45
11195 59
11196 49
11197 33
11198 49
11199 40
11200 21
11201 13
11202 37
11203 26
11204 18
11205 6
11206 12
11207 54
11208 41
11209 41
11210 48
11211 20
11212 21
11213 58
11214 68
11215 45
11216 70
11217 62
11218 4
11219 27
11220 12
11221 17
11222 23
11223 62
11224 23
11225 52
11226 72
11227 58
11228 51
11229 69
11230 73
11231 62
11232 48
11233 16
11234 5
11235 6
11236 52
11237 5
11238 6
11239 23
11240 13
11241 65
11242 10
11243 63
11244 43
11245 20
11246 61
11247 26
11248 18
11249 45
11250 27
11251 52
11252 52
11253 32
11254 49
11255 18
11256 41
11257 16
