0 14
1 26
2 16
3 2
4 1 2 0 370
4 1 2 5310 6178
3 2
4 1 3 15 2886 7931
4 1 2 7544 7680
3 3
4 1 3 277 6906 7172
4 1 4 889 4516 4523 7666
4 1 2 5471 7436
3 1 4 492 6513 7353 8567
3 1 3 522 5107 8425
3 2
4 1 3 538 5152 6922
4 1 3 5166 7814 8459
3 4
4 1 3 542 3531 8233
4 1 4 4392 7053 7365 7907
4 1 2 5726 7991
4 1 3 6124 7140 8380
3 1 3 878 4397 9313
3 1 2 1611 6551
3 2
4 1 2 3715 8497
4 1 3 5740 6008 7941
3 2
4 1 2 4061 6972
4 1 2 7477 8153
3 1 6 4189 4443 6000 6540 7121 8366
3 1 4 4722 5434 6349 8079
3 2
4 1 2 5951 8637
4 1 2 7607 7940
3 2
4 1 2 6235 8422
4 1 3 7683 7996 8432
3 1 3 7966 8191 8340
2 18
3 6
4 3
5 1 3 5 2187 7797
5 1 2 126 6977
5 1 2 5823 5912
4 2
5 1 3 207 4361 6640
5 1 2 6678 7065
4 1 4 449 569 900 5479
4 2
5 1 3 662 5050 6851
5 1 3 4725 7345 7841
4 1 5 6550 8187 8227 8451 8506
4 1 2 6573 9908
3 7
4 2
5 1 3 100 2358 7847
5 1 2 7236 8197
4 1 3 158 1491 7877
4 2
5 1 5 650 4021 4543 6680 6966
5 1 3 670 6829 7056
4 1 3 2004 7490 8441
4 1 2 4161 8175
4 1 4 4540 6411 7705 7923
4 1 3 6930 7044 7505
3 1 3 422 5249 5558
3 1 2 1033 1479
3 1 3 1214 3300 5226
3 6
4 1 2 1296 7623
4 2
5 1 2 2824 3763
5 1 2 5088 6910
4 1 3 4218 5842 7494
4 1 2 4503 5856
4 1 2 4755 8628
4 1 2 7518 7647
3 1 3 1865 5573 7248
3 4
4 2
5 1 2 3042 3517
5 1 2 6638 6961
4 2
5 1 2 3534 7541
5 1 2 7828 7878
4 1 3 5174 6937 7191
4 1 3 6156 6635 7628
3 3
4 1 4 3497 4842 6014 7014
4 2
5 1 3 4924 7020 9382
5 1 2 5109 7794
4 1 3 5224 8263 8395
3 3
4 1 2 3627 3931
4 1 2 5891 7995
4 1 2 6645 7947
3 3
4 1 2 3826 7358
4 1 3 5115 5192 7665
4 1 2 6658 7514
3 1 2 4467 6982
3 1 3 4847 7703 7782
3 2
4 1 3 5171 5555 7744
4 1 4 6637 7099 7389 8305
3 2
4 1 3 5259 6942 7177
4 1 3 6824 6881 7272
3 1 4 5401 5845 6515 7149
3 3
4 1 2 5431 7401
4 1 3 5568 6653 8448
4 1 2 6376 8482
3 4
4 1 4 6150 6767 7232 7374
4 1 2 6467 6695
4 2
5 1 2 6883 8329
5 1 2 7028 7610
4 1 2 7175 7981
2 13
3 7
4 1 3 27 552 880
4 1 5 122 275 855 2170 4524
4 2
5 1 3 614 3201 5007
5 1 2 925 3833
4 2
5 1 4 656 3276 5981 6105
5 1 2 3855 4546
4 1 3 1237 4431 7275
4 2
5 1 3 2078 2134 7342
5 1 2 4390 5159
4 1 2 2300 7238
3 11
4 1 7 136 1756 3119 5990 6434 6530 8119
4 1 5 509 5885 6080 8142 8177
4 2
5 1 4 2328 3248 3537 6057
5 1 2 6496 6647
4 2
5 2
6 1 3 2452 7499 8229
6 1 2 6395 6567
5 1 5 5930 6869 7349 8478 8661
4 1 3 2771 6801 7898
4 2
5 1 2 4104 6472
5 1 2 4918 7516
4 2
5 1 2 5078 6634
5 1 2 5689 7283
4 1 3 6086 6592 6672
4 2
5 1 3 6199 6215 6782
5 1 2 6577 7107
4 1 4 6200 7216 7816 8272
4 1 3 6415 7556 7688
3 5
4 2
5 2
6 1 3 150 964 1219
6 1 2 2581 2979
5 1 3 570 4263 5883
4 1 3 969 5498 7344
4 2
5 1 2 971 10139
5 1 2 3937 7778
4 1 4 1019 1453 7156 7664
4 1 4 5635 6753 6880 7145
3 9
4 1 3 345 4285 4457
4 1 5 723 4964 6714 6997 7568
4 1 2 813 4886
4 2
5 1 2 982 7182
5 1 3 3380 7273 8059
4 3
5 1 3 1277 1668 4418
5 1 2 1977 2216
5 1 3 7187 7265 7483
4 1 5 1729 2047 3499 3755 5222
4 2
5 1 4 2386 5357 5949 5989
5 1 3 4771 5443 5957
4 1 2 2622 6973
4 1 2 3618 4584
3 2
4 1 2 471 2184
4 1 2 4618 7159
3 1 8 762 1392 1481 1636 2454 2527 3030 4558
3 2
4 1 3 774 3809 7410
4 1 3 4259 4384 4519
3 4
4 1 5 801 2107 2468 4807 5737
4 1 3 1147 1815 4547
4 1 4 2108 3565 4896 4947
4 1 2 4803 7566
3 6
4 1 3 1165 5004 5673
4 1 2 1672 2969
4 1 5 4354 4894 5419 6266 7037
4 1 2 5641 6538
4 1 3 6145 6380 8328
4 1 2 7326 9075
3 1 2 2692 8152
3 2
4 1 2 2719 6697
4 1 3 5621 7278 7651
3 1 3 5205 7408 8185
3 1 4 5265 6410 7930 9693
2 28
3 2
4 1 2 62 8256
4 1 2 6386 7355
3 1 3 114 5959 6233
3 9
4 2
5 1 3 135 6512 6777
5 1 3 6174 6303 6367
4 1 3 605 6690 7098
4 1 2 730 8642
4 1 4 2664 3321 7379 7488
4 1 4 3171 6471 7261 7441
4 2
5 1 2 3458 4934
5 1 2 5258 7799
4 1 2 5628 7706
4 1 3 5944 7102 7425
4 1 4 6428 6847 7215 7978
3 2
4 1 3 226 1318 6989
4 1 5 791 1785 5739 7015 7414
3 4
4 1 2 238 2720
4 1 2 517 9151
4 1 2 543 3774
4 1 2 4719 4869
3 2
4 1 3 305 3957 4902
4 1 4 5452 6701 6727 7277
3 1 3 319 1911 5000
3 1 9 393 477 604 5889 6751 7071 7280 7465 8103
3 1 4 398 6629 6797 6811
3 1 4 472 7707 7908 8206
3 2
4 1 2 848 4517
4 1 2 6808 7287
3 1 5 1058 5629 5904 6764 7728
3 5
4 2
5 1 3 1285 5586 7830
5 1 2 6183 6462
4 1 3 2218 2665 3962
4 1 3 4835 6408 7186
4 1 2 5253 5617
4 1 2 6394 7920
3 1 3 1514 5643 5780
3 6
4 1 4 1998 5162 5529 6286
4 1 3 3797 6804 7174
4 2
5 1 3 3939 5815 6219
5 1 2 4153 7331
4 1 4 3951 5997 6597 7029
4 1 3 6016 6203 7316
4 2
5 1 2 6427 6917
5 1 3 6442 6703 6800
3 1 4 2472 3251 4612 5793
3 2
4 1 4 2512 5366 6815 7989
4 1 6 5804 6104 6241 7231 7759 8727
3 2
4 1 4 3245 6921 7148 7844
4 1 3 3249 3554 5283
3 2
4 1 3 4026 6905 7784
4 1 3 5375 6762 6976
3 3
4 2
5 1 3 4047 6100 6101
5 1 2 4610 7747
4 1 5 4090 4998 7167 7440 7901
4 1 2 7047 7062
3 2
4 1 3 4331 7444 8279
4 1 3 7454 7508 9195
3 2
4 1 2 4663 7406
4 1 2 8133 8208
3 1 4 5185 6154 6649 6732
3 2
4 1 3 5500 7146 7375
4 1 2 6194 7108
3 1 2 5551 8100
3 1 5 5560 6188 6317 6721 7639
3 1 2 5773 6260
3 3
4 2
5 1 3 5983 6691 7617
5 1 2 6425 6947
4 1 2 6046 6450
4 1 2 7304 7480
2 2
3 1 55 73 567 647 902 1512 1582 1851 2519 3031 3368 3529 3566 3961 4168 4187 4207 4434 4480 4569 4635 4868 5073 5149 5181 5187 5267 5289 5312 5399 5550 5718 5724 5968 6036 6224 6244 6320 6338 6542 6710 6783 6846 6984 7000 7011 7173 7437 7751 7820 7821 7852 7856 8030 8068 8269
3 1 3 154 426 7010
2 4
3 1 2 92 2685
3 1 8 188 3455 4082 4237 6316 7496 7855 7881
3 1 4 847 1026 5772 7792
3 1 2 5884 7603
2 5
3 1 2 103 2547
3 1 5 563 4681 5325 5770 7611
3 1 2 897 6330
3 1 5 1301 1520 2349 5105 5991
3 1 2 2019 5802
2 33
3 2
4 1 3 112 5862 6211
4 1 3 4085 6339 7403
3 2
4 1 2 185 1791
4 1 2 5381 6371
3 2
4 1 3 222 4518 5887
4 1 3 1728 5730 6251
3 2
4 1 3 266 6737 7192
4 1 3 4413 6612 8696
3 3
4 1 5 391 1359 5851 6002 6525
4 1 3 635 3592 4930
4 1 4 3334 4508 5341 6026
3 1 4 392 539 4988 8415
3 2
4 1 3 579 5865 6248
4 1 2 4968 6789
3 1 3 851 7369 7384
3 1 2 920 5383
3 1 11 946 2044 2599 4338 4711 5116 5450 5905 6326 6920 7453
3 1 2 1102 6971
3 1 2 1236 8019
3 1 4 1263 1935 5969 6832
3 1 6 3004 4155 4826 5503 5567 7195
3 1 3 3265 6568 7268
3 2
4 1 2 3505 6198
4 1 2 4114 5221
3 1 2 3810 7765
3 2
4 1 3 4118 6093 7630
4 1 2 6214 7138
3 3
4 1 2 4147 6758
4 1 2 5489 5581
4 1 2 6743 7237
3 3
4 1 2 4230 4778
4 1 2 5767 8643
4 2
5 1 2 6112 6498
5 1 2 6659 6679
3 1 3 4463 5426 5577
3 1 3 4652 4785 7656
3 1 2 4810 7270
3 1 2 5208 8092
3 1 5 5298 5719 6500 6872 6952
3 1 3 5534 6785 7094
3 1 3 5541 6234 6536
3 1 2 5652 7721
3 3
4 2
5 1 3 5685 5893 6071
5 1 2 5788 5911
4 2
5 1 3 7445 7719 8243
5 1 2 7467 8140
4 1 3 7551 7579 7944
3 1 2 5900 6465
3 1 2 5933 6581
3 1 2 5940 6274
3 1 2 6860 7800
2 3
3 1 10 120 733 1144 1246 2414 3292 4351 5460 6752 7834
3 1 3 2896 5128 9404
3 1 2 5092 5611
2 14
3 2
4 1 2 164 7643
4 1 3 1762 2637 7661
3 1 2 495 7893
3 1 3 537 6548 8368
3 1 3 553 4770 6790
3 1 3 749 6923 7126
3 1 2 799 7945
3 1 2 872 6670
3 1 3 2202 7114 8236
3 1 3 2795 6556 8557
3 2
4 1 2 3479 5264
4 1 3 6504 7295 7629
3 4
4 1 2 4645 6446
4 1 3 4927 5284 6276
4 1 2 5840 5923
4 1 3 6458 6589 10008
3 2
4 1 3 5307 5574 7017
4 1 2 6541 6955
3 1 3 5499 7380 7421
3 2
4 1 3 5687 6621 6642
4 1 3 5841 5994 6469
2 2
3 1 16 189 250 865 1871 2992 3563 4383 5330 5343 5598 6115 6148 6929 7039 7434 7894
3 1 2 6095 6382
2 10
3 1 3 257 3733 6702
3 1 9 311 474 2670 3349 4707 5390 7125 8728 9182
3 1 2 675 8775
3 1 6 2175 3980 6099 7073 8117 8171
3 1 2 3433 7123
3 2
4 1 3 3736 6791 7522
4 1 2 6304 6814
3 1 7 3952 4525 5672 5736 7318 7585 8270
3 2
4 1 3 4521 4921 7538
4 1 3 5404 5735 7539
3 1 2 6582 7252
3 1 2 7779 7997
2 10
3 1 4 286 470 3997 6566
3 4
4 1 6 575 4566 6065 6333 7431 8723
4 2
5 1 2 5086 7033
5 1 2 6486 6708
4 1 2 5406 6613
4 1 3 6079 7673 7960
3 2
4 2
5 1 3 784 6114 8042
5 1 2 5467 7422
4 1 3 5722 7775 8431
3 4
4 2
5 1 2 1041 3672
5 1 2 3116 5792
4 1 2 2946 5601
4 2
5 1 3 3840 5089 6576
5 1 2 8537 9131
4 1 3 5322 5745 8155
3 3
4 1 3 1360 6603 8843
4 1 5 1695 3642 3851 6897 7993
4 1 2 4071 5838
3 2
4 1 2 1506 6926
4 1 2 3660 5557
3 1 4 3727 6841 8122 8443
3 2
4 1 2 3850 6606
4 1 3 5459 6586 7387
3 3
4 1 4 4140 6845 7223 7919
4 1 3 5141 5738 8716
4 1 2 7110 7889
3 1 2 6979 7711
2 14
3 3
4 1 4 324 921 5907 6871
4 1 3 1644 5299 6272
4 1 5 4188 4246 5533 5595 6323
3 2
4 1 3 377 1614 5759
4 1 2 7008 7569
3 1 6 435 2302 4685 6372 8129 8151
3 2
4 1 3 797 3085 4550
4 1 2 4306 6322
3 1 4 1046 6396 7430 7667
3 2
4 1 2 1100 4805
4 1 5 2123 3484 3971 5186 6242
3 2
4 1 2 2619 6706
4 1 2 6693 7883
3 2
4 1 3 3022 5275 7529
4 1 3 3025 6388 6859
3 1 4 4593 6015 7002 7018
3 1 2 4881 5602
3 1 2 5143 6877
3 2
4 1 3 5464 6379 6778
4 1 3 5996 6688 6857
3 1 4 6153 6717 6914 8592
3 1 2 6700 6746
2 1 2 511 9403
2 3
3 1 10 602 1914 6501 6565 6657 7023 7415 7473 7935 8166
3 1 2 3528 7095
3 1 2 6964 7994
2 5
3 1 4 686 7519 7692 7757
3 1 4 3991 6027 7900 8664
3 1 4 5929 7503 7530 7890
3 1 4 6549 7115 8361 8601
3 1 4 8118 8134 8405 8476
2 5
3 1 2 859 7582
3 1 9 1156 3437 3772 4798 6050 7439 7616 7921 7950
3 1 4 1596 6180 6759 6953
3 3
4 1 3 2819 5973 6488
4 1 2 4642 7636
4 1 2 7064 7689
3 1 4 3603 4882 5342 6523
2 2
3 1 9 874 3090 4811 5059 6085 6171 6341 6363 8582
3 1 2 1677 5584
2 1 3 2385 5081 5867
2 2
3 1 3 2492 3945 4772
3 1 2 3305 4851
2 1 3 3034 6901 8382
2 1 2 3434 7438
2 1 4 3946 4494 5662 8638
2 1 2 5270 6948
2 1 2 5539 8349
1 18
2 32
3 1 33 1 77 406 441 934 1118 1331 1469 1534 1778 1988 2240 2392 2438 2489 2562 2716 2767 2844 2845 2891 2930 3015 3078 3115 3233 3415 3611 3651 3886 4371 4632 7388
3 1 2 20 4037
3 2
4 1 3 28 390 2273
4 1 3 372 2343 3232
3 1 5 55 828 3256 3463 4064
3 1 31 61 171 184 273 566 571 606 622 970 1424 2119 2171 2205 2354 2520 2744 2759 2805 2827 2866 2873 2971 3047 3156 3464 3803 3923 3988 4452 4616 5457
3 1 3 67 1064 4199
3 1 2 109 3304
3 1 39 249 270 320 527 657 996 1021 1057 1077 1117 1158 1161 1227 1446 1738 2021 2158 2159 2201 2399 2514 2543 2693 2802 2964 2978 3041 3370 3387 3391 3408 3439 3555 3722 3830 3837 3930 4008 4043
3 1 5 306 1185 1403 1602 1918
3 1 4 334 2508 2905 3729
3 1 4 335 2745 6042 6120
3 3
4 1 5 367 980 1694 2387 2880
4 1 4 994 2924 2941 3040
4 1 9 1271 2185 2890 2981 3144 3147 3377 3378 3410
3 1 3 412 3799 4067
3 1 7 415 594 1508 1640 3212 4208 5129
3 1 3 466 2611 8920
3 2
4 1 3 601 1183 1722
4 1 3 2034 4122 4456
3 1 5 720 898 1697 1736 4078
3 1 2 739 3580
3 1 4 963 2875 3094 3359
3 1 8 1034 1060 1561 2673 2794 3224 4733 5626
3 1 2 1088 3735
3 2
4 1 2 1150 2110
4 1 4 2246 2541 2839 5819
3 1 2 1413 3981
3 1 4 1465 1682 3541 4100
3 1 2 1478 3043
3 2
4 1 2 1897 4039
4 1 2 3288 6270
3 1 2 1973 3903
3 1 2 2104 2111
3 1 2 2112 2406
3 1 3 3137 3556 3574
3 1 2 3287 3775
3 1 2 4606 7025
2 113
3 2
4 1 4 2 2340 4003 4142
4 1 2 4093 4343
3 2
4 1 2 8 4018
4 1 3 2850 4509 4951
3 1 22 30 223 1192 1253 3209 3341 3520 3545 3664 3815 3820 3857 4011 4016 4028 4111 4171 4278 4279 4280 4281 4292
3 1 18 31 944 1467 2179 2315 2648 3107 3261 3557 3588 3632 3636 3638 4594 4982 5127 5732 6089
3 4
4 1 6 33 48 117 498 3278 4264
4 1 2 4042 4088
4 1 3 4097 4682 4953
4 1 2 4106 4325
3 3
4 1 7 51 4649 4696 4745 4860 4955 5966
4 1 2 147 2682
4 1 2 2729 4866
3 5
4 1 11 53 1808 2785 3008 3863 4640 4688 4917 4965 4975 5157
4 1 2 54 4530
4 1 2 2882 3048
4 1 3 4030 5252 5575
4 1 2 4059 4320
3 1 3 59 4789 4859
3 2
4 1 7 83 3917 4245 4684 4705 4796 4864
4 1 4 659 687 3102 3673
3 4
4 1 22 110 2731 2842 3525 4001 4132 4195 4595 4608 4821 4872 4914 5015 5268 5416 5435 5475 5512 5880 6301 7835 8636
4 1 3 1131 2909 3448
4 1 2 2952 4253
4 1 2 5079 5830
3 1 3 125 4091 4542
3 1 4 130 2077 2373 3441
3 3
4 1 3 145 868 3922
4 1 30 684 854 1303 1747 1753 1763 1959 2137 2417 3120 3197 3665 3927 3942 4057 4497 4585 4809 4856 5016 5184 5411 5508 5855 5925 5935 6022 6514 6741 6957
4 1 3 950 2918 4697
3 1 10 161 810 1907 2740 3599 3907 4329 4426 4427 5012
3 1 23 163 702 1316 1930 2865 2998 4321 4335 4375 4398 4478 4538 4729 4871 5433 5473 5476 5513 5605 5874 5938 6118 6146
3 1 3 187 4045 4120
3 2
4 1 3 198 3453 3506
4 1 3 285 1630 3409
3 2
4 1 19 235 1939 2326 2371 2589 2614 2748 2779 3002 3133 3206 3524 3662 3676 3839 4052 4227 4283 5233
4 1 2 3686 4408
3 1 17 237 288 722 1107 2147 2658 2814 2938 2950 3106 3607 3615 4178 4415 4488 4950 5785
3 2
4 1 13 240 344 529 788 1113 2709 2970 3983 4490 4561 4971 4974 8336
4 1 2 3021 3185
3 2
4 1 3 248 356 3669
4 1 3 3324 3417 4303
3 1 2 254 5120
3 1 2 276 3832
3 2
4 1 11 299 1983 2016 4568 4694 4884 4892 4931 5051 5052 5288
4 1 3 1417 2649 4289
3 3
4 1 20 302 490 633 738 888 1883 2355 3117 3123 3372 4322 4590 4597 4644 4816 5054 5167 5254 5490 5509
4 1 2 2145 2958
4 1 3 3160 3865 4069
3 1 3 307 871 4290
3 2
4 1 2 309 4878
4 1 2 2897 3956
3 1 4 317 1193 1588 2135
3 3
4 2
5 1 4 340 1067 3976 4874
5 1 3 348 2115 3279
4 1 5 760 2081 4297 4477 4623
4 2
5 1 2 1119 1486
5 1 2 2168 2570
3 2
4 1 2 347 3335
4 1 4 409 2908 3481 4559
3 1 4 381 2606 4035 4760
3 5
4 1 2 383 2677
4 1 2 766 4596
4 2
5 1 2 1951 4541
5 1 4 3814 4435 4751 5413
4 1 5 2546 3459 3769 4232 4675
4 2
5 1 2 2868 5278
5 1 2 3659 4315
3 2
4 1 4 389 3189 3974 4492
4 1 8 433 3227 4358 4448 4495 4639 4762 4823
3 2
4 1 2 430 3096
4 1 3 2156 3694 4184
3 1 3 480 1665 5028
3 1 4 488 2226 2694 4936
3 1 5 502 1917 1980 3246 5202
3 2
4 1 4 530 4557 4563 4907
4 1 3 3244 3521 4937
3 2
4 1 3 531 1217 3122
4 1 2 3443 3719
3 1 2 535 5531
3 4
4 1 6 551 1379 3513 3734 4261 4440
4 1 2 2858 3906
4 1 2 2919 3109
4 1 2 4630 5070
3 2
4 1 7 642 2554 3280 3765 4129 5454 5657
4 1 2 1059 4159
3 2
4 2
5 1 2 653 913
5 1 2 2463 2949
4 1 9 1092 3645 4901 5046 5057 5114 5140 5160 5242
3 1 12 674 2485 2927 2935 3024 3720 3838 4080 4099 4166 4347 5076
3 1 4 737 1394 2710 5055
3 1 3 752 2397 2602
3 1 13 771 3812 3876 3891 3990 4049 4234 4598 4674 4713 4716 4870 4941
3 1 2 824 5950
3 1 8 849 3388 3495 3911 4158 4850 4890 4919
3 5
4 1 3 922 1256 3828
4 1 3 987 1658 3749
4 1 2 1705 2531
4 1 5 1857 2995 3979 4957 5130
4 1 2 2033 3788
3 1 10 948 1122 2370 3020 3447 3452 3511 3600 4000 4701
3 2
4 1 6 977 1151 2188 2739 3888 5096
4 1 2 2429 3247
3 2
4 1 3 986 2121 5276
4 1 2 4425 4757
3 1 19 1082 1764 2075 2142 2490 2507 2699 2895 3535 3786 4041 4332 4451 4996 4999 5402 5427 5986 6345
3 1 5 1093 2855 3159 3612 4581
3 1 3 1155 2049 2915
3 1 2 1199 4661
3 1 2 1208 4976
3 1 5 1295 1299 3958 4250 4356
3 2
4 1 2 1454 3771
4 1 3 3282 3878 4370
3 3
4 1 2 1597 4926
4 1 3 1692 1999 3065
4 1 2 2982 3539
3 1 9 1628 2299 3675 4110 4206 4414 4433 4877 5072
3 1 3 1657 3103 4247
3 1 4 1671 2797 3138 4015
3 2
4 1 4 1743 4226 4853 7491
4 1 2 4832 5158
3 1 3 1846 2304 4653
3 1 2 1895 4374
3 1 3 1946 4551 4735
3 1 2 1957 3053
3 2
4 1 2 2160 3849
4 1 2 4439 4795
3 1 4 2165 4450 4460 4904
3 5
4 2
5 1 2 2189 2681
5 1 2 2620 2900
4 1 3 2509 4444 4465
4 1 4 2540 2923 3168 3677
4 1 3 4302 4806 5125
4 1 8 4441 4575 4668 4693 5172 5530 5728 5847
3 1 4 2195 2656 3661 5005
3 1 2 2270 3061
3 1 3 2319 4054 4660
3 1 3 2443 3413 3466
3 1 12 2446 2975 2997 3428 3634 4489 4875 4920 4939 4992 5082 5197
3 4
4 1 2 2484 3902
4 1 2 2773 2944
4 1 3 3494 3605 4867
4 1 2 3762 4213
3 3
4 1 2 2516 2642
4 1 3 3871 4750 4908
4 1 2 4369 4812
3 1 4 2525 3432 3738 3816
3 1 5 2576 4157 4326 4505 5291
3 1 2 2583 3564
3 1 2 2600 2862
3 1 3 2633 3575 4499
3 1 3 2736 3399 4862
3 1 3 2848 2939 3003
3 1 4 2864 3243 4420 5056
3 3
4 1 2 2870 2937
4 1 2 3858 5211
4 1 2 4730 5068
3 2
4 1 2 2898 3039
4 1 2 3806 4720
3 1 3 2932 4659 4767
3 1 2 3296 3687
3 1 2 3351 5495
3 1 3 3454 4407 4520
3 1 2 3519 5290
3 1 3 3667 3777 4690
3 1 3 3699 4270 5414
3 1 3 3754 3892 4367
3 1 2 3791 4123
3 1 3 3967 4265 5974
3 1 2 4010 4577
3 1 2 4013 5496
3 1 2 4077 4986
3 1 2 4145 4562
3 1 2 4146 4169
3 1 2 4174 4176
3 1 2 4233 4956
3 2
4 1 2 4242 4574
4 1 2 4736 4799
3 1 2 4473 4813
3 1 2 4712 4800
3 1 2 4824 4942
3 1 2 4825 5025
3 1 2 4995 5241
3 1 2 5315 5542
2 29
3 9
4 2
5 1 2 4 3921
5 1 2 947 2725
4 2
5 1 2 330 1889
5 1 2 1160 2442
4 3
5 1 3 886 3544 3709
5 1 3 2833 3360 3827
5 1 3 4177 4235 4339
4 1 4 955 1558 3514 4754
4 1 5 1050 1179 2031 2947 4068
4 1 3 1637 2652 3343
4 2
5 1 2 1767 3240
5 1 2 2225 4932
4 1 2 2639 3817
4 1 5 2695 2721 3339 3644 4079
3 2
4 1 2 17 4034
4 1 3 57 1343 2003
3 10
4 1 5 36 1620 2528 3225 3427
4 3
5 1 4 827 968 2669 2751
5 1 4 1170 2482 3098 3547
5 1 3 2906 2966 5136
4 2
5 2
6 1 3 832 1164 2836
6 1 2 3337 3567
5 2
6 1 2 2571 2954
6 1 2 2757 2792
4 1 3 1365 2902 3872
4 3
5 1 3 2345 3177 3622
5 1 3 2505 3512 3631
5 1 2 3568 4170
4 1 3 2453 2817 3367
4 2
5 1 3 2478 2808 3681
5 1 3 2922 3508 3562
4 1 3 2628 3014 3909
4 3
5 1 2 2760 4897
5 1 2 2942 3530
5 1 2 3396 3717
4 1 2 3449 3576
3 1 2 167 972
3 5
4 2
5 1 5 177 1141 2613 3082 4316
5 2
6 1 2 476 5871
6 1 4 705 1289 1929 3561
4 2
5 2
6 1 3 300 1074 3118
6 1 2 3050 3181
5 2
6 1 2 1598 2945
6 1 3 2616 2940 3063
4 3
5 1 3 363 2703 3084
5 1 2 2579 3154
5 1 2 2879 4121
4 1 3 453 3226 3707
4 2
5 1 2 2878 2988
5 1 2 3317 6273
3 1 13 201 1013 1049 1142 1827 1984 2029 2120 2564 2707 2843 3606 3626
3 10
4 1 7 203 375 1254 3272 3385 3430 3693
4 1 8 308 591 2426 2985 4070 4072 4119 4210
4 1 8 310 2043 3046 3713 3954 4163 4196 4243
4 1 2 378 4311
4 1 5 514 3696 4113 4152 4186
4 1 2 1378 4586
4 1 3 2117 3807 4192
4 1 5 2838 3011 3559 3585 4128
4 1 2 3625 3695
4 1 2 3751 3867
3 1 5 210 1538 1934 2926 2943
3 4
4 1 3 258 2754 3538
4 1 6 794 2091 2743 3153 3184 4092
4 1 4 1234 2762 2881 4095
4 1 2 1780 2993
3 1 5 262 3283 3298 3652 3960
3 2
4 1 7 469 2798 2976 3824 3969 4096 4098
4 1 2 485 493
3 2
4 1 2 513 3373
4 1 2 3152 3329
3 3
4 1 2 519 3596
4 1 2 2826 3598
4 1 3 2951 2999 3297
3 2
4 1 4 532 3658 4267 4362
4 1 2 556 1568
3 2
4 1 6 576 803 3145 3162 3241 3313
4 1 7 2161 2503 2933 3310 3438 3445 3488
3 1 3 595 3570 3610
3 4
4 2
5 1 2 706 4087
5 1 2 3724 4007
4 2
5 1 3 863 1730 3275
5 1 3 2553 3091 4224
4 2
5 1 3 953 3097 3904
5 1 2 2451 4108
4 1 2 4173 4183
3 3
4 1 4 894 2376 2726 2955
4 1 3 895 3141 3842
4 1 2 2523 2654
3 1 4 936 1673 1923 3262
3 2
4 1 4 985 1786 3550 5147
4 2
5 1 2 1280 3036
5 1 3 2596 3912 4284
3 4
4 1 2 1005 2863
4 1 2 1507 2657
4 1 3 3101 3469 3476
4 1 3 3365 3425 3901
3 2
4 1 5 1522 2499 2856 2991 3617
4 1 2 2511 2849
3 1 3 1585 3267 4029
3 1 7 1884 3331 3333 3407 3422 3949 4879
3 2
4 1 2 2233 3442
4 1 2 2480 7297
3 3
4 1 2 2412 3029
4 1 2 2994 3358
4 1 3 3273 3654 3663
3 1 2 2567 3005
3 2
4 1 6 2803 3239 3877 4386 5809 6278
4 1 2 4268 4857
3 2
4 1 2 3369 3429
4 1 2 3692 4051
2 23
3 14
4 2
5 1 5 6 4060 5422 5458 5594
5 1 5 5019 5154 5481 5699 5791
4 2
5 1 4 127 4454 4634 5337
5 1 3 550 2057 3139
4 4
5 1 3 153 4215 5102
5 1 5 839 997 1205 5553 5684
5 2
6 1 3 4600 5209 5345
6 1 2 5370 5482
5 1 2 5547 5576
4 2
5 1 4 225 1401 5203 5789
5 1 4 4475 5091 5126 5839
4 4
5 1 2 724 5633
5 1 2 3258 3730
5 1 2 3616 5850
5 1 2 5321 5494
4 4
5 1 3 754 5465 6064
5 1 4 1200 4535 5271 5376
5 1 3 1541 3613 5849
5 1 2 5637 6331
4 3
5 1 2 1081 5562
5 1 3 3745 3992 5369
5 2
6 1 3 4276 4506 4987
6 1 2 4664 4961
4 1 4 1510 4031 4970 5384
4 1 2 2024 5760
4 3
5 2
6 1 2 2378 4295
6 1 2 3172 5456
5 1 4 2829 5137 5190 5474
5 1 3 3204 4801 5281
4 1 2 3597 3601
4 1 3 3739 4148 6056
4 1 2 3780 4900
4 2
5 1 2 4699 5260
5 1 2 5121 5247
3 8
4 1 2 32 4277
4 1 4 64 906 3784 5451
4 1 3 139 3182 4214
4 1 4 151 4739 5067 5897
4 1 2 475 4324
4 1 4 1509 1926 2953 4156
4 3
5 1 2 2617 4255
5 1 2 3178 4309
5 1 2 4752 5169
4 1 2 2761 3218
3 1 9 34 280 3220 3312 3678 4442 4782 5477 5545
3 14
4 1 2 42 2294
4 1 5 204 2411 4294 4990 5044
4 1 3 215 745 4678
4 1 3 462 696 4549
4 1 3 484 4997 5319
4 1 2 637 4522
4 2
5 1 2 682 877
5 1 2 2002 4588
4 2
5 1 3 882 4555 5538
5 1 2 3095 3198
4 1 4 935 1002 1659 4666
4 2
5 1 2 958 5746
5 1 3 3977 4248 5400
4 1 3 3071 3242 4836
4 1 2 3716 5396
4 2
5 1 3 4055 4344 4827
5 1 3 5090 6385 6456
4 1 3 4419 4548 4993
3 3
4 2
5 1 2 70 3400
5 1 3 1377 2084 2871
4 1 3 113 3798 4756
4 1 2 2303 2671
3 8
4 2
5 2
6 1 2 85 3996
6 1 3 663 1109 4571
5 1 6 911 1216 4126 4149 6916 7526
4 1 2 590 4212
4 1 3 1245 5323 5410
4 1 3 2146 2190 2556
4 1 2 2996 4602
4 1 3 3166 3680 4985
4 1 2 3444 3668
4 1 2 3589 4646
3 2
4 1 4 106 2515 2831 4349
4 1 2 2830 4447
3 1 15 211 424 1374 3250 3639 4429 4706 4895 5106 5351 5703 5704 5754 5881 5977
3 14
4 4
5 1 4 246 1412 2494 5988
5 1 3 636 2697 3959
5 1 4 2605 2667 2775 3140
5 1 4 2936 3167 4341 4946
4 3
5 1 3 287 1586 4139
5 1 3 584 2610 3418
5 1 3 1554 3203 4512
4 2
5 1 3 314 3465 4636
5 1 3 2466 2799 3782
4 2
5 1 3 369 1727 4238
5 1 3 2460 3055 5805
4 4
5 1 4 432 3728 3999 4403
5 1 2 2099 3948
5 1 3 2635 3228 4455
5 1 3 3281 3384 3482
4 1 4 499 676 3456 5108
4 2
5 1 3 811 2393 3126
5 1 3 1536 2497 3268
4 2
5 1 2 995 4239
5 1 4 4204 4364 4589 4702
4 2
5 1 4 1104 1116 2072 4773
5 1 2 4834 4984
4 1 4 1159 3893 4002 4256
4 2
5 1 2 1521 2847
5 1 2 4209 4231
4 1 3 2486 3303 4500
4 1 2 3674 3883
4 1 3 5248 5364 6159
3 5
4 1 4 298 364 5492 6390
4 3
5 1 2 568 1171
5 1 2 1361 3523
5 1 2 4180 5420
4 2
5 1 2 1218 5846
5 1 2 5339 5566
4 2
5 1 3 2789 3130 5461
5 1 2 3800 4310
4 1 3 4565 5507 5612
3 12
4 2
5 1 2 405 2398
5 1 2 3132 5266
4 2
5 1 2 425 2749
5 1 2 965 2872
4 3
5 1 2 479 1346
5 1 2 2100 3067
5 1 3 3290 3628 3657
4 1 5 559 2056 3423 3712 4143
4 1 3 1189 4019 4628
4 1 4 1987 2122 3490 4560
4 1 2 3301 3474
4 3
5 1 2 3718 4643
5 1 2 4592 5829
5 1 3 4863 5230 5263
4 2
5 1 3 3885 5334 6295
5 1 2 4359 5024
4 1 3 4094 4831 4888
4 1 5 4348 4583 4848 5373 5379
4 2
5 1 3 4539 4683 5029
5 1 2 4994 5168
3 2
4 1 3 536 5065 5134
4 1 4 2766 4328 4580 5229
3 3
4 1 5 585 3149 3701 3731 4089
4 1 4 2015 4141 4437 4966
4 1 2 3614 4340
3 2
4 1 2 693 999
4 1 2 1891 5104
3 3
4 1 6 961 3121 4376 4532 4607 5609
4 1 3 2063 2106 4033
4 1 3 5047 5493 5519
3 1 3 1042 1949 5670
3 3
4 1 7 1065 5151 5243 5279 5387 5559 5647
4 1 2 1259 1395
4 1 2 4746 5644
3 8
4 2
5 1 2 1356 5188
5 1 3 2431 3965 5656
4 2
5 1 3 2601 3081 3173
5 1 3 4317 4406 4841
4 2
5 1 2 3461 5362
5 1 3 5231 5335 5392
4 1 2 3500 3740
4 1 3 3502 4599 6138
4 1 7 3783 4498 4689 4933 4960 5295 5398
4 1 3 4150 4445 5409
4 1 2 4766 6970
3 2
4 1 3 2149 3884 5992
4 1 2 3536 3648
3 1 2 3231 5455
3 1 2 4162 4744
3 1 3 4185 4491 5571
3 2
4 1 3 4216 4400 5037
4 1 2 5648 5658
2 14
3 6
4 1 2 10 3136
4 1 4 63 3023 3682 3822
4 2
5 1 2 366 5013
5 1 2 4044 5331
4 1 4 1313 2339 2700 4424
4 1 3 2344 2786 4221
4 1 2 2624 4299
3 1 3 65 685 1037
3 6
4 1 10 74 1928 2650 2769 3010 3199 3291 4855 6506 7836
4 1 2 261 2793
4 3
5 1 2 695 1228
5 1 2 1329 1992
5 1 2 1836 1947
4 1 6 899 1435 2064 2305 3802 3890
4 3
5 1 2 1030 3193
5 1 2 1824 2747
5 1 3 2048 2544 2733
4 1 3 3170 4353 6052
3 4
4 1 4 76 3057 4081 4203
4 1 4 244 924 2723 3087
4 1 2 1893 5217
4 1 5 2559 2784 2914 3236 4312
3 3
4 1 2 115 1547
4 1 3 336 2222 4182
4 1 4 481 3978 4115 4360
3 9
4 2
5 1 2 123 1323
5 1 2 342 2060
4 1 5 194 1091 1121 2421 3045
4 2
5 1 4 395 473 549 1201
5 1 2 1451 3332
4 2
5 1 3 416 2777 4048
5 1 2 1145 2422
4 2
5 1 2 438 3390
5 1 3 875 991 1124
4 1 3 804 1567 2262
4 1 4 909 1274 4502 4840
4 2
5 1 3 1351 1550 1629
5 1 3 1877 6348 6794
4 2
5 1 3 1502 2459 2801
5 1 2 1943 3397
3 1 12 362 1244 2357 2408 3143 3230 3483 3553 3577 3985 4748 5317
3 1 4 524 3941 4025 4552
3 1 6 688 2676 2832 3894 4749 5947
3 1 2 1084 1126
3 1 4 1090 3823 5408 6668
3 1 2 1332 4107
3 1 3 1870 3259 4698
3 1 2 2821 3088
2 18
3 3
4 1 28 11 72 448 735 783 930 1099 1137 1178 1260 1278 1447 1678 1703 2013 2124 2607 2644 2734 2813 2883 3131 3186 3306 3355 4909 4912 4978
4 1 6 297 1213 1647 2150 2219 2820
4 1 2 327 1837
3 38
4 1 6 13 905 1701 2713 2791 2888
4 8
5 2
6 1 3 25 678 1148
6 1 4 772 1397 1533 1806
5 1 6 267 1649 1769 2307 2337 2920
5 2
6 1 2 456 458
6 1 2 711 2281
5 2
6 1 2 1063 2018
6 1 3 1282 1873 2738
5 1 5 1221 1449 1976 2312 2521
5 1 2 1386 2765
5 1 3 1592 1710 1830
5 1 2 2522 2545
4 3
5 1 2 35 820
5 1 3 468 2067 2874
5 1 3 2174 2456 3155
4 2
5 1 3 49 414 815
5 1 2 2193 2584
4 3
5 1 3 181 833 2234
5 1 4 1140 2204 2269 2921
5 1 2 2039 2980
4 1 4 197 727 743 5848
4 5
5 1 3 209 284 1899
5 1 2 561 1422
5 1 3 666 2334 3475
5 1 2 1570 2608
5 1 2 1587 6429
4 2
5 1 3 216 998 2783
5 1 3 2011 2279 2298
4 3
5 1 3 233 400 1792
5 1 4 798 2227 2434 2989
5 2
6 1 2 1426 2071
6 1 2 2090 2959
4 2
5 1 2 236 1473
5 1 3 1393 2474 2549
4 1 3 278 3105 3302
4 1 3 295 757 1860
4 2
5 1 4 343 2447 2861 3059
5 1 2 814 2742
4 1 3 386 1436 1551
4 5
5 1 2 387 2058
5 2
6 1 2 508 1006
6 1 2 2604 2678
5 1 2 2087 2353
5 1 2 2191 3157
5 1 2 2440 3752
4 4
5 1 4 399 2132 2167 3353
5 1 4 546 796 2260 2382
5 2
6 1 4 694 1995 2632 2753
6 1 2 1322 2698
5 1 2 2645 2778
4 3
5 1 2 465 1181
5 1 5 992 2148 2333 2441 3257
5 1 2 1458 6761
4 2
5 1 3 489 2220 2433
5 1 2 2369 2580
4 2
5 1 3 515 544 3108
5 1 2 2415 2436
4 2
5 1 4 631 2420 2965 6081
5 1 4 2036 2394 2651 3100
4 3
5 1 2 638 2569
5 1 2 2069 2662
5 1 2 2672 2807
4 1 2 648 2609
4 1 3 707 1916 2893
4 1 6 748 2445 2500 2560 2641 2928
4 1 3 835 2062 2668
4 1 3 876 927 2755
4 2
5 1 7 912 1564 2278 2404 2630 2687 2859
5 1 2 1902 2207
4 1 8 952 2089 2105 2133 2425 2603 2860 3125
4 5
5 1 2 1025 2487
5 1 3 1723 3033 3164
5 1 3 1740 2638 2728
5 1 3 2129 2437 3213
5 1 3 2504 2534 2636
4 1 6 1143 1283 2267 2536 2718 6435
4 2
5 1 3 1168 2261 2963
5 1 3 2407 3124 3129
4 1 2 1443 2214
4 1 3 1499 2384 3019
4 2
5 1 2 1552 2715
5 1 2 1864 1921
4 1 10 1882 1890 1978 2173 2289 2588 2623 2712 2764 3104
4 1 2 2001 2361
4 1 6 2259 2495 2647 2663 2679 2717
4 2
5 1 2 2310 3064
5 1 2 2419 3202
3 9
4 1 3 16 2496 3708
4 1 4 40 589 1362 1787
4 1 2 446 1307
4 1 4 712 770 1724 2095
4 1 4 773 940 1416 1754
4 2
5 1 3 775 1511 3191
5 1 2 1441 1825
4 1 2 938 1186
4 1 4 1336 1364 1406 2356
4 2
5 1 2 1438 2228
5 1 3 1594 1761 1887
3 39
4 1 2 18 1387
4 1 26 22 234 281 359 554 634 728 780 870 929 1028 1129 1191 1197 1222 1235 1257 1326 1497 1531 1604 1621 1631 1707 1708 1804
4 1 30 47 79 94 169 191 221 710 741 890 943 954 1130 1198 1261 1275 1286 1391 1439 1461 1464 1490 1599 1606 1766 1875 1956 1989 2038 2041 4818
4 1 2 124 1370
4 5
5 1 44 162 193 252 326 411 450 751 782 957 1133 1308 1321 1612 1639 1725 1726 1731 1779 1813 1819 1826 1859 1880 1910 1919 1945 2005 2050 2052 2054 2092 2096 2127 2197 2243 2266 2271 2283 2320 2322 2323 2389 2409 3338
5 1 45 232 325 528 683 713 779 959 1017 1078 1127 1284 1348 1383 1430 1475 1524 1560 1638 1661 1696 1801 1817 1820 1829 1881 1909 1915 1924 1944 2182 2183 2198 2208 2241 2248 2251 2253 2254 2255 2256 2272 2321 2324 2325 2327
5 1 2 790 892
5 1 2 1445 1471
5 1 2 1459 1905
4 1 2 178 291
4 1 27 205 681 802 1003 1010 1066 1068 1086 1134 1135 1175 1258 1269 1300 1305 1337 1340 1368 1372 1384 1404 1408 1432 1462 1503 1526 1528
4 2
5 1 2 241 483
5 1 32 360 644 655 1038 1111 1125 1350 1523 1601 1844 1852 1853 1960 1967 1968 1971 1972 1974 1979 2022 2070 2245 2287 2290 2318 2428 2457 2587 2788 2960 3169 3346
4 2
5 1 3 333 951 1609
5 1 2 761 1402
4 1 23 397 856 866 904 932 979 1020 1352 1363 1428 1434 1476 1525 1527 1557 1572 1578 1595 1613 1617 1648 1660 1699
4 1 37 461 843 1172 1215 1267 1304 1315 1423 1463 1466 1537 1548 1562 1575 1579 1580 1589 1600 1603 1615 1616 1622 1623 1632 1634 1645 1650 1663 1679 1681 1684 1688 1709 1717 1720 1737 1802
4 1 2 512 1501
4 1 2 558 1770
4 2
5 1 2 583 1474
5 1 2 808 2634
4 1 2 617 1540
4 1 6 623 645 960 1380 1498 1788
4 1 2 664 860
4 1 3 672 1276 1718
4 1 5 697 869 1255 1515 1994
4 1 2 704 1415
4 1 24 708 976 1011 1375 1450 1482 1492 1495 1549 1569 1590 1627 1683 1693 1748 1775 1781 1784 1793 1799 1822 1832 1996 2059
4 1 2 764 1593
4 1 2 826 1421
4 1 3 830 1297 1646
4 1 2 842 1347
4 1 3 862 1712 1798
4 2
5 1 3 1029 1367 1774
5 1 3 1577 1633 1674
4 1 4 1110 1654 1669 1795
4 1 2 1166 1396
4 1 2 1167 1281
4 1 2 1176 1309
4 1 3 1206 1405 1484
4 1 3 1226 1231 1314
4 1 2 1249 3158
4 1 2 1293 1746
4 1 2 1310 1433
4 1 2 1311 1317
4 1 5 1319 1399 1776 2046 2968
4 1 3 1542 1990 2250
3 17
4 6
5 2
6 1 4 71 290 928 1373
6 1 3 699 1488 3083
5 2
6 1 3 160 487 1270
6 1 4 218 282 883 1676
5 2
6 1 3 421 768 917
6 1 2 1382 2770
5 2
6 1 2 541 1325
6 1 2 829 1333
5 1 3 1539 1704 1896
5 1 3 1713 1847 2265
4 1 3 118 2032 2114
4 5
5 1 3 138 437 1643
5 1 3 518 665 1734
5 1 4 933 1162 1230 1262
5 1 3 1040 1240 1354
5 1 6 1054 1741 1794 1856 1912 6281
4 3
5 1 4 157 1212 1452 1758
5 1 2 690 1563
5 1 4 841 1229 1419 1574
4 5
5 2
6 1 5 228 736 1076 1407 1626
6 1 4 725 990 1096 1252
5 2
6 1 3 547 1487 1903
6 1 2 1485 1876
5 1 4 806 1339 1655 1700
5 1 3 1180 1483 1635
5 1 4 1409 1888 2217 2377
4 3
5 2
6 1 2 230 1810
6 1 2 1854 2065
5 1 3 293 993 1566
5 1 4 983 1000 1702 1783
4 3
5 1 2 418 1828
5 1 2 627 2073
5 1 2 1800 2586
4 4
5 1 4 447 1108 1272 1745
5 1 3 1014 1576 1821
5 1 3 1470 1850 2714
5 1 3 1982 2252 2973
4 1 4 497 1001 1460 2061
4 3
5 1 2 628 7552
5 1 2 1933 1991
5 1 2 2008 2101
4 3
5 1 2 793 1772
5 1 3 1146 1553 1581
5 1 2 1385 1790
4 1 2 945 3913
4 3
5 1 3 966 1035 6894
5 1 5 1546 1651 1652 1868 6340
5 1 2 1773 2042
4 2
5 1 3 1202 1291 1573
5 1 4 1477 1816 2403 2502
4 1 4 1211 1312 1543 1565
4 1 3 1242 1504 3208
4 1 2 1848 2360
3 2
4 2
5 1 2 91 1341
5 1 2 1114 1414
4 1 3 332 1009 1376
3 10
4 1 10 104 227 247 301 586 689 1089 1715 1878 2455
4 2
5 1 4 129 1680 1975 8355
5 1 3 819 896 1248
4 1 2 231 731
4 2
5 1 2 452 1190
5 1 2 1188 1997
4 1 2 496 1169
4 1 2 740 1302
4 1 3 792 1932 2009
4 1 2 1157 2375
4 1 2 1251 1500
4 1 3 1952 2153 2295
3 4
4 1 27 108 795 893 1016 1075 1115 1182 1194 1220 1233 1349 1823 1885 1965 2010 2017 2086 2199 2229 2230 2239 2276 2284 2286 2336 2410 2424
4 1 2 1608 2277
4 1 2 1874 3744
4 1 2 2351 2427
3 5
4 1 2 155 2380
4 1 43 159 709 1209 1389 1410 1742 1849 1869 1872 2162 2206 2263 2292 2348 2364 2448 2450 2465 2625 2655 2701 2708 2752 2885 2889 2962 3054 3075 3207 3264 3560 4219 4940 5239 5350 5693 5702 5833 5853 5921 5922 7789 9620
4 1 2 1018 1845
4 1 3 1494 2268 2366
4 1 2 2737 3215
3 9
4 1 2 174 1388
4 2
5 1 4 376 429 2083 2631
5 1 5 500 1437 1969 2180 2391
4 1 3 501 600 1716
4 4
5 1 3 526 1760 1920
5 1 2 673 1273
5 1 3 769 988 2006
5 1 2 1154 2329
4 1 3 615 1152 1353
4 1 5 885 978 1136 1685 1706
4 2
5 1 3 926 1555 2074
5 1 4 1024 1941 2815 2834
4 1 2 989 1247
4 1 7 1153 1210 1545 1607 1750 1831 1855
3 3
4 1 2 516 2467
4 1 4 1807 1981 2000 2076
4 1 2 2186 2435
3 1 4 578 1241 1765 2166
3 2
4 1 2 660 1879
4 1 2 1656 3058
3 3
4 1 2 661 1733
4 1 3 831 1177 1505
4 1 3 916 1012 3027
3 2
4 1 4 759 1493 2237 2566
4 1 2 2563 2595
3 2
4 1 2 1440 2238
4 1 3 2085 2152 2163
3 1 3 1559 1698 9751
3 1 3 2079 2264 2297
2 1 37 29 148 255 289 350 353 365 1101 1398 2477 2661 2705 2724 2787 2804 2853 3216 3330 3354 3379 3426 3470 3590 3591 3697 3705 3787 3811 3880 3925 4617 4728 5030 5165 5237 5449 5863
2 1 44 119 463 652 1007 1223 1838 2138 2400 2458 2530 2840 3018 3219 3254 3440 3582 3584 3608 3619 3621 3647 3683 3767 3770 3778 3792 3794 3835 3845 3862 3936 3968 4020 4056 4058 4062 4225 4527 4529 7739 8043 8745 8747 8910
2 5
3 1 2 146 1056
3 1 5 747 1290 1814 3194 4391
3 1 4 1207 1670 2646 3342
3 1 2 1556 1908
3 1 5 1950 3311 3595 3702 3994
2 9
3 1 22 168 192 217 763 1062 1886 2242 2247 2911 3237 3289 3294 3389 3394 3398 3431 3487 3491 3548 4291 4916 5173
3 2
4 1 4 341 2413 2598 3569
4 1 3 577 901 6142
3 1 2 361 2758
3 1 7 510 715 1749 1900 3211 4458 4759
3 2
4 1 3 756 1266 1371
4 1 3 3072 3314 3756
3 1 2 907 2141
3 1 2 949 3549
3 1 2 1425 8222
3 1 4 2498 3640 3757 4486
2 2
3 1 19 384 818 1097 1431 1442 1689 1937 2037 2094 2309 2381 2542 3051 3089 3345 3542 3928 5734 6102
3 1 2 1777 2629
2 2
3 1 2 401 3972
3 1 3 3451 3485 6190
2 5
3 2
4 1 2 482 1324
4 1 3 1224 1962 2209
3 1 4 525 1894 2532 3026
3 1 3 1841 2674 2704
3 2
4 1 2 1942 3017
4 1 3 1985 2439 2666
3 1 3 2857 3074 3134
2 2
3 1 3 593 2169 3493
3 1 2 1803 2244
2 1 9 618 1342 3142 3609 4136 5207 5866 6443 6633
2 1 4 1667 2379 3263 3325
2 1 2 2211 2756
2 1 4 2912 2957 2983 4923
1 26
2 1 2 3 2012
2 1 9 97 962 2894 3515 3848 3897 4396 5250 5536
2 1 16 199 1055 1958 2093 2538 3099 3285 3340 3711 3964 4236 4282 4938 5083 5442 5654
2 3
3 1 3 242 4781 7013
3 1 3 918 6773 6853
3 1 4 4695 6207 7109 7404
2 6
3 1 3 279 3038 4626
3 1 8 1264 1456 1755 1782 2388 2574 2772 2972
3 1 7 1584 2213 2338 2526 2575 2934 3649
3 1 5 1714 2555 2612 2892 2974
3 1 3 1892 1904 8331
3 1 2 2660 3307
2 8
3 1 2 346 4658
3 1 4 420 5857 5956 7735
3 2
4 1 2 491 3533
4 1 3 1789 4046 5170
3 1 3 1358 2877 4654
3 1 3 2539 5085 5297
3 1 2 2568 3473
3 1 3 3309 4656 4704
3 2
4 1 3 3656 4620 5679
4 1 2 3747 4913
2 2
3 1 3 352 5801 6466
3 1 2 3200 5138
2 12
3 1 5 358 2876 3383 4288 4861
3 2
4 1 3 427 5418 5774
4 1 4 1279 3113 5580 10254
3 3
4 1 3 777 1835 4053
4 1 2 1530 2051
4 1 2 4389 9738
3 2
4 1 3 941 981 1120
4 1 4 1455 1496 2181 3195
3 1 5 1072 2194 2493 2929 3013
3 1 5 1518 2125 2317 2390 3253
3 2
4 1 4 1711 1953 4084 4708
4 1 2 3352 4979
3 1 3 2471 2782 3831
3 2
4 1 3 2518 2592 3056
4 1 3 2653 2774 8905
3 1 3 3052 3069 3725
3 1 3 3093 3743 3750
3 1 3 3393 5589 6117
2 1 7 460 846 4411 5161 5463 5975 6742
2 10
3 3
4 2
5 1 2 573 1079
5 1 2 4296 9817
4 1 4 5939 6133 7915 8294
4 1 2 6731 8325
3 1 5 2362 2558 3214 3509 9810
3 3
4 1 4 2550 2768 9121 9253
4 1 4 3821 7242 9205 9263
4 1 3 5103 7007 9361
3 1 5 2835 5041 8428 8593 9019
3 1 5 3742 5875 7766 8760 8797
3 3
4 1 2 4405 9999
4 1 2 7352 10221
4 1 2 8312 8480
3 2
4 1 2 5700 8367
4 1 2 8591 10182
3 1 3 6312 7987 8230
3 2
4 1 2 7153 7990
4 1 4 8532 8726 9320 9790
3 1 2 8663 10239
2 2
3 1 2 613 3723
3 1 3 677 703 9509
2 1 3 667 1239 5347
2 1 3 734 6991 7768
2 2
3 1 5 767 3163 4980 5285 5783
3 1 2 3853 3870
2 1 2 776 2068
2 1 8 817 2082 3789 3943 4673 6418 7730 9768
2 1 4 1366 2809 5346 8721
2 3
3 1 3 1664 5394 5775
3 1 4 1906 3356 3501 6935
3 1 3 3898 5664 6346
2 1 35 1757 2035 2224 2280 3326 3357 3706 3781 3915 4274 4741 4829 5010 5139 5510 5869 6169 6282 6564 6572 6756 7880 8015 8022 8069 8094 8104 8143 8181 8194 8362 8505 8509 8597 8718
2 2
3 1 5 1768 3362 3882 4012 7524
3 1 2 3684 8655
2 2
3 1 2 3080 3653
3 1 2 6202 7646
2 1 4 3375 6628 7168 8608
2 1 2 3887 4130
2 2
3 1 4 4074 4665 6044 9446
3 1 2 6587 7487
2 1 2 4709 5525
2 1 2 4794 4945
1 40
2 23
3 14
4 3
5 1 3 7 3899 7657
5 2
6 1 3 2806 8024 8769
6 1 2 6954 8767
5 2
6 1 2 8962 9532
6 1 2 8971 9122
4 2
5 1 2 128 9795
5 1 2 8407 8911
4 4
5 1 2 182 8309
5 1 2 213 910
5 1 2 2097 8938
5 1 2 8578 9437
4 1 2 219 6299
4 1 3 220 8564 8612
4 3
5 1 2 1243 7545
5 1 4 7096 8234 8475 9290
5 1 3 8656 8731 9005
4 2
5 1 4 2510 8903 9104 10294
5 1 2 8416 8687
4 2
5 1 2 3221 8904
5 1 2 8672 9161
4 1 2 7412 9492
4 1 3 7635 8926 9994
4 1 2 7725 8427
4 1 2 8239 8932
4 1 2 8420 8795
4 1 2 8463 8622
3 1 4 9 7968 8690 9491
3 3
4 1 11 41 1043 1250 4534 6949 7571 7652 8439 8630 9063 9324
4 1 3 7985 8418 8838
4 1 2 8088 8484
3 2
4 2
5 1 2 313 7911
5 1 3 2155 8126 8387
4 2
5 1 2 8662 8823
5 1 2 8676 9336
3 15
4 1 4 431 9306 9472 9733
4 3
5 2
6 1 2 464 1529
6 1 2 4487 5462
5 1 3 3866 7534 9919
5 1 2 7376 10049
4 2
5 1 4 646 4544 7292 7340
5 1 2 9334 9943
4 1 3 1195 8082 9344
4 1 3 1735 8510 9219
4 1 4 2055 8276 9207 9225
4 2
5 1 2 3489 9181
5 1 2 8863 9512
4 2
5 1 4 3935 9356 9701 9801
5 1 3 6711 9573 10053
4 1 4 6019 8223 8862 9941
4 1 2 6677 6833
4 1 3 6945 9828 10143
4 1 2 7565 10237
4 1 2 8604 9098
4 1 2 8840 9110
4 2
5 1 2 9113 9913
5 1 2 9516 9565
3 11
4 3
5 1 2 505 9162
5 1 3 2884 8465 8549
5 1 3 4298 7204 7385
4 1 6 610 7291 7584 8120 8121 8221
4 1 4 5666 5931 7229 8498
4 1 5 6039 7001 7691 7701 8442
4 1 3 6187 8017 8207
4 5
5 1 2 6231 7495
5 1 3 6256 8083 8527
5 1 5 6685 6768 8343 8970 9626
5 1 2 6893 7561
5 1 2 7736 8192
4 2
5 1 3 6707 7564 8250
5 1 4 7682 8053 8311 8469
4 1 4 7214 8025 8258 8516
4 1 3 7469 8158 8803
4 1 2 7717 8949
4 2
5 1 2 8358 8588
5 1 2 8359 9069
3 2
4 1 4 603 7713 8722 9360
4 1 3 4175 6720 8299
3 14
4 2
5 1 3 619 4200 8579
5 1 2 8373 8521
4 1 4 2347 4436 7227 7964
4 2
5 1 2 4587 9100
5 1 3 7806 9203 9296
4 2
5 1 3 5235 6852 7128
5 1 2 7624 8209
4 1 4 6464 7662 8908 9287
4 2
5 1 2 6547 8560
5 1 3 8095 8709 9888
4 1 3 6682 7748 8796
4 2
5 1 2 7386 8600
5 1 3 7694 8169 9305
4 1 2 7999 9026
4 1 2 8398 9137
4 1 3 8599 8790 8894
4 1 2 8625 9150
4 1 2 8670 9329
4 1 3 8725 8798 8889
3 1 10 629 1139 2144 6034 7038 8477 8711 8946 9380 9591
3 8
4 1 3 844 7690 8330
4 1 3 1123 6505 8948
4 1 4 2533 8814 9613 10282
4 2
5 2
6 1 3 3416 3710 8147
6 1 3 4554 4905 5511
5 1 3 7058 8090 9107
4 2
5 1 12 3843 5087 6176 7727 8499 8618 8744 8780 8944 9308 9525 9873
5 1 2 7791 8412
4 1 2 5432 9271
4 1 2 8115 8697
4 1 2 8261 8553
3 11
4 1 2 1330 7857
4 1 3 3000 4432 9398
4 2
5 1 2 5034 7929
5 1 2 10135 10207
4 2
5 1 3 5428 6309 7679
5 1 3 6769 7640 8977
4 1 4 5695 6812 7986 8998
4 2
5 1 4 6487 7660 8295 8534
5 1 2 6820 8421
4 1 3 7092 8002 9690
4 1 2 7346 8786
4 1 2 7867 8426
4 2
5 1 2 8298 9188
5 1 2 8438 8751
4 1 2 9348 10115
3 1 5 2020 7804 8106 8435 8913
3 1 3 3079 5437 9533
3 2
4 1 3 3127 8494 8621
4 1 3 9354 9595 9804
3 1 4 3210 6734 8457 8714
3 2
4 1 12 3381 5816 6087 6151 6554 7135 7874 8075 8125 8135 8966 9266
4 1 2 7289 8772
3 2
4 1 2 4181 7105
4 1 2 8590 9099
3 2
4 1 3 4228 8021 8768
4 1 2 6358 7523
3 3
4 1 2 4301 8389
4 1 3 5564 7560 9312
4 1 3 5916 8170 8736
3 2
4 1 3 4570 5651 7165
4 1 2 6959 8964
3 1 2 6439 9341
3 5
4 2
5 1 2 6526 7699
5 1 2 7003 8667
4 1 2 8028 8397
4 1 3 8812 8887 9074
4 1 2 8881 9036
4 1 2 9173 9283
3 2
4 1 5 8345 8346 9358 9493 9803
4 1 2 8791 8994
2 68
3 12
4 2
5 1 4 14 5176 7954 8951
5 1 3 5701 8707 8788
4 2
5 1 2 149 9435
5 1 2 10041 10271
4 2
5 1 3 423 4314 7170
5 1 4 3578 6887 7333 10293
4 2
5 1 2 1544 5245
5 1 4 6876 9691 9805 9898
4 3
5 1 2 1901 6005
5 1 2 2732 8658
5 1 2 6962 8936
4 2
5 1 2 3229 7200
5 1 4 8238 8556 9643 10131
4 2
5 1 2 4286 4416
5 1 3 7634 7916 10183
4 1 4 4929 7072 7398 8922
4 1 3 5683 7787 9981
4 2
5 1 3 6712 7576 7813
5 1 3 8149 9158 9627
4 1 4 7060 9198 9783 10148
4 1 3 8210 8849 10128
3 1 9 38 1053 5506 5677 5778 7393 7397 8031 9529
3 2
4 1 2 66 8764
4 1 3 6098 8997 9535
3 1 6 89 4240 6461 8828 9668 9694
3 2
4 1 4 90 4911 7164 7731
4 1 3 7066 9029 9193
3 1 3 101 8781 9418
3 2
4 1 11 102 7151 7426 8202 8440 8583 8585 9157 9199 9501 10251
4 1 2 7891 9375
3 1 11 133 1961 2178 5017 5822 6616 7631 8735 8958 9102 10185
3 1 16 141 2308 3128 7027 8268 8282 8985 9017 9148 9314 9434 9610 9671 9673 9773 9827
3 1 2 202 4802
3 14
4 1 7 323 4484 5327 8470 8930 8967 9140
4 1 4 443 8093 8850 8856
4 3
5 1 4 4076 5336 9117 9386
5 1 3 5814 8102 9120
5 1 3 8303 8357 9073
4 1 5 5596 6451 8512 8950 9077
4 1 5 6899 9224 9449 9464 9555
4 1 3 7548 8602 8627
4 1 2 8016 8749
4 1 6 8032 8306 8379 9086 9262 9352
4 1 2 8154 9401
4 2
5 1 2 8217 9227
5 1 2 9258 9351
4 1 2 8609 9289
4 1 2 8757 9811
4 1 2 8917 9387
4 1 2 8935 8995
3 3
4 1 3 355 6489 9824
4 1 2 6927 9285
4 1 2 9677 9734
3 2
4 1 3 380 8782 9170
4 1 3 385 1468 9578
3 1 12 439 729 5705 7668 8400 8410 9020 9076 9232 9389 9566 9867
3 2
4 1 4 507 975 6533 8738
4 1 2 597 3174
3 1 7 521 1625 5240 7254 9567 9648 9816
3 1 3 581 8013 8228
3 5
4 1 6 732 4217 5653 6314 8287 8713
4 1 2 2684 4613
4 1 4 3419 8301 8493 8542
4 1 3 7357 8014 9864
4 1 2 8649 8825
3 2
4 1 2 787 9807
4 1 2 5649 9279
3 1 7 857 4138 4715 6347 8551 8877 9517
3 1 3 1098 8076 9135
3 3
4 1 3 1619 4737 10233
4 1 10 6058 7131 8214 8321 8495 8835 8886 8956 9209 9223
4 1 2 7786 9057
3 1 4 1796 5006 9060 9192
3 1 12 1862 3179 4461 5708 6324 6552 7311 8386 8401 8576 8763 10023
3 3
4 1 2 2313 6110
4 1 10 3761 4363 4609 7712 7943 8668 8963 9214 9357 9866
4 1 2 6189 7470
3 13
4 1 4 2367 8614 8934 9498
4 1 2 3973 6491
4 1 5 4815 6359 8837 9165 9265
4 1 3 5445 7420 8327
4 1 2 6580 7279
4 1 5 6664 8784 8884 9097 9438
4 1 2 7378 8402
4 1 2 7466 8991
4 1 2 7952 9439
4 1 3 7973 8650 9282
4 1 2 8864 8988
4 1 3 9046 9109 9601
4 1 2 9522 9537
3 1 8 2535 3987 7448 7559 7975 8456 8953 9001
3 1 14 2618 4638 7212 7532 8035 8110 8540 8571 8746 9078 9345 9484 9550 9611
3 1 2 2811 8274
3 2
4 1 2 2846 8547
4 1 2 10171 10234
3 2
4 1 3 3910 6558 8634
4 1 2 6817 8785
3 1 6 3920 6492 8347 8715 9159 9272
3 3
4 1 3 4323 7314 8514
4 1 3 4959 9125 9186
4 1 3 9368 9369 9549
3 1 3 4334 7618 9642
3 1 4 4366 8730 9139 9457
3 1 3 4409 6639 7122
3 1 7 4774 5478 5634 7493 7833 8573 8793
3 1 13 4846 8281 8824 8873 8901 8939 9206 9216 9321 9388 9419 10030 10100
3 1 4 5066 9370 9608 9641
3 1 3 5261 9945 10020
3 2
4 1 3 5269 6605 7189
4 1 5 7372 7761 9142 9373 9400
3 1 4 5453 6941 7302 9722
3 1 3 5824 8572 9128
3 3
4 1 3 5835 8455 8653
4 1 2 6054 7356
4 1 3 7392 8959 9840
3 1 4 5901 6611 7600 9453
3 1 4 5914 9050 9088 9184
3 1 3 5945 8417 9771
3 1 3 6012 6181 9037
3 2
4 1 2 6028 9178
4 1 3 8517 9293 9471
3 2
4 1 7 6097 7328 7741 8473 8524 8777 9204
4 1 2 8486 10094
3 3
4 1 4 6186 6974 7798 8698
4 1 4 6620 9949 9975 9977
4 1 3 8139 8437 9251
3 1 2 6599 8942
3 1 3 6609 9231 10076
3 3
4 1 2 6866 9163
4 1 2 7963 8799
4 1 3 7982 9333 9834
3 2
4 1 2 7051 9865
4 1 2 9424 9877
3 1 13 7218 8598 8893 9303 9450 9508 9568 9993 10024 10060 10101 10268 10283
3 1 3 7619 8819 9499
3 1 2 7840 9486
3 2
4 1 2 8190 8872
4 1 4 8619 9047 9143 9637
3 1 3 8275 8546 10295
3 1 2 8381 9154
3 1 3 8461 9510 9746
3 1 2 8647 8688
3 1 3 8941 9101 9326
3 1 2 9062 9937
3 1 2 9089 9355
3 1 2 9092 9837
3 1 2 9371 9518
2 6
3 1 53 19 239 974 1818 1927 2258 2383 3035 3270 3889 3955 4368 4373 4679 4854 4989 6041 6075 6271 6870 6934 6983 7117 7166 7206 7459 7591 7845 7974 8370 8446 8675 8692 8882 8907 8974 9004 9185 9256 9405 9408 9460 9500 9581 9584 9587 9726 9743 9927 10075 10138 10210 10291
3 1 2 7484 9002
3 1 2 7873 7938
3 1 2 9008 9084
3 1 2 9675 9892
3 1 2 10087 10091
2 108
3 1 2 21 10083
3 3
4 1 2 69 9378
4 1 2 4603 6267
4 1 3 9853 9983 10297
3 1 23 84 861 2537 4307 5196 6399 7097 7848 8460 8683 8787 9229 9301 9465 9474 9594 9688 9713 9901 9925 10173 10184 10192
3 1 5 99 785 1686 3405 9440
3 2
4 1 2 165 8589
4 1 2 10002 10015
3 1 20 303 4387 4680 6357 7251 7805 8290 8291 8315 8575 8606 8717 9264 9687 9714 9730 9955 9988 10120 10276
3 2
4 2
5 1 2 328 7197
5 1 3 10102 10172 10290
4 1 3 9111 9254 9946
3 1 2 616 10077
3 2
4 1 3 643 10154 10214
4 1 3 8073 9531 9856
3 2
4 1 5 742 8519 8952 9295 10016
4 1 2 9420 9655
3 2
4 1 9 789 4726 8902 9682 10164 10301 10306 10307 10309
4 1 2 8262 8531
3 2
4 1 2 837 6965
4 1 6 6162 6343 7722 9724 9728 9799
3 1 4 850 7601 9624 9720
3 3
4 1 4 891 7120 10204 10223
4 1 3 1184 8078 9053
4 1 4 7743 8483 9570 9645
3 1 27 984 1964 2812 5667 6781 6842 7540 7608 7884 8057 8148 8471 8550 8831 8858 8912 9242 9377 9385 9406 9538 9756 9851 9962 9978 10079 10152
3 1 13 1052 5236 6470 8213 8563 8992 9395 9407 9715 9778 9954 10044 10198
3 1 2 1071 9849
3 2
4 1 3 1073 8701 8804
4 1 4 8897 9678 9791 9793
3 1 3 1105 4641 5998
3 3
4 1 4 1472 4009 9318 10140
4 1 4 5696 6574 9823 10205
4 1 2 5972 9650
3 2
4 1 3 1624 5630 10113
4 1 2 9298 10305
3 3
4 1 3 2027 9127 9959
4 1 2 2590 9153
4 1 3 8982 9483 10026
3 1 4 2045 8734 8892 10289
3 1 3 2103 7720 9126
3 2
4 1 3 2140 10000 10040
4 1 3 6823 10174 10257
3 1 2 2688 4977
3 1 2 2706 8702
3 4
4 2
5 1 2 2907 9490
5 1 2 9716 10153
4 1 3 7633 9536 9934
4 1 4 8161 8235 9169 10088
4 1 2 9858 10072
3 1 18 2967 4469 5886 6626 8199 8774 9021 9055 9277 9384 9905 9952 10006 10126 10147 10151 10215 10245
3 4
4 1 2 3624 9068
4 1 7 4075 4605 7005 10228 10264 10267 10270
4 1 2 9558 10243
4 1 2 10269 10281
3 2
4 1 3 3721 7507 10155
4 1 3 7714 9758 9976
3 1 2 3879 9034
3 1 2 3918 9211
3 2
4 1 3 4172 9526 10029
4 1 2 8808 9863
3 1 5 4327 6310 8993 10103 10300
3 2
4 1 2 4670 10144
4 1 2 8857 10194
3 2
4 1 3 5009 9539 10229
4 1 3 9752 9929 10225
3 1 7 5023 6403 6683 9455 9458 9504 10066
3 1 3 5123 8280 9350
3 1 2 5132 10121
3 1 3 5194 9926 10258
3 1 2 5655 10273
3 1 2 5694 8842
3 1 2 5903 9651
3 1 2 6106 10250
3 2
4 1 3 6193 9958 10263
4 1 2 7949 9839
3 1 3 6356 6532 10232
3 2
4 1 2 6365 10061
4 1 2 9616 10013
3 3
4 1 2 6569 7842
4 1 6 7338 8526 8543 9381 10073 10132
4 1 2 9304 9772
3 1 2 6583 8062
3 1 2 6650 10084
3 1 2 6754 9699
3 1 2 6915 9632
3 1 2 7155 10009
3 1 5 7253 9432 9933 10231 10247
3 1 3 7301 8116 8632
3 1 3 7400 7642 9705
3 3
4 1 2 7517 9969
4 1 8 8800 9297 9442 9636 9832 9950 10090 10224
4 1 2 9255 9848
3 1 4 7626 9257 9857 10193
3 1 2 7762 10056
3 1 3 7832 8503 9750
3 1 4 7948 8792 9147 10043
3 1 2 8226 9269
3 1 2 8354 8703
3 1 2 8390 9511
3 2
4 1 2 8403 10080
4 1 2 8827 10078
3 2
4 1 2 8429 9559
4 1 3 9340 9582 9692
3 1 2 8492 10054
3 1 4 8504 9903 9920 10163
3 1 2 8570 9984
3 2
4 1 2 8631 9907
4 1 2 10125 10162
3 2
4 1 3 8682 8708 8945
4 1 3 9124 10110 10127
3 2
4 1 4 8753 9118 9168 10170
4 1 2 10195 10209
3 1 2 8761 9942
3 1 3 8806 8984 9022
3 1 2 8914 9469
3 2
4 1 3 8954 9502 9822
4 1 3 9696 10133 10179
3 1 3 8983 10010 10176
3 1 3 9030 9374 9428
3 1 3 9035 9911 10104
3 2
4 1 2 9061 10028
4 1 3 9072 10021 10037
3 2
4 1 2 9172 9957
4 1 2 10058 10169
3 1 2 9201 10244
3 1 2 9220 10130
3 1 2 9244 9947
3 1 2 9273 9979
3 1 6 9300 9359 9935 9953 10047 10119
3 1 4 9328 9527 9894 10189
3 1 2 9506 9590
3 1 2 9514 10134
3 1 4 9521 9960 9989 10213
3 2
4 1 2 9633 9859
4 1 2 9879 10161
3 1 2 9644 10286
3 1 3 9679 10201 10246
3 1 2 9735 10069
3 1 3 9753 9819 10252
3 1 2 9764 10299
3 1 2 9780 10256
3 1 2 9821 10129
3 1 2 9833 10038
3 2
4 1 2 9850 10057
4 1 2 10036 10219
3 2
4 1 2 9868 10262
4 1 2 9982 9985
3 1 2 9895 10259
3 1 3 9900 10124 10272
3 1 2 10045 10160
3 1 3 10111 10292 10310
3 1 2 10165 10177
3 1 2 10220 10284
2 36
3 9
4 2
5 1 4 24 3319 7597 10093
5 2
6 1 2 8817 10052
6 1 2 9634 9846
4 2
5 1 3 87 9656 9685
5 1 3 5978 7443 10288
4 2
5 1 5 533 3450 7489 7632 9796
5 1 3 8087 9009 9542
4 2
5 1 4 2030 8919 8943 9319
5 1 2 9717 10285
4 1 3 3062 10033 10082
4 1 4 3995 10249 10260 10298
4 1 3 4241 9430 10086
4 1 3 5219 7886 8755
4 3
5 1 3 6792 9914 10304
5 1 2 8929 9288
5 1 2 9990 10108
3 5
4 2
5 1 4 81 3764 8247 8353
5 1 2 7644 8778
4 2
5 1 2 265 621
5 1 2 5303 8689
4 1 3 858 8113 9013
4 1 3 3689 8616 9014
4 1 3 8064 8921 9669
3 1 3 172 701 8815
3 7
4 1 3 173 8607 9431
4 1 5 404 915 6747 9792 10089
4 4
5 1 2 4086 6221
5 1 2 7485 8108
5 1 2 8098 9576
5 1 2 8375 9968
4 2
5 1 3 4949 8351 8623
5 1 2 5579 9872
4 3
5 1 4 5397 5836 9123 9963
5 1 2 6391 9886
5 1 2 6831 9747
4 1 3 7143 9237 9784
4 1 2 9325 9928
3 1 2 180 9051
3 7
4 2
5 1 3 224 4137 7233
5 1 3 1268 6128 6892
4 3
5 1 3 394 7613 8603
5 1 2 4883 8302
5 1 3 8555 8581 10145
4 1 6 2113 7764 8377 8729 9066 10067
4 2
5 1 3 3602 5919 9748
5 1 2 5075 8399
4 2
5 1 2 4462 9031
5 1 3 7525 9777 9844
4 1 5 7563 7926 8720 8759 9011
4 1 3 7594 8411 9353
3 8
4 2
5 1 4 315 5917 9141 9630
5 2
6 1 2 565 9897
6 1 2 9197 9658
4 1 4 3641 5043 9441 9586
4 1 3 3859 5111 8242
4 1 3 6776 7895 9049
4 1 5 8802 9725 9774 9996 10007
4 1 3 9349 9577 9871
4 1 3 9564 9970 10042
4 1 2 9794 9847
3 3
4 1 3 339 8876 9090
4 1 2 2640 10265
4 1 3 7853 8826 8847
3 6
4 1 2 373 5962
4 1 7 718 931 8224 9883 9904 10109 10167
4 1 2 1489 10003
4 2
5 1 3 2040 9210 9709
5 1 2 9236 9961
4 1 2 8750 9603
4 1 3 9788 9802 9991
3 2
4 1 2 374 8961
4 1 3 6709 7819 9698
3 3
4 1 3 382 8324 8923
4 1 2 4423 8813
4 1 2 7578 9259
3 9
4 2
5 1 2 587 9339
5 1 2 3741 7354
4 1 4 4252 6172 8240 8860
4 1 3 4732 7475 9286
4 1 3 5543 6045 8648
4 1 7 6474 6821 8641 9010 9028 9548 9940
4 2
5 1 3 6735 8845 9855
5 1 4 7596 7726 8052 9826
4 1 3 7021 8523 9600
4 1 2 8378 9221
4 1 4 8916 9230 9411 9482
3 4
4 1 2 608 5469
4 1 8 668 2249 6264 7780 7988 8674 9317 9808
4 1 2 2028 9248
4 1 2 6355 8430
3 1 4 1023 7965 8898 9179
3 4
4 1 2 1739 8186
4 1 3 6534 6602 8225
4 1 2 8041 8818
4 1 2 9662 10034
3 1 9 2288 7068 7650 8433 8520 8666 8980 9171 9672
3 8
4 1 3 2335 8741 9322
4 3
5 1 2 3753 8363
5 1 2 7059 10022
5 1 2 8529 9524
4 2
5 1 2 4889 9338
5 1 3 5148 7681 9417
4 4
5 1 3 4943 8811 9606
5 1 3 5292 6527 8487
5 2
6 1 2 6531 9423
6 1 2 8975 9155
5 1 2 9032 9444
4 1 3 6077 8890 9495
4 2
5 1 3 7424 7428 9479
5 2
6 1 4 7850 9247 9448 9505
6 1 2 9202 9260
4 1 3 8284 8695 9103
4 1 2 9860 9878
3 1 4 2359 3274 5049 5313
3 1 3 2524 8508 9459
3 3
4 2
5 1 2 2578 6644
5 1 3 7202 9152 9815
4 1 2 2780 4352
4 1 3 3766 7141 9376
3 1 3 2776 9681 9684
3 3
4 1 4 2901 6520 8051 8972
4 1 4 5953 6748 8669 9217
4 1 2 7124 8026
3 3
4 1 4 3150 5424 8770 9433
4 1 4 5753 8933 9284 9602
4 1 2 8472 9311
3 4
4 1 3 3503 8852 9056
4 1 2 5238 9045
4 1 3 8485 8937 9033
4 1 2 8752 9108
3 6
4 1 3 3507 5810 9372
4 1 2 5358 10158
4 1 3 5784 9323 9451
4 1 2 6229 8822
4 1 4 7294 8986 9129 9480
4 1 2 9544 9654
3 5
4 2
5 1 3 3527 5206 5899
5 1 3 4417 7951 9475
4 1 3 5425 5527 9067
4 1 2 5803 6715
4 2
5 1 2 6968 6980
5 1 2 8918 9226
4 1 4 7455 8219 8816 8981
3 2
4 1 2 3558 8055
4 1 3 5179 8854 9466
3 1 3 3593 5234 5448
3 3
4 1 2 4101 9575
4 1 2 9160 9436
4 1 3 9477 9497 9880
3 2
4 1 3 4287 5638 9589
4 1 2 7271 9245
3 1 5 5832 6507 7075 9657 9761
3 2
4 1 3 6402 7217 8105
4 1 4 6604 7407 8376 8536
3 1 2 7903 9869
3 2
4 1 2 8074 9569
4 1 4 8758 9194 9494 9829
3 1 2 8203 10074
3 1 2 8501 8595
2 36
3 1 7 26 3049 7790 8089 10178 10212 10226
3 5
4 1 2 45 5813
4 2
5 1 3 555 8067 10118
5 1 2 3646 8054
4 1 2 825 7478
4 1 5 5255 6919 8010 8990 9638
4 1 2 10035 10303
3 7
4 1 3 82 6625 8646
4 1 3 1292 5084 5714
4 1 3 2781 6828 9541
4 1 3 3804 6228 8732
4 1 3 4222 8680 9503
4 1 3 7282 7427 10186
4 1 2 9507 9723
3 4
4 1 4 131 7139 7700 9130
4 2
5 1 2 457 7716
5 1 2 7330 8458
4 2
5 1 3 5721 7178 8160
5 1 2 8314 8502
4 1 5 7462 8895 8924 9813 10062
3 6
4 2
5 1 2 206 9397
5 1 3 4817 8528 9091
4 2
5 1 3 4346 6806 10106
5 1 4 6237 8996 9540 9666
4 1 2 4578 7753
4 1 2 6018 8678
4 1 5 9470 9473 9545 9547 9660
4 1 2 9665 9736
3 1 3 214 8479 8568
3 1 19 229 3012 3180 4648 5031 5098 5153 6108 6736 7198 7498 8423 8724 8867 9081 9463 9551 9973 10085
3 4
4 1 3 428 5244 8356
4 1 2 1411 8488
4 1 3 7734 9921 10122
4 1 4 8450 8853 8871 9485
3 3
4 1 3 436 4380 9809
4 1 7 445 1963 2311 5665 8491 8999 10014
4 1 2 7063 8058
3 1 6 973 2330 3135 5135 6422 7312
3 1 3 1666 6024 9291
3 1 3 1843 4038 8771
3 3
4 1 8 3016 6292 8940 9399 9762 9956 10005 10255
4 1 2 7501 9786
4 1 7 9196 9619 9825 10112 10168 10208 10275
3 2
4 1 7 3540 6048 6287 6298 7577 8039 8193
4 1 2 4969 7303
3 1 4 3586 3819 8063 9421
3 3
4 1 2 4083 9820
4 1 3 4197 5909 8436
4 1 3 4582 8626 9402
3 2
4 1 2 4412 9995
4 1 2 8253 9727
3 3
4 1 3 4758 9574 9653
4 1 2 8056 9607
4 1 2 9964 10017
3 5
4 2
5 1 2 4788 8645
5 1 2 9347 9887
4 1 3 4822 6107 8317
4 1 2 6543 10253
4 1 4 8490 9039 9563 10123
4 2
5 1 3 9383 9917 10141
5 1 2 9818 10019
3 1 4 4843 5716 10001 10203
3 1 3 4958 8927 8968
3 1 4 5199 6204 7983 10092
3 1 4 5707 6994 7290 8885
3 1 2 6389 8691
3 1 4 7583 9307 9454 9561
3 1 3 7849 8861 8909
3 2
4 1 2 8070 9884
4 1 2 8684 9765
3 3
4 2
5 1 2 8481 9951
5 1 3 9664 9782 9870
4 1 3 9814 9854 10202
4 1 2 9890 9971
3 1 2 8535 9452
3 1 2 8880 9916
3 1 2 9481 9583
3 1 2 9622 9740
3 1 3 9835 9845 10048
3 2
4 1 2 9966 10095
4 1 2 10266 10287
3 1 2 9986 10004
3 1 2 10011 10099
2 3
3 1 26 52 312 322 2483 3406 5113 6141 6160 6205 6261 6499 7130 7750 7933 8444 8640 8686 8865 9134 9145 9174 9769 9902 10105 10236 10308
3 1 2 434 8739
3 1 2 9119 9396
2 1 4 58 2430 9309 9706
2 13
3 2
4 1 2 60 1744
4 1 3 2867 8611 9588
3 3
4 1 2 371 9909
4 1 3 4318 6667 10166
4 1 4 8659 9058 9302 9661
3 1 3 504 9639 9744
3 1 5 2423 4526 5063 8071 9447
3 2
4 1 2 3726 9528
4 1 2 9342 9635
3 1 3 4005 5960 9876
3 1 4 5768 8615 8620 8978
3 1 2 7515 8066
3 1 2 8003 9580
3 2
4 1 2 8316 9967
4 1 2 9025 9239
3 1 3 9064 9343 9830
3 1 2 9280 9415
3 1 3 9530 9923 10039
2 3
3 1 5 80 557 8821 9520 9891
3 1 2 679 7537
3 1 2 1369 5353
2 8
3 1 2 88 9177
3 1 2 96 10149
3 1 52 134 318 611 1070 1112 3685 4244 4266 4337 4740 5053 5727 6858 7482 7710 7912 8072 8318 8404 8452 8518 8587 8639 8644 8719 8754 8783 8830 8947 9015 9042 9087 9094 9116 9146 9187 9292 9294 9337 9365 9390 9496 9585 9614 9670 9680 9697 9731 9766 9992 10146 10196
3 1 3 3472 9106 9862
3 1 2 7188 8292
3 1 3 8706 9071 9149
3 1 2 8756 8888
3 1 2 8855 10032
2 40
3 2
4 1 3 140 3854 9683
4 1 5 1519 2913 9238 9310 10222
3 2
4 1 6 152 6029 6082 9093 10216 10280
4 1 5 1327 1752 6760 8211 8915
3 1 6 208 8733 8844 9745 9874 9889
3 1 2 822 10063
3 1 3 1265 10117 10274
3 2
4 2
5 1 3 1390 7808 9425
5 1 2 7090 9366
4 1 2 8899 9754
3 1 5 1809 6296 9843 9931 10181
3 1 6 1861 7221 7937 8424 9180 9599
3 2
4 1 3 1970 4721 9932
4 1 4 3223 5663 9938 10211
3 1 2 2066 9915
3 5
4 1 3 2098 9789 10068
4 1 4 3947 6344 8180 9363
4 1 3 4220 8195 8586
4 2
5 1 2 4254 7925
5 1 2 8652 8773
4 1 3 5627 9708 10248
3 1 6 2416 8544 9233 9721 9896 9922
3 4
4 1 3 2506 4579 4819
4 1 3 4537 9052 9842
4 1 4 8323 9797 10070 10206
4 1 2 9612 9910
3 2
4 1 5 3825 8273 9676 9972 10296
4 1 5 4647 8489 9646 9647 10191
3 1 6 3836 9079 9998 10025 10050 10142
3 1 2 4514 9138
3 1 2 4567 8533
3 1 5 5280 5615 8176 8500 10187
3 1 4 5523 9327 9875 9912
3 1 4 5587 10107 10199 10218
3 1 2 5963 10278
3 1 3 6454 9695 9906
3 3
4 1 3 6475 8337 9191
4 1 2 8165 9899
4 1 3 9557 9621 10238
3 1 3 6681 8029 9007
3 1 2 6684 9468
3 1 3 7016 7219 10175
3 2
4 1 3 7222 9462 9618
4 1 4 9114 9997 10027 10302
3 1 3 7399 8252 9299
3 1 3 7659 8174 10046
3 1 2 7752 9948
3 1 3 8231 8565 9429
3 3
4 1 2 8445 10136
4 1 2 9488 9930
4 1 2 9852 10114
3 1 3 8762 10018 10097
3 1 3 8931 9838 10031
3 1 3 8965 9718 10055
3 1 2 9070 9190
3 1 2 9379 9965
3 2
4 1 2 9732 10311
4 1 2 9987 10137
3 1 2 9776 9980
3 1 2 9881 10279
2 9
3 2
4 1 3 272 2418 6119
4 1 3 1288 9136 9427
3 2
4 1 3 1174 9770 9775
4 1 4 7939 9246 9519 9560
3 2
4 1 6 2956 4269 5100 7361 9609 9700
4 1 2 4844 5834
3 1 3 3492 5843 9478
3 2
4 1 6 3526 5505 6404 9315 9707 9729
4 1 3 7755 8973 9562
3 1 3 4496 9710 9767
3 2
4 1 4 5743 6406 8552 9749
4 1 2 7896 8657
3 1 3 6891 7006 9631
3 2
4 1 2 7970 8522
4 1 3 9704 9739 9763
2 3
3 1 2 283 10098
3 1 3 3192 6663 9346
3 1 3 3498 9443 9489
2 15
3 1 3 379 6757 7795
3 1 4 413 3934 6070 9003
3 1 4 654 5918 5984 8925
3 3
4 1 3 2102 2557 5613
4 1 4 5528 7299 9629 9702
4 1 2 6230 8091
3 1 3 2593 8580 10156
3 1 3 3327 9649 9785
3 1 4 3386 6632 7536 7543
3 1 2 4105 8364
3 3
4 1 4 4249 8384 8665 8832
4 2
5 1 2 5213 8061
5 1 3 6033 7337 8834
4 1 2 8539 9800
3 2
4 1 3 6004 7442 9391
4 1 2 6902 9156
3 1 2 6476 8789
3 1 6 7269 7992 8883 9105 9554 9652
3 1 3 7875 8957 9755
3 1 3 8654 8900 8989
3 1 3 8960 9115 9275
2 1 2 506 937
2 1 2 1051 6368
2 2
3 1 21 1103 3044 3073 7076 7958 8112 8264 8559 8685 8693 9054 9083 9332 9392 9413 9798 9974 10012 10180 10242 10277
3 1 3 6032 10081 10096
2 1 6 1641 5676 8178 9006 9023 9065
2 5
3 1 5 1839 7729 9234 9674 10150
3 2
4 1 4 2730 5333 7971 9240
4 1 2 4116 8633
3 3
4 1 2 4830 6083
4 1 3 6718 8348 10197
4 1 2 8196 9667
3 1 2 6253 7366
3 1 2 7887 8391
2 1 2 2130 10227
2 1 7 2462 5971 7953 9132 9208 9476 10116
2 1 3 2727 4483 8558
2 3
3 1 2 2903 7702
3 1 2 3411 8372
3 1 3 3900 7655 10200
2 1 4 3070 5060 6350 6594
2 1 2 3308 7972
2 2
3 1 17 3643 3963 6595 6862 7863 7904 7905 8044 8047 8145 8146 8218 8699 9166 9215 9487 9841
3 1 2 8955 9806
2 1 2 4112 9893
2 2
3 1 3 4692 5776 6490
3 1 3 5597 6995 9082
2 1 3 6477 8836 9534
2 2
3 1 3 7137 8677 9412
3 2
4 1 2 9605 9939
4 1 2 9663 10071
2 1 3 7581 9924 10190
2 2
3 1 4 7980 8007 9546 9757
3 1 2 9235 9623
2 1 3 8150 9426 9515
2 1 3 8245 8878 9018
2 1 4 8413 8979 9041 9059
2 1 2 8449 8584
2 1 2 8511 8779
2 2
3 1 2 8554 8710
3 1 2 8928 9278
2 2
3 1 2 9175 9885
3 1 3 9552 9617 9712
1 12
2 1 5 12 1610 4764 7154 7620
2 1 7 43 2154 2282 3938 6035 7918 8969
2 1 5 50 2899 3518 4017 5487
2 1 6 183 2750 3571 5725 7370 7433
2 2
3 1 3 419 7150 7313
3 1 4 8081 8394 9024 9461
2 4
3 1 4 574 765 3037 4808
3 1 5 582 2341 2346 3480 9268
3 1 4 1751 1867 3552 3950
3 1 4 1833 2573 3371 4191
2 1 5 717 3594 5155 7589 7858
2 2
3 1 2 919 5338
3 1 4 1797 2977 3746 6047
2 1 7 1334 5232 5300 5757 6289 6931 7351
2 2
3 1 4 2961 3737 4718 7250
3 1 2 3844 5273
2 2
3 1 4 5497 7851 7914 8249
3 1 4 7622 7788 7899 8046
2 1 2 7843 8569
1 26
2 1 12 23 1048 1966 2675 3068 4305 4410 4804 5080 5367 6007 6803
2 13
3 2
4 1 3 68 268 4849
4 1 2 7592 8392
3 1 4 195 864 3238 3932
3 3
4 1 2 271 6933
4 1 2 1080 3873
4 1 2 4903 5391
3 4
4 2
5 1 3 316 2023 7567
5 1 3 714 716 1306
4 1 2 2825 8137
4 1 2 2987 3986
4 1 2 4103 5946
3 2
4 1 3 410 5251 7042
4 1 3 6166 7240 8530
3 2
4 1 3 459 3414 5466
4 1 3 1294 3436 4714
3 1 5 548 1163 3007 5943 6830
3 2
4 1 4 750 942 1444 3196
4 1 3 2702 3944 5892
3 2
4 2
5 1 3 1036 3776 7902
5 1 2 4710 6660
4 1 5 1149 5908 6210 6416 6796
3 1 2 1085 4032
3 3
4 1 4 2080 2444 6398 7184
4 1 3 2689 5393 5682
4 1 2 7823 9456
3 1 3 2591 8712 9812
3 1 6 3864 4591 7323 7547 8023 10064
2 12
3 2
4 1 4 212 1842 5616 5898
4 1 3 243 486 887
3 2
4 1 3 260 6485 7854
4 1 3 4399 4724 6495
3 2
4 1 4 338 1653 6438 7247
4 1 3 440 3583 3801
3 2
4 1 2 834 3255
4 1 2 4676 7205
3 3
4 1 3 2231 5811 9556
4 1 4 2627 4852 6822 8200
4 1 2 2990 7074
3 1 2 2449 9703
3 3
4 1 3 3284 5380 5860
4 1 3 5713 6013 6440
4 1 2 6535 6868
3 1 6 4127 4973 5698 6480 6522 6763
3 2
4 1 4 4471 5344 7649 9144
4 1 2 6584 6636
3 1 5 4507 5440 6571 7595 8740
3 1 4 5036 5625 6452 7606
3 1 4 6455 6479 9593 9936
2 2
3 1 2 349 3834
3 1 2 641 3748
2 1 6 778 881 1571 3704 6393 7081
2 4
3 2
4 1 3 812 1516 1940
4 1 2 1517 4293
3 1 4 2215 3468 4345 6170
3 1 4 2643 2686 3316 3347
3 1 3 5890 6223 6417
2 2
3 1 2 852 1448
3 1 2 3504 5097
2 2
3 1 3 853 8308 8462
3 1 2 2274 4700
2 2
3 1 3 956 1863 2470
3 1 3 1298 1583 2200
2 1 18 1173 1429 1812 2285 2368 4202 4573 4631 4669 4972 5204 5522 5674 6319 6445 7497 8548 9044
2 3
3 2
4 1 2 1203 6951
4 1 2 2372 6247
3 1 4 2151 2818 2910 7086
3 1 2 5485 6874
2 1 4 1320 2473 2501 5521
2 1 4 1328 3953 5650 10230
2 1 3 1591 4040 4063
2 1 4 1719 3779 4472 7946
2 2
3 1 2 2232 6302
3 1 2 3457 3698
2 1 6 2332 3260 7246 7793 8414 8681
2 2
3 1 2 2854 3402
3 1 2 3092 5287
2 1 4 2984 3403 4873 8765
2 1 2 3856 4622
2 1 2 4027 6745
2 1 3 5042 5748 5762
2 1 2 5356 5563
2 1 3 5639 6084 6614
2 1 2 5876 8596
2 2
3 1 2 6686 7542
3 1 2 6863 7509
1 38
2 1 3 37 8743 9719
2 2
3 1 19 93 1095 1106 1834 2025 2210 2572 3076 3188 3477 4915 5304 5314 5385 5549 5894 6252 6729 6867
3 1 2 4109 10261
2 1 88 111 176 186 545 755 908 1022 1027 1187 1931 2007 2126 2223 2491 2626 2690 2869 2917 3467 3679 4133 4179 4194 4257 4304 4553 4564 4775 5417 5537 5591 5837 5896 5976 6135 6263 6590 7050 7085 7256 7288 7363 7395 7402 7405 7435 7460 7468 7492 7510 7513 7555 7746 7957 8084 8162 8220 8408 8464 8566 8617 8673 8679 8810 8829 8879 8896 8976 8987 9000 9027 9085 9267 9276 9281 9316 9393 9414 9543 9592 9598 9686 9760 10051 10159 10188 10217 10235
2 1 2 256 368
2 2
3 1 35 292 2235 6352 8277 8748 8807 8839 8841 8859 8866 8875 8906 9080 9095 9176 9189 9200 9213 9222 9228 9243 9249 9250 9252 9270 9330 9364 9445 9513 9523 9553 9615 9741 9742 9787
3 1 3 9218 9261 9362
2 1 2 408 3404
2 7
3 2
4 1 3 478 2164 9394
4 1 2 9759 9779
3 1 5 2275 6152 8241 8244 8705
3 1 5 3581 5970 6563 7377 8660
3 1 3 4065 4601 8805
3 1 3 6787 8050 8283
3 1 2 8130 8629
3 1 2 8515 8846
2 1 6 572 3114 3630 4899 5294 5610
2 3
3 1 3 596 5636 6591
3 1 4 6960 7091 8344 8385
3 2
4 1 3 7772 9640 9831
4 1 3 8525 8635 9572
2 2
3 1 2 598 4125
3 1 2 2432 3392
2 1 15 599 746 2118 2172 3732 3881 4330 4671 5133 5354 7754 7818 7956 7969 8474
2 1 4 821 2109 5619 8776
2 2
3 1 3 823 6774 10157
3 1 3 2582 3277 4556
2 3
3 1 3 838 6809 6816
3 1 4 2597 3532 7546 8101
3 1 3 3266 4906 7621
2 1 4 873 5119 6091 8507
2 2
3 1 2 1031 2053
3 1 2 3620 8742
2 1 18 1032 1866 1922 5027 5340 5999 6509 6771 7324 7677 7967 8001 8173 8624 8794 9422 9571 9836
2 1 6 1045 1771 2691 2816 3009 3688
2 1 4 1138 9467 10065 10241
2 2
3 2
4 1 2 1532 6502
4 1 2 3364 4394
3 1 5 1986 2236 2296 2986 4193
2 1 3 2014 2925 10059
2 3
3 1 4 2363 4787 5861 6074
3 1 2 2948 4572
3 1 5 3760 4453 4876 5220 6209
2 2
3 1 2 2696 5131
3 1 2 5540 5781
2 3
3 2
4 1 2 2851 8123
4 1 2 8184 8496
3 1 2 4468 5033
3 1 2 5818 7737
2 1 2 3363 5256
2 3
3 2
4 1 3 3478 6463 9659
4 1 3 4446 5324 6201
3 1 4 5980 6051 6216 6849
3 1 3 6969 7695 7777
2 1 3 3714 4545 7615
2 1 3 3808 5048 5470
2 1 2 3989 8198
2 1 6 4485 5348 7179 8132 9331 9689
2 1 2 4536 7627
2 2
3 1 4 4672 5710 6770 7458
3 1 2 6258 6724
2 1 2 4768 10240
2 4
3 1 2 5642 6886
3 1 2 6608 7004
3 1 2 7213 8000
3 1 2 7715 8033
2 2
3 1 2 6103 6524
3 1 2 6907 7531
2 1 3 6397 8036 8434
2 2
3 1 2 7572 7860
3 1 2 8651 9628
2 1 2 8613 9048
1 140
2 26
3 5
4 1 3 39 4023 7362
4 1 2 816 5915
4 1 3 1955 5870 7500
4 1 4 3796 4154 5711 7574
4 1 3 4124 6362 6723
3 6
4 1 4 166 4511 5142 5606
4 1 3 329 923 5195
4 2
5 1 3 609 5296 5332
5 1 2 3295 5771
4 2
5 1 3 649 5926 7476
5 1 2 5623 6307
4 1 4 3086 4784 5020 5328
4 2
5 1 2 5150 5293
5 1 2 5514 6268
3 4
4 1 3 274 651 3700
4 1 2 2350 8138
4 1 2 2823 3926
4 1 2 6713 9040
3 1 6 294 3060 3690 4342 6593 7367
3 2
4 1 2 357 7452
4 1 2 4637 5572
3 3
4 1 3 620 4251 7955
4 1 3 4260 6546 6600
4 1 2 6259 6545
3 2
4 1 2 625 4814
4 1 3 5360 5546 7709
3 2
4 1 6 630 6885 7055 7070 7549 7562
4 1 6 3924 5156 7432 7573 7653 7879
3 1 4 640 4004 5688 6835
3 3
4 1 3 967 3703 6195
4 1 3 3852 5852 5936
4 1 3 5614 5854 6555
3 2
4 2
5 1 2 2402 6704
5 1 2 5742 5750
4 2
5 1 2 6175 7456
5 1 2 6370 7553
3 3
4 1 3 3187 7824 7913
4 1 2 5218 6687
4 1 2 6332 7359
3 1 3 3348 5556 5731
3 1 5 3424 4944 6766 7760 7885
3 3
4 1 3 3670 5002 5749
4 1 2 5175 6158
4 1 3 5817 6225 6430
3 1 7 3868 4198 4273 6838 6985 7481 7868
3 1 2 4377 8012
3 1 2 4614 5164
3 1 2 4633 6149
3 2
4 1 2 4723 7308
4 1 4 4797 5706 6643 6795
3 1 5 5592 6325 6987 7049 7416
3 1 4 5878 6473 7035 7266
3 1 4 6453 6850 7234 7450
3 1 2 6864 9183
3 1 2 6884 7319
3 1 2 7078 7609
2 1 18 44 1759 1936 3420 5094 5484 5518 5678 5769 5782 6255 6610 6779 6861 7009 7686 7732 7882
2 1 2 46 8700
2 2
3 1 38 56 2513 3579 4117 4657 5093 5110 5227 5272 5441 5787 5902 6060 6147 6497 6578 6607 6739 7111 7144 7158 7161 7208 7210 7224 7226 7228 7274 7293 7305 7315 7317 7320 7336 7383 7861 7984 9781
3 1 2 5071 8304
2 1 2 78 7396
2 2
3 1 42 86 95 175 1094 1238 1287 1898 2800 2904 3629 3635 3929 4262 4753 5062 5311 5472 5797 6055 6179 6185 6265 6269 6510 7045 7100 7103 7147 7185 7220 7262 7464 7590 7837 7838 8164 8265 8266 8293 8453 9112 9944
3 1 2 444 1418
2 2
3 1 57 105 259 263 407 494 671 721 1008 2301 3001 3183 3633 3790 3860 4036 4144 4205 4464 4533 5372 5430 5444 5480 5502 5585 5599 5807 6023 6232 6503 6588 6730 6865 7127 7258 7329 7429 7486 7580 7638 7648 7670 7685 7723 7756 7758 7763 7809 7831 7872 7977 8005 8109 8159 8259 8320 8383
3 1 2 5661 7255
2 1 3 107 4470 6909
2 1 29 121 1338 2374 2548 3344 3350 3543 3637 3666 3818 3914 4459 4925 4952 5095 5368 5548 5624 5697 5873 6021 6239 6447 6615 6993 7163 7783 8419 8574
2 3
3 1 44 137 269 939 1039 2221 3336 3462 3510 3573 3691 3847 3970 4211 4258 4272 4379 4385 4493 4625 4655 4743 4838 5144 5210 5306 5386 5403 5438 5744 5756 5796 6096 6401 6518 6765 6992 7119 7203 7419 7451 7457 7862 8189 8610
3 2
4 1 2 4402 5608
4 1 3 6353 6655 7211
3 1 2 5982 7749
2 3
3 1 3 142 6622 7031
3 1 4 200 2464 5032 6900
3 1 2 3869 8248
2 2
3 1 2 143 2293
3 1 4 6444 7897 7927 8045
2 2
3 1 64 144 179 523 1662 3623 4066 4135 4691 4780 4790 5074 5228 5382 5600 5645 5720 5752 5764 5795 5799 5821 5826 5828 5831 5868 5964 5965 5967 6031 6067 6088 6126 6129 6140 6144 6168 6275 6277 6285 6293 6306 6364 6407 6420 6424 6508 6528 6559 6560 6624 6669 6694 6722 6740 6788 6798 6825 6848 6854 6879 6898 6903 6908 6912
3 1 2 6173 6283
2 1 37 156 467 1083 2475 2517 2763 3395 4381 4395 5001 5039 5045 5124 5302 5582 5659 6122 6575 6925 7030 7079 7554 7598 7625 7810 7827 7928 7936 8077 8141 8156 8179 8215 8255 8350 8365 8694
2 1 5 170 253 3758 5215 5421
2 2
3 1 6 190 2306 4763 4779 6284 6468
3 1 2 6182 7239
2 2
3 1 2 196 658
3 1 5 5282 5888 6061 6641 7093
2 5
3 1 2 245 6493
3 1 4 879 6062 6111 6725
3 1 2 4791 6654
3 1 3 5798 5820 6374
3 1 2 6155 7201
2 1 5 264 1690 4167 6305 8163
2 2
3 1 24 296 1069 2615 2621 3376 4024 4382 4629 5014 5064 5223 5488 5954 6262 6311 6384 6387 6517 6844 6890 6913 7019 7209 7684
3 1 2 2746 3604
2 2
3 1 2 304 8232
3 1 3 5200 5671 6780
2 1 30 321 692 845 1132 1840 2139 3374 4820 5061 5374 5680 5765 5800 5906 6009 6020 6059 6157 6212 6328 6329 6419 7309 7471 7637 7693 8127 8257 8360 8393
2 2
3 1 20 331 1357 3460 3919 4963 5011 5407 5491 5515 6130 6213 6217 6240 6342 6381 6421 6423 6511 6652 6889
3 1 2 3175 5554
2 1 64 337 607 626 691 1087 1225 1355 1687 2176 3205 3382 3435 3846 4201 4229 4372 4765 5377 5583 5593 5620 5669 5758 6017 6049 6063 6078 6226 6243 6315 6775 6856 6975 7036 7069 7088 7136 7593 7614 7676 7733 7742 7781 7815 7822 7825 7829 7864 7906 7917 7959 8034 8144 8167 8188 8201 8271 8307 8396 8409 8671 8766 9274 9604
2 1 5 351 2026 6280 6596 7264
2 1 79 354 396 417 1004 1015 1427 1480 1675 1732 1925 2479 2488 2577 2796 3551 3759 3998 4050 4102 4761 4910 4981 5316 5535 5578 5691 5995 6069 6196 7012 7032 7084 7106 7113 7116 7230 7245 7249 7260 7267 7284 7373 7447 7602 7605 7671 7674 7687 7697 7745 7767 7803 7811 7866 8027 8038 8060 8085 8097 8099 8114 8168 8246 8260 8285 8296 8297 8332 8333 8335 8388 8545 8848 8851 8869 8891 9167 9625 9918
2 3
3 1 3 388 624 8310
3 1 2 719 4954
3 1 3 744 6354 7286
2 2
3 1 33 442 680 726 2212 3322 3446 3522 3768 4474 4482 4513 4742 4792 4833 4885 5035 5446 5516 5692 6254 6412 6449 6662 6911 6918 6932 7026 7052 7083 7157 7381 7724 7738
3 1 2 6313 7199
2 2
3 1 3 451 540 3895
3 1 3 5544 5987 7423
2 1 3 454 6206 7892
2 1 3 455 6297 7870
2 2
3 1 15 503 2565 3146 3165 4717 5077 6222 6483 6944 7169 7171 7310 7669 7770 8048
3 1 2 2177 5859
2 1 3 520 5191 8342
2 1 24 534 786 1805 2395 4891 4948 5532 6414 6426 6431 6437 6516 6601 6793 6936 7024 7067 7181 7257 7285 7298 7740 8018 8111
2 1 3 562 4922 6950
2 21
3 1 2 564 6726
3 1 8 903 2810 3234 3366 4479 4731 5979 6337
3 1 7 914 3546 4388 4786 5198 7924 8594
3 1 3 2143 4991 6294
3 2
4 1 2 3077 7413
4 1 3 5163 5189 7348
3 1 3 3471 5603 6432
3 1 2 3486 6375
3 1 3 4422 4738 5214
3 1 3 4504 5301 5524
3 2
4 1 2 4747 5937
4 1 2 5246 6837
3 2
4 1 3 4837 5920 6843
4 1 2 6177 6617
3 1 3 5003 5193 5741
3 1 4 5069 5183 6197 7512
3 1 2 5101 6011
3 1 7 5145 5177 6072 6076 7043 7859 8096
3 2
4 1 2 5257 6030
4 1 2 6040 6113
3 1 3 5320 6025 6191
3 1 2 5378 5412
3 1 2 5501 6529
3 1 2 6335 9416
3 1 2 6696 6733
2 1 20 580 2529 3516 3650 3805 3975 4336 4438 4627 5517 5751 5927 6413 6519 6521 6878 7046 7190 7527 8172
2 1 2 588 6978
2 1 2 592 7112
2 1 52 632 1993 2314 2316 3111 3271 3318 3875 4275 4300 4319 4333 4983 5112 5122 5318 5349 5590 5690 5790 5955 6127 6300 6392 6651 6813 7101 7259 7417 7461 7599 7773 7865 7876 7910 7942 7961 7962 7976 7979 8006 8009 8011 8086 8371 8513 8577 9367 9596 9737 9861 9882
2 2
3 1 3 639 6090 6123
3 1 4 3966 5286 5932 6218
2 2
3 1 2 669 6321
3 1 2 5038 7162
2 4
3 1 6 758 3110 3323 4615 7463 8216
3 1 13 1345 1381 1948 3235 5212 5415 6246 6378 6579 6648 6807 6981 7207
3 1 2 5646 6692
3 1 3 5844 6553 7276
2 1 59 781 807 1128 2157 2837 3269 3982 4528 4619 4651 5099 5352 6192 6544 6631 6689 7080 7087 7194 7243 7244 7446 7449 7502 7504 7533 7535 7587 7588 7641 7672 7785 7839 7871 7932 8020 8037 8040 8124 8128 8136 8182 8183 8254 8313 8341 8369 8374 8406 8447 8454 8605 8737 8820 8868 8870 9012 9409 9410
2 7
3 1 3 800 6675 7708
3 1 3 4611 7332 7869
3 1 3 4777 6557 7909
3 1 2 5026 5146
3 1 2 5607 6482
3 1 2 6001 7658
3 1 3 6003 6377 7506
2 2
3 1 3 805 2396 8541
3 1 3 809 3190 7321
2 2
3 1 20 836 1721 2469 4404 4604 5262 6038 6478 6839 6875 6990 7118 7296 7776 8008 8205 8251 8561 8801 8809
3 1 2 7263 7769
2 2
3 1 12 867 2585 3148 4621 4734 4962 5526 5755 5985 6585 6802 9212
3 1 2 1344 2088
2 2
3 1 2 884 6094
3 1 2 4350 6896
2 1 3 1044 5686 7350
2 4
3 1 5 1061 2116 5668 6134 7394
3 1 5 2551 4134 6163 6288 6366
3 1 7 5178 5561 5786 5872 5958 6139 6249
3 1 2 5308 5858
2 1 2 1204 8874
2 1 3 1335 5405 5733
2 3
3 1 4 1400 5961 7817 8004
3 1 3 3655 4481 5389
3 1 2 5618 9335
2 4
3 1 2 1420 5928
3 1 19 2552 3795 3993 4190 4793 5021 5436 6400 6494 6826 6904 7281 7472 7479 7520 7558 7696 7812 7998
3 1 3 4515 6988 8322
3 1 3 4935 5622 5717
2 1 2 1513 2683
2 1 2 1535 7225
2 2
3 1 4 1618 2291 4650 5766
3 1 2 5022 7654
2 1 2 1642 7474
2 1 3 1858 5640 6924
2 1 3 1913 3861 6716
2 1 3 1938 4151 6627
2 1 3 1954 5825 6161
2 1 2 2131 7176
2 1 3 2136 8065 8157
2 1 2 2196 7089
2 1 3 2203 5993 6291
2 2
3 1 2 2331 6623
3 1 2 4667 5761
2 1 4 2352 4006 5423 6956
2 2
3 1 6 2365 5305 5520 6092 6744 6750
3 1 2 6755 7934
2 4
3 1 28 2401 4428 4839 6136 6448 6481 6786 6818 6958 6967 6999 7082 7134 7322 7347 7528 7557 7698 7807 7846 7888 8107 8286 8300 8319 8326 8466 8468
3 1 3 2822 5182 6939
3 1 2 3896 7575
3 1 2 6819 6946
2 3
3 1 2 2461 5326
3 1 2 2659 3905
3 1 2 3320 5274
2 2
3 1 2 2481 6719
3 1 2 7132 7382
2 1 3 2561 4531 6738
2 2
3 1 6 2711 5631 5763 6351 6998 8288
3 1 2 5794 7077
2 1 3 2735 5879 6873
2 3
3 1 4 2852 6996 7411 8131
3 1 3 4355 5910 6068
3 1 2 4401 5504
2 1 2 3032 9016
2 1 3 3066 6619 6749
2 1 3 3222 7061 8204
2 2
3 1 2 3293 6116
3 1 3 5806 6109 6836
2 2
3 1 2 3315 5681
3 1 3 6006 7235 7718
2 1 3 3412 5934 7922
2 1 2 3421 5777
2 3
3 1 4 3496 5877 6327 8339
3 1 3 4776 6184 7196
3 1 3 5355 5447 5712
2 1 6 3572 3785 4313 6409 7193 7801
2 1 3 3773 6336 8562
2 2
3 1 4 3793 5709 6562 6673
3 1 2 6810 8289
2 1 2 3908 5040
2 2
3 1 2 3916 7663
3 1 3 5395 6537 7022
2 1 2 3984 7307
2 1 6 4014 4449 5565 6369 6656 7521
2 3
3 1 2 4073 4893
3 1 2 4430 6834
3 1 2 5948 7133
2 2
3 1 2 4131 6250
3 1 2 5827 6855
2 1 3 4160 5388 6257
2 1 20 4164 4165 4466 4845 4880 4887 5008 5359 5429 5570 5864 6043 6073 6165 6433 6484 6661 6940 7054 7129
2 1 2 4308 4501
2 1 3 4365 4898 6373
2 1 2 4378 7341
2 1 2 4393 7334
2 1 2 4476 4662
2 1 4 4687 5729 5895 5952
2 1 2 4703 6361
2 1 3 4727 5660 8334
2 1 2 4828 6143
2 1 3 4967 6618 7550
2 2
3 1 3 5018 5569 6827
3 1 3 6037 6208 6236
2 1 2 5117 6671
2 1 2 5118 6705
2 1 4 5225 7048 7183 7678
2 1 3 5309 5882 6728
2 2
3 1 2 5329 6840
3 1 3 5604 7142 7160
2 1 2 5361 5942
2 1 3 5439 5715 6308
2 1 3 5552 6598 6986
2 1 3 5779 6457 6805
2 1 2 5808 6220
2 2
3 1 3 6053 6279 6665
3 1 2 6066 6132
2 1 3 6131 6137 7391
2 1 3 6245 6334 6436
2 2
3 1 2 6360 8338
3 1 2 6772 6943
2 1 3 6441 6646 6699
2 1 3 6459 6698 6882
2 1 3 6539 6570 6938
2 1 3 6561 9038 9164
2 1 4 6666 7604 7802 8237
2 1 2 6674 7704
2 2
3 1 4 6676 6799 7040 7057
3 1 3 7409 7826 8833
2 1 4 6888 7041 7335 7343
2 1 2 6895 7325
2 1 2 6928 7390
2 1 2 7034 7418
2 1 4 7104 7364 7368 7371
2 1 2 7152 7511
2 1 2 7300 9096
2 1 3 7306 8267 8352
2 1 2 7327 8278
2 1 2 7339 7360
2 1 2 7612 8212
2 1 2 7774 7796
1 1 37 75 132 612 700 840 1196 1457 2192 2476 2680 2828 2931 3028 3112 3151 3161 3252 3361 3401 3587 3813 3829 4421 4510 4576 4865 4928 5180 5201 5216 5747 5812 6383 6405 7180 8538 9711
1 7
2 1 4 98 116 6227 7675
2 1 3 251 1811 2594
2 1 3 560 3006 3217
2 2
3 1 3 698 5924 6290
3 1 3 5365 7645 8080
2 1 3 753 2790 4783
2 2
3 1 3 2887 5363 6010
3 1 2 3671 5277
2 1 4 3328 3940 4858 6630
1 1 2 402 3933
1 7
2 2
3 1 4 403 1232 2841 4677
3 1 3 1047 3874 4022
2 1 8 1605 2257 3841 5486 5913 6121 7586 7771
2 2
3 1 3 2128 2916 4271
3 1 2 3299 4223
2 1 3 2342 3176 7570
2 1 5 2722 5371 6963 8467 9043
2 1 4 3286 5632 5675 5723
2 1 2 4357 9241
1 6
2 1 2 1691 4624
2 3
3 1 2 2405 4686
3 1 2 5058 5468
3 1 3 6164 8049 9133
2 1 3 2741 6167 6318
2 1 4 4769 5588 6784 8704
2 1 3 5483 6238 7241
2 1 3 5941 6125 6460
1 1 2 9579 9597
