0 7
1 13
2 8
3 4
4 2
5 1 2 0 5310
5 1 2 6178 6274
4 2
5 1 2 114 6652
5 1 5 4230 4336 4462 7585 8006
4 3
5 1 3 271 6933 7844
5 1 8 393 1743 2800 5968 6036 7071 7334 7630
5 1 2 6095 6382
4 1 3 444 1970 4721
3 4
4 2
5 1 3 195 4518 4990
5 1 2 5907 6224
4 2
5 2
6 1 3 316 1306 2444
6 1 2 714 7567
5 1 3 4769 5889 7042
4 4
5 1 3 370 5892 6210
5 1 4 2689 5908 6352 6416
5 1 3 3776 4710 6660
5 1 2 6398 6796
4 1 3 410 7240 8530
3 5
4 2
5 1 3 310 2940 4744
5 2
6 1 2 921 5969
6 1 3 4550 5199 6242
4 2
5 1 4 667 1993 5464 6778
5 1 2 5773 6260
4 3
5 1 8 791 1785 2625 2741 5643 5662 5739 7065
5 1 2 5491 6732
5 1 2 7295 7799
4 1 3 2123 5726 5996
4 1 3 5064 6322 6706
3 5
4 2
5 1 3 388 553 4770
5 1 14 4319 4493 4983 5349 6092 6096 7961 8011 8212 8801 9367 9737 9861 9882
4 3
5 1 3 486 6163 6366
5 1 2 3165 6396
5 1 2 4611 5955
4 3
5 1 3 579 4881 5602
5 1 2 3392 4755
5 1 2 3971 4246
4 1 2 4040 4063
4 2
5 1 5 4776 5092 5877 6184 7196
5 1 4 5355 5595 5712 8339
3 4
4 1 8 915 5312 6701 6727 7277 7809 7856 7946
4 1 3 2472 4262 4612
4 1 2 2822 5182
4 1 3 5170 6099 6525
3 4
4 2
5 1 3 1046 6725 7667
5 1 2 5539 8349
4 2
5 2
6 1 2 1614 6507
6 1 2 7008 7569
5 1 2 5604 7142
4 2
5 1 3 3759 7453 7529
5 1 3 7579 7721 7944
4 1 3 5270 5884 6948
3 3
4 2
5 1 2 4413 4593
5 1 2 5601 7192
4 1 3 4805 5251 5959
4 2
5 1 2 5249 6717
5 1 2 7002 7018
3 1 6 4849 5745 6998 7793 8414 8681
2 7
3 5
4 3
5 3
6 1 4 5 2187 5823 9329
6 1 3 245 5171 8506
6 1 2 2685 4924
5 2
6 1 3 298 3800 5555
6 1 2 883 5037
5 2
6 1 2 449 5730
6 1 2 4455 7056
4 4
5 2
6 1 3 87 7140 7272
6 1 3 4071 5628 8074
5 2
6 1 2 662 5900
6 1 2 7514 9417
5 2
6 1 3 3763 7681 7890
6 1 5 5672 6198 7800 7841 8069
5 3
6 1 3 4943 7020 7175
6 1 2 5109 9382
6 1 2 7739 8764
4 4
5 2
6 1 3 207 4188 8451
6 1 3 5366 6815 7345
5 2
6 1 3 3497 4503 6376
6 2
7 1 2 5862 6659
7 1 2 5911 8227
5 1 5 4361 4725 5767 6112 6678
5 1 2 6573 9908
4 4
5 2
6 1 5 1611 1762 5141 7757 8534
6 1 3 1911 6968 6980
5 3
6 1 3 3534 5050 5224
6 1 3 5581 6304 7233
6 1 2 6098 8628
5 1 3 4218 5088 5800
5 1 3 7014 7647 7929
4 3
5 1 3 2004 6150 6789
5 1 4 4732 6551 6767 6858
5 2
6 1 2 7374 7389
6 1 2 7705 7923
3 5
4 4
5 1 2 66 5179
5 1 5 422 3085 4114 5558 7108
5 1 7 2040 4792 5302 7039 7130 7632 8775
5 2
6 1 5 3119 4629 4780 5390 6914
6 1 2 6153 8592
4 3
5 1 2 522 5107
5 2
6 1 3 3414 4155 7991
6 1 2 8324 9130
5 1 3 4417 4722 6349
4 3
5 2
6 1 2 701 8815
6 1 2 3505 8415
5 1 7 3963 6332 6595 7904 8143 8146 9215
5 2
6 1 2 7033 8425
6 1 2 8603 9286
4 3
5 2
6 1 4 878 5567 8030 9313
6 1 2 1112 4573
5 2
6 1 2 4352 7926
6 1 2 4652 6785
5 1 2 4397 5584
4 3
5 1 6 2618 3946 4012 7768 7862 8233
5 1 3 2780 3602 8637
5 1 4 3127 5951 6765 8642
3 5
4 4
5 2
6 2
7 1 2 103 872
7 1 2 3952 6910
6 1 2 3481 6670
5 2
6 1 2 287 8203
6 1 4 569 3055 5479 7816
5 1 2 2202 5238
5 1 3 4516 7828 8305
4 2
5 1 4 173 417 6906 7099
5 1 2 394 5075
4 3
5 1 9 318 2288 2475 7905 8255 8433 8520 8666 9171
5 1 3 2136 3881 8157
5 1 3 6000 8780 8790
4 2
5 1 10 426 1144 1246 2414 2824 3292 4273 4351 6243 6752
5 1 2 9431 9604
4 3
5 2
6 1 2 1033 1491
6 1 2 2088 7215
5 1 4 1268 5499 6241 7421
5 1 3 4523 5143 7764
3 6
4 3
5 2
6 1 4 164 2637 6955 7643
6 1 2 4927 6656
5 1 3 2331 3171 4645
5 1 2 5284 7797
4 2
5 2
6 2
7 1 2 268 8786
7 1 2 5404 7640
6 1 2 7217 8260
5 2
6 1 3 6093 7292 7597
6 1 2 7495 7530
4 3
5 2
6 1 5 451 2665 4835 7186 9074
6 1 3 1935 6156 8092
5 1 4 1596 6002 6759 7945
5 1 2 7779 7997
4 3
5 2
6 1 2 797 6977
6 1 2 1214 3739
5 2
6 1 3 1195 4826 7656
6 1 3 4108 4848 6812
5 1 3 6548 7380 8368
4 3
5 1 4 2795 7073 8557 9669
5 2
6 1 3 3643 8117 9532
6 1 2 6504 7629
5 2
6 1 3 7172 8448 8482
6 1 3 7541 7775 7981
4 4
5 2
6 1 2 3766 9743
6 1 6 6039 6791 7177 7701 8442 9993
5 1 3 4026 5522 8923
5 2
6 1 3 6071 6768 7561
6 1 7 6256 6804 7476 7603 8083 8444 8527
5 2
6 1 3 7475 8358 8588
6 1 3 8221 8359 9069
3 6
4 4
5 1 5 382 2720 8234 8383 8650
5 2
6 1 2 603 7713
6 1 2 4968 8516
5 1 5 608 8284 8722 8885 8911
5 1 4 7644 8263 8353 9226
4 3
5 2
6 1 3 587 9339 9482
6 1 2 3507 5784
5 2
6 1 2 2996 8329
6 1 5 3861 6748 6821 8643 10041
5 2
6 1 2 5638 6534
6 1 3 6602 6942 8225
4 2
5 1 3 621 5303 7248
5 2
6 1 2 1739 8113
6 1 2 3850 9013
4 4
5 1 2 3527 5206
5 1 4 3689 5235 5836 9122
5 1 4 5283 5460 5543 6045
5 1 3 5722 6446 8648
4 4
5 1 4 3531 7907 8134 8479
5 1 3 4894 8921 9045
5 1 2 4985 6828
5 1 3 5568 7806 8689
4 2
5 3
6 1 3 3980 8816 8876
6 1 2 5358 8219
6 1 3 5953 7986 8981
5 3
6 1 2 4061 8270
6 1 3 6972 8247 8638
6 1 3 7455 8616 9014
3 3
4 1 3 686 900 5780
4 1 3 3736 6512 7503
4 1 3 5929 6550 7933
3 6
4 1 4 1318 3715 4244 8497
4 1 5 2099 5115 5192 6297 6640
4 3
5 1 2 3433 4921
5 1 3 5424 7683 8432
5 2
6 1 2 5654 8431
6 1 2 7098 7919
4 1 5 3931 5573 7947 8395 8669
4 1 4 5219 6611 7232 7965
4 2
5 1 3 8240 8898 9051
5 1 2 8508 9289
2 7
3 3
4 2
5 1 3 15 6428 6780
5 1 2 3071 8344
4 1 2 1239 5347
4 1 3 4827 6935 7351
3 3
4 2
5 1 2 92 3710
5 1 2 4137 7344
4 1 3 3450 6901 8382
4 1 3 5174 7327 7422
3 5
4 2
5 1 4 151 2664 7379 7835
5 1 2 6200 7488
4 3
5 1 3 185 3178 4147
5 1 2 3458 4934
5 1 5 5258 6143 7431 7942 8043
4 3
5 1 3 392 5017 5093
5 2
6 1 2 5401 5534
6 1 2 5845 6515
5 1 2 7538 7978
4 2
5 1 4 462 877 5090 6622
5 1 2 5775 7855
4 2
5 1 3 3249 6513 6753
5 1 4 4160 5388 5467 6257
3 5
4 2
5 1 6 224 470 5736 6542 8186 8258
5 1 2 6014 8961
4 1 5 505 931 4189 7121 8366
4 2
5 1 2 858 8422
5 1 3 3733 5912 6702
4 1 6 2175 5804 5893 6104 8430 8727
4 1 7 7103 7168 7291 7584 8120 8121 8625
3 4
4 3
5 1 3 282 845 7149
5 1 2 884 948
5 1 2 5137 5629
4 2
5 1 4 2727 4483 6519 8558
5 1 2 7235 7718
4 1 3 3991 5431 7401
4 1 5 5772 7680 7751 7792 7910
3 3
4 1 13 311 474 4472 4619 4707 5181 5690 6021 6262 6346 6481 7912 9182
4 3
5 2
6 1 2 539 8980
6 1 2 3764 8373
5 1 2 812 4958
5 1 3 3627 8686 8968
4 2
5 1 3 4142 6852 8938
5 1 2 8363 9100
3 3
4 2
5 1 2 2692 7544
5 1 2 4306 7123
4 1 3 4301 4554 7560
4 2
5 1 3 4517 4521 8042
5 1 2 7699 8170
2 7
3 4
4 3
5 1 4 27 552 614 3201
5 1 2 4431 7238
5 2
6 1 2 4524 7342
6 1 2 5529 6286
4 3
5 1 3 122 275 2300
5 1 5 762 3565 3855 4558 4635
5 1 5 971 1636 2078 2134 2170
4 2
5 1 3 656 855 5981
5 2
6 1 2 3276 6105
6 1 2 5007 8376
4 1 2 4390 5159
3 3
4 2
5 1 5 150 964 1219 3030 6355
5 1 3 2454 2581 2979
4 2
5 1 2 172 3833
5 1 4 1392 2302 4263 5883
4 3
5 2
6 1 3 774 4886 9685
6 1 2 1453 7156
5 1 5 813 969 1019 3319 6880
5 2
6 1 2 1418 4285
6 1 2 4457 7664
3 4
4 3
5 1 5 265 925 1427 5078 5673
5 1 2 4947 5990
5 2
6 1 3 5425 5527 5611
6 1 2 6715 8998
4 2
5 1 5 1277 6410 7187 7930 9693
5 1 3 5265 5930 8555
4 1 6 3393 4354 5004 5419 6266 6709
4 1 2 8536 8752
3 4
4 2
5 1 3 324 2969 5621
5 1 3 1147 1815 4547
4 2
5 1 4 801 2468 3031 4807
5 1 3 2107 2108 5737
4 2
5 2
6 1 2 1395 7651
6 1 2 2719 4851
5 1 3 5036 6086 6716
4 1 2 5532 7338
3 4
4 3
5 1 4 345 982 7173 8059
5 1 5 1977 4254 5803 7326 7666
5 2
6 1 2 4104 6567
6 1 2 7137 8457
4 2
5 2
6 1 3 374 8328 9698
6 1 2 4803 7566
5 1 2 6145 6380
4 3
5 1 6 511 1481 1729 3499 7032 8937
5 1 3 1668 2398 5266
5 1 2 2622 4418
4 4
5 1 5 723 4771 4964 5443 6714
5 1 2 2216 7483
5 1 4 2527 4387 7423 7568
5 1 2 3132 6973
3 5
4 3
5 1 3 471 2184 4618
5 1 5 1042 2512 3180 4546 9412
5 1 3 3755 4896 5012
4 2
5 1 3 570 3537 6496
5 1 4 2452 3248 4359 6647
4 3
5 1 2 3321 4584
5 1 3 3384 5166 8459
5 1 2 6026 8309
4 3
5 1 3 4259 8272 8314
5 1 3 4384 4519 5222
5 1 2 6634 7556
4 1 3 4778 6080 6493
3 3
4 1 5 965 3150 5471 6276 6345
4 2
5 1 3 3809 4423 10139
5 1 2 3937 7778
4 1 3 4355 4903 5391
2 7
3 4
4 3
5 1 3 62 5984 9275
5 1 3 379 4631 7795
5 1 3 654 3797 8989
4 2
5 1 4 2657 5162 8256 8832
5 1 2 3962 4719
4 2
5 1 4 5185 5213 6394 8061
5 1 3 6033 6386 10215
4 1 3 6148 6154 6757
3 3
4 1 18 189 250 865 1871 2131 2176 2992 3451 3563 5343 5348 5557 5598 5946 6115 6575 7434 7894
4 1 3 2896 5128 9404
4 3
5 1 2 3271 7316
5 1 2 6230 8665
5 1 2 7100 7765
3 4
4 2
5 1 3 517 7920 9151
5 1 3 4331 4641 7489
4 2
5 2
6 1 4 4249 6644 6902 7355
6 1 2 6637 8513
5 1 3 5997 7029 7960
4 1 3 7406 7908 7928
4 1 3 7441 7442 8834
3 2
4 1 5 1058 3951 5904 6764 7728
4 2
5 1 4 2578 5498 7214 8397
5 1 3 7780 8028 8364
3 6
4 2
5 1 3 2102 2735 7784
5 1 2 3285 7440
4 2
5 1 2 2557 7031
5 1 2 2593 8997
4 2
5 1 3 3554 4663 7691
5 1 2 7536 7543
4 3
5 1 3 4047 6100 6101
5 1 2 4610 6900
5 2
6 1 2 7167 7901
6 1 2 7747 8279
4 1 3 4090 8206 9702
4 2
5 1 3 4105 4998 7047
5 1 3 6632 7062 8789
3 3
4 1 2 4467 6982
4 1 11 6050 7174 7267 7280 7304 7461 7605 8103 8441 8924 9115
4 1 2 6826 7037
3 4
4 1 2 4700 6203
4 2
5 1 3 6004 6408 8091
5 1 3 6265 8957 9755
4 1 4 6476 8133 8208 8384
4 1 5 7444 7454 7508 8851 9195
2 6
3 4
4 2
5 1 2 93 8385
5 1 2 4065 6397
4 3
5 1 2 368 8742
5 1 3 490 4622 5639
5 1 2 1031 2053
4 2
5 1 3 4669 5642 6608
5 2
6 1 2 6886 8970
6 1 2 7715 8033
4 1 4 6084 6769 8554 8602
3 4
4 1 89 111 176 180 186 545 755 908 1022 1039 1187 1866 1931 2007 2223 2491 2869 2917 3467 3688 4133 4257 4305 4478 4553 4564 5537 5837 5896 6135 6263 6540 6774 7001 7050 7085 7125 7147 7256 7288 7363 7395 7405 7435 7460 7468 7492 7510 7513 7555 7572 7661 7677 7746 7957 8084 8101 8162 8220 8408 8464 8507 8566 8617 8673 8679 8743 8794 8810 8829 8879 8896 9000 9027 9085 9267 9276 9281 9316 9393 9414 9543 9592 9598 9686 9760 10051 10159 10188 10217
4 1 29 292 2235 8277 8748 8859 8866 8875 8906 8908 9080 9095 9189 9200 9213 9222 9228 9243 9249 9250 9252 9270 9330 9364 9445 9513 9553 9615 9742 9787
4 1 5 4672 5710 6258 6770 7458
4 1 2 9579 9597
3 4
4 3
5 1 2 126 478
5 1 3 2948 4572 4787
5 1 3 4485 5324 6201
4 2
5 2
6 1 3 838 3532 6816
6 1 3 2215 3363 4345
5 1 4 2597 3116 4906 7621
4 3
5 1 2 1691 4624
5 1 3 3477 4583 6969
5 1 2 3478 9659
4 4
5 2
6 1 2 2275 7777
6 1 2 6216 7996
5 1 5 3581 5256 6751 7377 8130
5 2
6 1 2 4446 8244
6 1 2 6787 8283
5 1 2 5970 6849
3 3
4 1 10 542 1106 2925 3784 5612 6771 7759 8502 8976 9741
4 1 17 746 1027 1922 1986 2044 2172 2599 2690 3009 3760 4304 4775 5116 5450 5591 5905 6006
4 1 3 3989 4277 8198
3 6
4 2
5 1 5 572 3630 4899 5294 5589
5 1 2 7889 7967
4 1 4 821 2109 5619 8776
4 1 16 2118 2236 2816 3732 4671 4768 5027 5340 5354 7419 7754 7818 7956 7969 8000 8474
4 3
5 2
6 1 2 2582 7615
6 1 2 3277 4556
5 2
6 1 2 3714 8261
6 1 2 5610 6463
5 1 2 4536 7627
4 2
5 1 2 2696 5131
5 1 2 5540 5781
4 1 4 4545 5980 8036 8434
3 1 14 1095 2025 3076 3266 4109 4915 5119 5304 5314 5385 5549 5894 6729 6809
2 8
3 3
4 2
5 1 11 136 1756 3251 4497 6434 6530 6783 7707 7872 8085 8142
5 1 2 3176 7570
4 2
5 1 6 1119 2047 2492 3945 4772 5452
5 1 5 5885 7226 7563 8119 8177
4 2
5 1 2 1591 7898
5 1 2 7281 7516
3 4
4 4
5 1 2 243 6495
5 1 2 2232 6302
5 1 2 2990 4724
5 1 2 3955 6535
4 1 10 2501 2675 3068 4032 4103 4410 4804 5367 5810 6803
4 1 2 3457 3468
4 1 3 5625 5635 6672
3 3
4 2
5 1 2 257 6471
5 2
6 1 2 6686 7542
6 1 2 6863 7509
4 2
5 1 3 646 5811 6822
5 1 4 5042 5748 5762 7606
4 1 5 3953 5040 5650 6350 10230
3 2
4 2
5 1 3 260 2274 6475
5 1 4 1048 7688 8426 8662
4 1 5 4918 5344 6636 7649 9144
3 4
4 3
5 2
6 1 2 338 1672
6 1 2 6194 6438
5 1 4 2686 6582 7247 7252
5 1 2 5890 6417
4 2
5 2
6 1 2 440 6247
6 1 2 1203 2372
5 1 5 3284 5380 5860 6440 6868
4 2
5 1 4 1517 6013 6223 6472
5 1 3 5713 6415 7216
4 3
5 1 5 4820 5689 6903 7283 7882
5 1 3 5205 7408 8185
5 2
6 1 2 6651 8229
6 1 2 8478 8661
3 3
4 1 3 538 2309 8152
4 2
5 1 3 2461 8252 9299
5 1 2 7278 7399
4 1 3 5740 6008 7941
3 3
4 1 3 703 2771 7145
4 1 6 5227 6057 6445 6452 7159 8174
4 1 4 5886 6592 6653 7519
3 4
4 2
5 1 2 834 8706
5 1 3 3092 5287 5521
4 1 3 1320 2854 3402
4 1 5 2473 2659 5274 6801 7410
4 2
5 1 2 3320 5326
5 1 2 3879 7984
2 5
3 3
4 2
5 1 2 266 4695
5 1 2 8443 9360
4 1 4 286 3851 3997 6691
4 1 3 1360 6603 7259
3 2
4 2
5 1 2 315 7931
5 1 2 2886 5412
4 2
5 1 2 3615 9131
5 1 3 3840 5089 7852
3 3
4 1 3 319 4185 6685
4 1 4 3642 5617 8158 8778
4 1 4 4389 6094 7023 9738
3 3
4 2
5 1 2 784 6114
5 1 2 7223 9672
4 2
5 1 2 2946 8843
5 1 2 5792 7706
4 1 2 6576 8537
3 3
4 2
5 1 2 1285 7830
5 1 2 6183 6462
4 2
5 1 3 3905 5322 8387
5 1 3 4869 5330 5394
4 2
5 1 2 5586 8494
5 1 2 5816 6629
2 1 1 626
2 1 1 1538
2 1 1 2249
2 1 1 6187
2 1 1 7823
1 6
2 13
3 4
4 1 61 1 249 320 415 898 1021 1034 1057 1077 1117 1158 1161 1227 1316 1331 1446 1534 1601 1660 1738 1847 2021 2159 2201 2246 2392 2399 2400 2465 2490 2514 2541 2543 2693 2748 2802 2840 2844 2845 2875 2891 3115 3354 3370 3391 3408 3415 3555 3611 3647 3722 3830 3930 3986 4008 4043 4122 4272 4451 4538 4590
4 1 5 1045 1771 2691 3404 4684
4 1 4 2160 3051 3651 3849
4 1 2 3287 3775
3 7
4 7
5 2
6 1 5 8 863 2850 4509 4951
6 1 2 3256 4475
5 2
6 1 2 155 2380
6 1 12 163 1082 2075 2507 2895 4041 4332 4729 4996 4999 5427 5986
5 1 2 1208 4976
5 1 2 1312 4488
5 1 2 3535 4586
5 1 4 3883 4010 4356 4643
5 1 2 4145 4284
4 4
5 1 11 51 2838 3011 4113 4152 4427 4585 4649 4667 4745 4955
5 1 3 525 4091 4542
5 1 2 2729 4866
5 1 2 3915 4288
4 3
5 1 4 130 2077 2373 2566
5 2
6 1 2 2117 4909
6 1 2 3807 4192
5 1 3 3441 3838 4253
4 2
5 1 16 144 375 1983 2043 2600 2839 3046 3585 3925 3928 3954 4163 4196 4243 4289 4411
5 1 3 514 2798 4247
4 3
5 1 3 145 454 868
5 1 2 1394 2710
5 2
6 1 2 3337 3567
6 1 2 3788 3922
4 3
5 1 2 147 2509
5 1 22 215 223 524 655 832 1424 2950 3272 3559 3717 3765 3803 3912 3983 4070 4119 4128 4329 4343 4369 4526 4821
5 1 2 1827 4173
4 2
5 1 2 343 1430
5 1 2 3065 4860
3 2
4 1 51 29 61 72 148 156 255 256 767 888 952 1101 1253 1650 1764 2477 2583 2661 2705 2724 2734 2754 2787 2813 2853 2878 2960 2962 3106 3330 3426 3470 3697 3705 3792 3811 3863 3880 3917 4051 4728 4871 5030 5165 5237 5268 5288 5402 5449 5833 5863 6311
4 1 2 2211 2756
3 8
4 1 20 30 302 2290 2804 2864 3372 3520 3664 3814 3839 3857 3902 4111 4171 4278 4279 4281 4291 4292 4374
4 2
5 1 24 48 1689 2094 2589 2615 2927 3024 3495 3511 3661 3734 4011 4016 4080 4099 4166 4245 4347 4362 4426 4575 4617 4816 5076
5 1 2 3290 3628
4 3
5 1 34 102 467 633 738 1883 1936 2658 2866 3117 3123 3160 3207 3464 3623 3892 4321 4358 4376 4818 4853 4966 5015 5016 5136 5191 5254 5413 5416 5435 5490 5508 5509 5512 8610
5 1 2 4174 4176
5 1 2 4712 4800
4 1 3 383 2737 3215
4 1 17 390 706 771 810 2540 2965 2975 3417 3513 3876 3891 3990 4267 4396 4492 4598 4713
4 3
5 1 4 488 2226 2694 4936
5 2
6 1 2 1155 2049
6 1 2 2915 3142
5 1 4 1245 3289 4190 4661
4 5
5 2
6 1 2 531 3122
6 1 3 1217 3443 3719
5 1 2 1917 3246
5 1 4 2340 3769 4232 4375
5 1 2 2882 3048
5 1 2 4049 4125
4 3
5 1 4 2739 3888 4520 5096
5 1 4 2984 3403 3998 4873
5 1 2 4806 5125
3 7
4 3
5 1 18 31 659 763 2038 2142 2192 2314 2355 2563 2602 3008 3107 3261 3350 3557 4982 5005 5127
5 1 2 177 3383
5 1 2 1719 3779
4 1 6 210 1786 2230 2978 3801 5147
4 1 4 317 1193 1588 2135
4 2
5 1 3 477 2429 3247
5 1 2 485 493
4 1 5 881 1149 3636 3806 3999
4 1 2 3686 4408
4 1 2 4620 4913
3 5
4 1 48 119 463 652 1007 1223 1229 1671 1838 2138 2315 2446 2458 2814 3018 3219 3254 3440 3545 3549 3588 3591 3608 3619 3621 3632 3683 3691 3729 3770 3778 3794 3795 3835 3862 3901 3936 3941 3968 4020 4184 4225 4527 4532 8044 8047 8745 8747 8910
4 2
5 1 2 401 3972
5 1 7 2904 3445 3485 4675 4974 5756 6190
4 1 4 1010 3288 3634 6270
4 2
5 1 3 2137 2818 3345
5 1 3 2643 3316 3347
4 1 2 4283 4530
3 3
4 2
5 1 30 167 192 201 912 932 944 1049 1142 1194 1286 1872 1984 2029 2120 2499 2562 2564 2656 2707 3041 3216 3606 3626 3720 3815 3949 4035 4456 4616 6102
5 1 2 3137 3556
4 3
5 2
6 1 2 295 5129
6 1 2 751 2106
5 1 4 727 2428 3914 5848
5 1 2 3003 4123
4 3
5 1 6 348 1067 2115 2168 3279 4874
5 2
6 1 3 760 2081 2570
6 1 3 4297 4448 4477
5 1 2 1486 3233
3 7
4 4
5 1 20 171 566 571 2171 2520 2673 2805 2827 3047 3089 3156 3230 3603 3787 3837 3864 3988 4303 6433 7497
5 1 2 1088 3735
5 1 2 2145 2958
5 1 2 2942 3530
4 3
5 1 3 187 2753 4045
5 1 2 332 2894
5 1 3 3967 4120 5974
4 1 26 217 430 510 556 576 637 1244 1645 1673 2205 2357 2663 2731 2740 2764 3227 3367 3483 3510 3553 3845 4682 4748 5052 5056 5243
4 1 3 480 622 1665
4 1 3 593 1803 2169
4 1 2 1957 3053
4 1 3 2016 2408 3084
3 6
4 4
5 3
6 2
7 1 2 191 2876
7 1 2 1455 7268
6 1 2 2012 2612
6 1 2 2224 2453
5 2
6 1 2 694 2505
6 1 2 2546 5580
5 2
6 2
7 1 2 941 1120
7 1 2 981 1496
6 1 2 2568 3195
5 3
6 1 2 949 1072
6 1 2 2493 2929
6 1 3 2592 2653 4084
4 2
5 1 4 279 1892 3013 4626
5 1 4 1518 2317 2390 3253
4 2
5 1 5 613 1664 1906 2868 3102
5 2
6 1 3 3204 4831 4979
6 1 3 3898 4093 5664
4 4
5 1 4 777 1530 3093 3743
5 2
6 1 2 1789 4046
6 1 3 2774 3515 7880
5 1 2 2051 3200
5 1 3 2526 5085 5801
4 2
5 1 14 1122 1264 1456 1584 1714 1782 1835 1953 2213 2388 2574 2660 2772 3649
5 1 3 1711 3356 3501
4 1 7 2125 2518 2782 3052 3725 3831 4053
3 7
4 2
5 1 8 335 1628 2299 2346 3005 4414 4433 5072
5 1 2 3296 3687
4 1 11 618 1342 2438 3453 3609 3828 4059 4136 4595 6443 6633
4 3
5 1 2 641 3748
5 1 2 2516 2642
5 1 2 4750 4908
4 2
5 1 24 688 702 2870 2900 3407 3575 3875 4415 4441 4668 4693 4714 4762 4767 4867 5172 5247 5530 5728 5796 5809 5847 6118 6572
5 1 2 2460 5805
4 1 3 1200 4400 5648
4 2
5 1 2 1846 5281
5 1 2 3690 5777
4 1 3 2912 2957 4923
3 4
4 2
5 1 2 547 2397
5 1 2 2370 4439
4 1 16 1078 2158 2897 3224 3490 3569 3723 3812 3932 4126 4149 4242 4864 4914 6916 7526
4 1 3 1093 4623 6421
4 3
5 1 2 1371 2968
5 1 2 2855 2985
5 1 4 2930 3159 3612 3886
3 1 1 1170
3 1 1 1979
2 6
3 4
4 2
5 2
6 1 3 2 3452 3600
6 1 3 3243 3667 3777
5 2
6 2
7 1 3 1836 2048 4044
7 1 3 3975 4182 4552
6 1 3 2222 4353 7658
4 2
5 1 3 139 3193 5369
5 2
6 1 2 366 5013
6 1 3 1030 3136 3170
4 2
5 2
6 1 3 261 1228 1947
6 1 2 429 2793
5 2
6 1 3 899 2064 3802
6 1 2 1824 2747
4 4
5 1 5 977 2700 3023 3822 4878
5 2
6 2
7 1 2 1141 2111
7 1 2 4444 4447
6 1 2 1653 3118
5 1 4 1609 2879 3226 3343
5 1 3 2736 4094 4302
3 7
4 2
5 1 5 4 1248 1637 2725 3921
5 1 5 1160 1667 2379 3263 3325
4 5
5 2
6 1 3 10 827 5271
6 1 2 2339 2803
5 1 3 886 3544 3709
5 1 4 1156 1280 3036 3360
5 2
6 1 2 3021 3185
6 1 4 3081 4841 5067 5409
5 1 3 4177 4235 4339
4 4
5 2
6 1 3 112 231 2817
6 1 2 330 1889
5 1 6 333 1099 1179 2031 2947 4068
5 2
6 1 5 469 2442 3960 5215 7119
6 1 3 936 1923 3262
5 1 2 761 955
4 3
5 2
6 1 8 237 939 1603 3827 4178 4406 4468 5335
6 1 2 3182 5362
5 1 6 254 1558 2374 2652 3514 4754
5 2
6 2
7 1 2 947 3965
7 1 2 2695 3877
6 1 2 2431 3644
4 4
5 1 5 306 1513 5656 5759 6278
5 3
6 1 2 869 3240
6 1 3 1050 1994 2833
6 1 2 2225 6138
5 1 2 3173 5392
5 1 2 3658 5221
4 3
5 1 3 805 5102 5138
5 2
6 2
7 1 3 895 968 3842
7 1 3 3239 3659 5956
6 1 2 4268 4857
5 1 4 1733 1746 5033 5220
4 3
5 1 3 953 3097 4541
5 1 2 1951 3618
5 2
6 1 2 2633 3817
6 1 2 2908 3141
3 7
4 1 46 17 63 684 854 1303 1328 1480 1747 1753 1763 1808 1940 1959 2179 2221 2334 2417 2744 2801 3197 3269 3665 3927 3942 4129 4809 4855 4856 4897 4912 4940 5184 5211 5239 5411 5647 5744 5752 5925 5935 6022 6052 6506 6514 6584 6741
4 3
5 2
6 1 3 653 913 4686
6 1 2 2463 2949
5 2
6 1 2 894 2523
6 1 2 2654 3713
5 1 7 1092 3645 4901 5114 5140 5160 5242
4 1 3 685 1037 3707
4 1 2 824 5950
4 1 2 4706 5028
4 1 2 5299 8671
4 1 2 6295 6957
3 4
4 2
5 1 2 65 5168
5 1 2 2808 3620
4 2
5 1 3 598 3364 4394
5 1 4 1532 1583 2986 4193
4 1 3 818 1451 3332
4 1 15 996 1097 1431 1442 2037 2074 2182 2190 2250 2381 3020 3305 3638 4280 4632
3 4
4 3
5 2
6 1 4 76 244 2914 5887
6 1 3 924 2723 5331
5 2
6 1 5 1893 2708 3057 4203 4299
6 2
7 1 2 2421 4312
7 1 2 3978 4360
5 2
6 1 4 1943 2786 4025 4081
6 1 2 2344 6698
4 3
5 2
6 1 3 115 1547 2459
6 1 4 473 1274 2832 4115
5 2
6 1 6 123 336 1028 1469 1629 3045
6 1 5 194 395 1091 1121 2060
5 2
6 1 2 991 4698
6 1 2 1870 3259
4 2
5 3
6 1 3 416 2784 5793
6 1 3 481 3087 5217
6 1 3 2002 2559 5146
5 2
6 1 5 438 875 1124 1351 3390
6 1 5 909 1201 2262 3236 4840
4 4
5 2
6 1 3 549 804 1567
6 1 2 2422 3397
5 1 3 1145 2777 4048
5 2
6 1 2 1502 4502
6 1 2 1877 6348
5 1 5 2676 3283 3894 4749 6794
3 7
4 3
5 1 14 211 262 424 1374 3274 3639 4386 4608 4688 5106 5351 5703 5704 6389
5 1 2 1084 1126
5 1 2 4746 5644
4 3
5 1 2 687 4315
5 1 3 4555 5538 5897
5 1 2 5493 5519
4 3
5 1 5 882 3716 4248 4678 4752
5 1 4 1346 4960 5400 5670
5 1 2 2100 3067
4 2
5 1 5 961 1435 3121 4658 4782
5 1 3 1332 2542 4107
4 2
5 1 4 1884 3808 5048 5719
5 2
6 1 2 1973 3903
6 1 2 4221 4420
4 2
5 1 3 2648 2871 4801
5 1 3 2745 5553 5988
4 1 8 3061 3149 4424 4588 4683 5029 5451 5559
2 8
3 7
4 5
5 4
6 2
7 1 2 6 5562
7 1 2 4522 4993
6 2
7 1 2 1478 5850
7 1 5 2481 2862 5422 5684 5881
6 2
7 1 4 4031 5151 5293 5384
7 1 2 5154 5378
6 2
7 1 2 4970 6132
7 1 2 5190 5458
5 3
6 2
7 1 4 184 4562 5121 5260
7 1 2 737 5576
6 1 2 1891 5104
6 1 5 5091 5280 5477 5830 5839
5 3
6 2
7 1 4 475 674 4919 5481
7 1 6 4234 5473 5496 5699 5791 6679
6 2
7 1 3 1413 3981 6064
7 1 3 5321 5494 5856
6 1 2 5130 5789
5 2
6 1 7 958 2121 3318 5396 5594 5746 5790
6 1 2 2396 4309
5 2
6 1 3 4445 5047 5339
6 1 2 5315 5542
4 5
5 1 5 32 344 1131 4438 5547
5 2
6 1 5 456 4639 4870 5278 5345
6 1 2 4425 4757
5 2
6 1 5 550 1510 3172 3597 5055
6 1 3 923 5370 5482
5 2
6 1 3 3613 5376 5415
6 1 2 5447 5849
5 2
6 1 3 3745 3832 5337
6 1 5 4499 4600 4832 5158 5474
4 5
5 2
6 1 5 33 999 3657 4607 7610
6 1 2 2699 3616
5 2
6 1 20 34 2425 3250 3336 3584 3847 4322 4599 4625 4655 4838 5045 5144 5233 5438 5526 5679 5763 6518 8145
6 1 2 5454 5609
5 1 4 3523 4067 4491 5571
5 2
6 1 3 4226 5231 6078
6 1 3 4454 4904 5420
5 2
6 1 2 4270 5414
6 1 2 4956 5210
4 5
5 3
6 1 2 59 4789
6 1 5 117 3278 3409 4110 4264
6 1 2 4097 4953
5 2
6 1 4 1423 4164 4596 5203
6 1 2 2024 5760
5 2
6 2
7 1 2 2667 4659
7 1 2 2918 4697
6 1 2 3351 5495
5 1 2 2919 3109
5 1 2 3434 7438
4 4
5 2
6 1 2 153 2932
6 1 4 4435 4751 5054 5306
5 2
6 1 3 389 3189 3974
6 1 2 3536 4150
5 1 3 3444 4994 5461
5 1 4 4148 5291 5323 5410
4 4
5 2
6 1 5 642 2614 2617 3280 5657
6 1 2 1059 4159
5 1 5 1171 3138 4194 4825 5077
5 3
6 1 3 1218 3086 5301
6 1 2 1988 5456
6 1 3 1999 2982 4926
5 1 2 3231 5455
4 5
5 1 5 849 1980 4013 4931 5019
5 3
6 1 4 1189 4060 4473 4888
6 1 3 3432 4766 5387
6 2
7 1 2 3461 4689
7 1 2 4238 5025
5 3
6 1 3 2165 4460 4987
6 1 3 2233 3442 4506
6 1 2 3677 5566
5 3
6 1 2 2304 2923
6 1 3 2378 4295 4328
6 1 2 4348 4450
5 2
6 1 2 3418 5024
6 1 2 4946 5057
3 6
4 3
5 1 3 20 433 4037
5 2
6 1 3 230 3656 4654
6 1 2 3145 4498
5 1 3 3456 4653 5487
4 3
5 1 8 53 523 1192 2785 3298 3676 5590 5734
5 2
6 1 3 425 4824 5276
6 1 2 2991 4859
5 3
6 1 2 3668 4069
6 1 2 3906 4002
6 1 3 4212 4834 4965
4 4
5 2
6 1 2 64 1289
6 1 2 479 3798
5 2
6 1 3 341 1377 3904
6 1 3 1695 3780 4900
5 2
6 1 3 453 2613 3561
6 2
7 1 2 682 4316
7 1 2 3082 4215
5 2
6 1 3 476 2579 5871
6 1 2 502 3349
4 4
5 3
6 1 2 70 4395
6 1 2 300 3400
6 1 3 3154 3339 4795
5 2
6 1 2 636 6109
6 1 3 945 1934 2926
5 1 4 744 4077 4986 6273
5 1 3 1926 4156 5046
4 3
5 1 5 83 3066 3996 4705 4796
5 3
6 1 5 127 2682 4463 5561 5846
6 1 2 2848 2939
6 1 2 4265 4311
5 1 4 158 2576 4157 4505
4 1 4 246 1946 4551 4735
3 7
4 3
5 2
6 1 2 42 4465
6 1 2 1199 2534
5 1 11 199 381 657 1907 2709 2970 4490 4529 4568 4812 8336
5 1 2 2810 4340
4 5
5 3
6 1 3 85 2015 4141
6 2
7 1 2 106 2598
7 1 2 756 1266
6 1 2 3072 3756
5 3
6 2
7 1 5 484 534 2084 4407 4580
7 1 2 3948 4231
6 2
7 1 3 693 994 4326
7 1 3 4057 4367 4495
6 1 3 2406 3502 4206
5 1 5 901 3640 3757 4169 4486
5 2
6 1 3 997 3568 4961
6 1 2 4018 5065
5 1 5 2831 3094 3459 4437 4592
4 4
5 1 8 240 2525 2591 3701 3731 3956 4333 5947
5 2
6 1 2 536 1568
6 1 3 2721 3152 3329
5 3
6 1 2 1554 2497
6 1 2 1657 4634
6 1 2 3281 4674
5 1 2 4709 5525
4 3
5 2
6 1 3 340 3976 4146
6 1 3 3694 5079 7297
5 2
6 1 6 1081 4489 4640 4875 5070 5186
6 1 2 1954 3977
5 2
6 1 3 1295 2797 5829
6 1 2 3244 4937
4 6
5 3
6 1 4 432 605 3228 3314
6 1 3 2952 4139 4250
6 1 2 3130 5169
5 3
6 1 2 585 2937
6 1 4 1361 4602 4646 5263
6 1 3 3589 3718 5230
5 5
6 2
7 1 2 906 3161
7 1 4 4403 4730 5120 5134
6 2
7 1 2 1586 2610
7 1 2 4324 4702
6 1 2 2635 4003
6 1 2 3698 4606
6 1 2 3959 4836
5 2
6 1 2 1521 2847
6 1 2 4512 4863
5 1 5 2122 2726 2830 3680 4862
5 2
6 2
7 1 2 2146 2556
7 1 2 3203 4143
6 1 2 2303 4756
4 3
5 2
6 1 4 529 1113 1730 2951
6 1 2 3751 3969
5 2
6 1 2 1299 3858
6 1 5 2872 3388 4158 4371 4850
5 1 3 2515 4087 4224
4 5
5 2
6 1 4 530 3422 4019 4310
6 1 2 927 2789
5 3
6 1 3 577 4560 5207
6 1 2 2909 3448
6 1 2 4349 4574
5 3
6 1 5 677 3303 4255 4565 4891
6 1 2 2766 5866
6 1 2 4548 4557
5 2
6 1 3 1895 3282 4907
6 1 3 2606 4628 4760
5 3
6 1 2 3564 3871
6 1 2 4561 4699
6 1 2 4736 4799
3 6
4 1 28 54 568 911 3454 3525 3702 3771 4001 4028 4039 4132 4195 4716 4823 4876 5051 5112 5157 5202 5475 5476 5513 5605 5855 5868 5869 6517 8636
4 2
5 1 6 55 828 2349 3463 4064 4939
5 1 2 3500 3740
4 2
5 1 26 125 288 680 1930 2371 2779 2998 3133 3376 3865 4000 4379 4398 4577 4642 4741 4892 4957 5061 5429 5492 5874 5920 5938 6146 7491
5 1 3 307 871 4290
4 2
5 1 2 356 3669
5 1 3 3324 3911 3958
4 3
5 2
6 1 2 752 2547
6 1 2 926 5068
5 1 5 1522 2856 3245 3728 4079
5 1 2 3103 4720
4 3
5 1 3 1107 5229 5282
5 1 7 2188 4335 5197 5507 5510 6508 7191
5 1 2 3519 5290
3 7
4 5
5 3
6 2
7 1 3 57 2003 3396
7 1 2 3724 3791
6 3
7 1 2 233 2319
7 1 2 2792 3512
7 1 2 3673 4121
6 1 2 2412 3029
5 2
6 1 5 378 2530 2639 3358 3782
6 1 2 2601 3430
5 1 3 466 2508 4007
5 4
6 1 4 518 2775 3167 3333
6 1 3 1271 2697 3140
6 2
7 1 2 2110 2345
7 1 2 2669 3273
6 1 2 3654 3663
5 1 3 739 3580 5334
4 5
5 2
6 1 4 198 551 1379 4261
6 2
7 1 2 2677 3043
7 1 2 3738 3816
5 2
6 1 2 248 4370
6 1 5 2326 2485 3002 3884 4227
5 2
6 1 3 559 2195 2671
6 1 2 1509 3547
5 2
6 1 2 1254 2749
6 1 2 2758 3878
5 2
6 1 4 1536 3712 4186 4256
6 1 2 2056 3867
4 4
5 3
6 1 2 203 2757
6 1 4 2836 3385 3562 3699
6 1 2 3479 3648
5 3
6 2
7 1 4 1205 2482 3373 4034
7 1 4 2674 2906 2966 4440
6 2
7 1 3 1529 3026 4170
7 1 4 2155 4183 4452 6152
6 1 3 2443 2704 3413
5 2
6 2
7 1 3 1412 3134 7863
7 1 2 3074 3675
6 2
7 1 2 1585 3267
7 1 2 2826 3598
5 2
6 1 3 2189 2620 2751
6 1 3 2596 2681 4992
4 5
5 2
6 1 4 285 1630 2553 3506
6 1 7 308 2426 3232 3693 4072 4092 4210
5 2
6 2
7 1 2 1164 3521
7 1 2 2149 5992
6 1 2 3625 3695
5 3
6 2
7 1 2 1234 2945
7 1 2 1598 2976
6 1 3 2762 2881 4095
6 1 2 3369 3429
5 2
6 1 5 1705 3885 3893 3909 4029
6 1 4 2902 3423 3631 3872
5 1 3 2411 3574 3692
4 4
5 2
6 1 4 519 3268 3297 3601
6 2
7 1 3 2997 3508 3570
7 1 3 3275 3538 3617
5 2
6 1 2 811 2393
6 1 2 3126 3662
5 2
6 2
7 1 3 1507 3365 4696
7 1 3 2863 3469 3476
6 1 3 2063 3425 4033
5 3
6 1 2 2141 3576
6 1 3 2511 3577 3622
6 1 2 3177 3449
4 4
5 2
6 1 2 595 3341
6 1 2 3428 3610
5 2
6 1 3 705 794 1074
6 1 3 1620 2528 3225
5 1 3 2270 2760 4813
5 1 2 2616 3063
4 3
5 1 2 2413 2953
5 1 3 2533 3091 3427
5 1 2 3674 5364
3 6
4 3
5 1 5 67 1064 4199 4294 5044
5 2
6 1 2 663 1109
6 1 3 1104 3014 3098
5 1 4 2494 2936 3209 4341
4 1 7 110 1116 4571 4773 4971 4984 9620
4 4
5 1 2 204 4204
5 1 3 276 4055 4209
5 1 6 2147 2794 3607 4015 4701 4879
5 1 6 3820 4239 4364 4589 4690 5241
4 3
5 1 5 270 409 2799 3359 4100
5 2
6 1 2 363 3614
6 1 3 1343 3101 3241
5 1 2 3465 4636
4 3
5 1 4 372 2072 2273 4549
5 1 5 1465 1682 2343 2605 3541
5 1 2 2415 3466
4 1 7 594 1417 3212 4877 4890 4950 4975
3 5
4 3
5 2
6 1 2 113 4089
6 1 2 4042 4088
5 1 8 161 235 491 2554 3524 3599 3783 3907
5 2
6 1 2 405 1061
6 1 2 4325 5405
4 2
5 2
6 1 3 225 4106 5966
6 1 3 1928 3258 3730
5 1 4 532 910 1366 2363
4 3
5 1 3 334 2905 3304
5 2
6 1 2 535 5531
6 1 3 2451 3482 4884
5 1 7 935 1002 1659 3206 4666 4995 5279
4 2
5 2
6 1 3 499 4344 4694
6 1 2 3678 4276
5 2
6 1 2 3652 4630
6 1 2 4500 5248
4 3
5 2
6 1 3 584 1978 3181
6 1 2 4320 4942
5 1 4 2305 2944 2988 5802
5 2
6 1 2 2843 5575
6 1 2 4030 5252
3 2
4 1 3 2484 2773 3605
4 1 3 3762 4213 4559
2 6
3 8
4 7
5 1 15 11 448 930 979 1005 1678 2119 2467 3355 3357 3786 4525 4708 5433 5942
5 1 3 227 465 1181
5 1 5 297 1213 1647 2150 2820
5 2
6 1 3 364 1211 2437
6 1 2 1159 1414
5 1 3 365 3039 3147
5 2
6 1 2 907 2036
6 1 3 2394 2439 3064
5 1 3 989 1319 2076
4 6
5 2
6 1 3 13 561 574
6 1 2 1422 2874
5 2
6 1 4 236 1206 1473 3059
6 1 2 1570 2608
5 2
6 2
7 1 2 284 1929
7 1 2 2174 3155
6 1 6 1389 2259 2647 2679 2717 2910
5 3
6 1 3 631 1902 2354
6 1 9 666 922 1001 1115 2455 3104 3475 6081 6435
6 1 2 2001 2361
5 2
6 1 3 707 1916 2893
6 1 12 843 1890 2173 2289 2333 2441 2536 2607 2623 2644 2712 3078
5 1 4 2105 2456 2655 3096
4 5
5 1 4 16 221 2496 2569
5 1 2 788 2752
5 1 6 905 1899 2713 2791 2888 2959
5 1 2 1777 2629
5 1 4 2281 2495 2672 2807
4 6
5 3
6 2
7 1 2 28 2941
7 1 2 2447 2861
6 1 3 104 720 2920
6 1 3 985 1436 2928
5 2
6 2
7 1 3 216 998 2783
7 1 2 847 1969
6 1 3 2011 2279 2298
5 3
6 1 2 278 2307
6 1 2 661 2014
6 1 4 916 1012 1177 3027
5 2
6 1 7 627 1168 1378 2767 2883 2963 2983
6 1 3 2419 2742 3202
5 1 6 673 934 1920 2549 2716 2718
5 1 3 1180 1574 2898
4 5
5 2
6 1 12 68 856 1089 2161 2162 2369 2375 2434 2609 2860 2889 3054
6 1 3 377 1443 2214
5 1 6 496 1748 1760 1822 1952 2153
5 1 2 558 1770
5 2
6 1 4 748 2445 2500 3124
6 2
7 1 2 759 2859
7 1 2 1341 2595
5 1 2 1006 2921
4 5
5 1 11 74 2436 2489 2650 2769 2964 3010 3199 3291 5782 7836
5 1 3 468 2087 2220
5 1 3 602 2039 2980
5 1 5 1449 1649 2310 2630 2981
5 1 3 1552 2641 2715
4 3
5 1 30 350 406 1315 1323 1432 1742 2091 2280 2284 2366 2376 2628 2743 2885 2955 3153 3184 3186 3218 3264 3387 3431 3436 3439 3494 4056 4058 4062 4096 4098
5 1 5 830 862 1255 2714 3438
5 2
6 2
7 1 2 1025 2487
7 1 2 1780 2993
6 1 3 2384 2638 3019
4 2
5 2
6 1 2 876 2755
6 1 4 1127 1329 1992 3125
5 1 24 970 1410 1849 2206 2263 2364 2448 2450 3075 3560 4219 4978 5350 5693 5702 5754 5853 5880 5921 5922 6129 6144 7789 8167
3 7
4 6
5 2
6 1 2 14 1646
6 1 3 808 1474 2634
5 1 4 169 326 1143 2420
5 2
6 1 2 664 860
6 1 2 938 1186
5 2
6 1 2 826 1421
6 1 2 1020 2631
5 1 2 1100 1251
5 1 3 1494 1790 1981
4 6
5 1 2 18 1387
5 1 17 22 94 212 645 890 986 1129 1135 1198 1269 1340 1372 1408 1434 1450 1515 1526
5 1 4 461 712 1310 1572
5 2
6 1 16 591 741 802 954 1085 1130 1258 1391 1402 1439 1461 1501 1527 1604 1720 1875
6 1 2 731 1734
5 2
6 1 2 638 1490
6 1 2 1405 1484
5 1 15 866 943 962 1068 1175 1221 1259 1261 1367 1403 1441 1495 1525 1528 1606
4 4
5 2
6 1 3 47 1247 1388
6 1 2 1270 1701
5 1 6 79 1035 1260 1363 1766 6894
5 3
6 1 2 205 1364
6 1 5 634 798 1275 1325 1406
6 1 2 1176 1309
5 2
6 1 2 1311 1317
6 1 2 1393 1399
4 4
5 1 3 157 1212 6385
5 2
6 1 6 160 976 1003 1191 1368 1370
6 1 2 819 6456
5 1 4 291 933 1169 1230
5 1 4 446 617 704 1415
4 4
5 2
6 1 2 209 1631
6 1 2 544 1563
5 1 5 500 959 1024 1623 3913
5 2
6 1 2 672 1276
6 1 2 1651 1718
5 2
6 1 3 780 831 1505
6 1 3 1362 1437 1492
4 3
5 1 17 234 325 359 482 554 870 1086 1096 1197 1257 1313 1326 1352 1466 1497 1621 1989
5 1 2 773 1655
5 1 3 1226 1231 1314
4 3
5 3
6 1 2 628 1134
6 2
7 1 2 1140 1256
7 1 2 1401 1698
6 1 2 1617 7552
5 1 7 1011 1094 1337 1347 1419 1531 1848
5 2
6 1 3 1166 1333 1396
6 1 2 1167 1281
3 5
4 4
5 1 4 25 441 1397 1806
5 2
6 2
7 1 2 49 1336
7 1 2 218 1380
6 1 2 414 3129
5 2
6 1 2 452 1386
6 1 4 696 1282 1533 1873
5 1 6 678 772 1148 1151 1307 1356
4 5
5 2
6 1 5 108 129 1804 1878 2204
6 1 2 1063 2269
5 2
6 2
7 1 3 369 1727 2312
7 1 2 1409 2067
6 1 4 1493 1949 2129 3213
5 3
6 1 4 400 711 957 1932
6 1 3 458 2522 2545
6 1 3 515 1736 2156
5 1 2 526 2391
5 2
6 1 3 725 1454 1467
6 2
7 1 2 1680 8355
7 1 2 1864 2018
4 4
5 3
6 1 2 146 1056
6 1 4 697 735 1592 1830
6 1 3 1172 1500 1710
5 2
6 1 8 281 1551 1575 2112 3311 3595 3994 4052
6 2
7 1 2 835 2668
7 1 2 2062 2572
5 2
6 1 3 589 1997 2646
6 1 3 1556 1908 2193
5 2
6 2
7 1 4 747 1814 3194 3342
7 1 4 1290 1670 1950 3539
6 1 2 1541 2873
4 3
5 1 4 267 1550 1769 2738
5 3
6 1 3 745 1242 2083
6 1 2 1009 2023
6 1 2 1114 1376
5 2
6 1 3 775 806 1157
6 1 2 1154 1190
4 3
5 1 2 376 1483
5 1 4 397 885 1685 1706
5 1 6 1013 1153 1941 2432 2815 2834
3 6
4 4
5 3
6 1 4 35 1373 1723 1800
6 1 2 71 928
6 2
7 1 2 290 3033
7 1 2 497 699
5 3
6 2
7 1 2 386 2666
7 1 2 513 2440
6 1 3 418 2504 2636
6 1 3 1108 2586 2954
5 2
6 2
7 1 2 421 1543
7 1 2 2337 3752
6 1 2 2521 3083
5 2
6 2
7 1 4 590 1702 1783 2061
7 1 2 1460 1566
6 2
7 1 3 896 1040 2728
7 1 4 1546 1652 1868 6340
4 5
5 1 4 91 228 1676 2133
5 3
6 2
7 1 3 118 689 2032
7 2
8 1 3 1014 1821 2935
8 1 3 2532 2973 3164
6 1 3 487 1985 1987
6 1 4 1224 1324 1792 2209
5 2
6 1 2 710 2034
6 1 3 1626 1692 1850
5 2
6 1 5 736 1291 1385 1470 1962
6 1 4 1587 1903 1982 2114
5 2
6 1 3 793 1407 5319
6 1 2 1772 1787
4 6
5 4
6 1 4 138 586 2584 2588
6 1 4 408 796 1511 3191
6 1 3 546 1458 2382
6 1 3 815 2649 2651
5 3
6 2
7 2
8 1 2 181 2234
8 1 2 940 1416
7 1 3 342 2474 2544
6 2
7 1 3 695 2252 3088
7 1 3 1942 2466 2733
6 1 4 1937 2933 3015 3488
5 2
6 1 3 399 995 1188
6 1 2 917 2065
5 3
6 1 5 489 2580 2632 2645 2778
6 2
7 1 5 1564 1896 2404 2662 2687
7 1 2 3105 3302
6 2
7 1 3 1860 2999 3353
7 1 3 2090 2703 3317
5 2
6 1 4 508 2058 2604 2678
6 1 2 1283 1894
5 2
6 1 2 3050 3313
6 1 2 3217 6429
4 1 8 174 716 814 983 993 1000 1520 2560
4 5
5 2
6 1 4 178 1162 1240 1354
6 1 3 1262 1643 1912
5 3
6 1 4 293 1794 1810 1856
6 1 4 1054 1076 1888 2502
6 1 4 1438 1724 1758 1773
5 1 4 541 1488 1565 1713
5 2
6 2
7 1 2 665 1754
7 1 2 990 2000
6 2
7 1 2 1452 1887
7 1 2 1635 1741
5 3
6 1 4 1272 2186 2265 2351
6 1 2 1433 2008
6 2
7 1 2 1594 1807
7 1 2 1845 2427
4 5
5 2
6 2
7 1 3 247 1704 2260
7 1 3 768 1382 2167
6 2
7 1 2 829 1273
7 1 3 1252 2353 2770
5 2
6 1 3 447 1555 2006
6 1 2 1745 2069
5 2
6 1 2 839 2360
6 1 2 2217 2377
5 3
6 2
7 1 2 1477 2403
7 1 3 1876 1976 3208
6 1 3 1485 1700 1854
6 1 2 1767 2009
5 1 6 2227 2261 2407 3017 3310 3590
3 8
4 3
5 2
6 1 2 40 1597
6 1 3 1487 1576 1819
5 2
6 1 3 728 2191 3157
6 1 2 769 951
5 2
6 1 3 966 1464 1995
6 1 2 1869 2073
4 5
5 1 20 77 708 1375 1482 1549 1569 1590 1627 1683 1693 1775 1776 1781 1784 1793 1799 1826 1829 1832 2059
5 1 49 450 803 1015 1137 1267 1278 1304 1447 1463 1476 1537 1548 1557 1559 1560 1562 1578 1579 1580 1589 1595 1599 1600 1612 1613 1615 1616 1622 1632 1634 1648 1661 1662 1663 1679 1688 1697 1703 1708 1717 1725 1731 1737 1778 1801 1802 1813 1817 1820
5 2
6 1 2 1029 1774
6 1 3 1577 1633 1674
5 2
6 1 3 1110 1654 1669
6 1 3 1516 1681 1795
5 1 2 1825 2183
4 6
5 1 54 159 299 360 644 681 709 743 783 841 904 929 1038 1066 1111 1118 1300 1404 1462 1503 1508 1523 1834 1837 1844 1852 1853 1956 1958 1960 1966 1967 1968 1971 1972 1974 1975 2022 2041 2046 2124 2239 2245 2292 2348 2424 2587 2759 2788 3162 3166 3169 3744 4208 4453
5 3
6 1 3 258 1715 2095
6 1 2 770 1350
6 1 3 1707 2199 2207
5 1 2 301 2567
5 1 6 623 960 1209 1498 1788 1944
5 1 2 764 1593
5 1 2 1249 3158
4 5
5 1 41 162 197 411 528 599 779 782 1017 1032 1125 1207 1292 1308 1321 1475 1504 1524 1712 1859 1880 1881 1909 1910 1915 1921 1924 1945 2052 2070 2132 2243 2254 2389 2409 2433 2457 2603 2701 3338 4895 5457
5 2
6 1 13 512 690 1215 1882 1933 1991 2241 2248 2251 2255 2256 2267 2283
6 1 2 2278 2821
5 1 3 1440 1798 2238
5 1 2 1445 1471
5 1 2 1459 1905
4 5
5 2
6 1 34 193 252 437 820 842 893 1016 1182 1210 1235 1349 1383 1638 1684 1709 1823 1885 1965 2010 2054 2096 2152 2198 2210 2229 2266 2272 2277 2287 2296 2320 2322 2324 2327
6 1 35 232 367 713 795 833 853 972 1133 1185 1233 1305 1348 1384 1639 1696 1816 1874 1919 1996 2017 2092 2127 2197 2208 2219 2237 2271 2276 2286 2295 2318 2321 2323 2325 2336
5 1 5 578 1241 1765 2166 2356
5 1 2 776 2068
5 1 3 1761 2050 2329
5 1 2 2151 2253
4 3
5 1 13 387 978 1075 1136 1220 1428 1545 1607 1699 1750 1831 1855 1897
5 1 3 501 600 1716
5 2
6 1 2 615 1178
6 1 3 1152 1353 4711
4 2
5 2
6 1 2 648 2101
6 1 2 1499 3100
5 1 2 790 892
4 2
5 2
6 1 2 683 757
6 1 2 1779 2698
5 1 4 1426 2005 2071 2086
3 5
4 3
5 1 5 241 575 1293 1339 2849
5 1 2 740 1828
5 1 2 1302 3237
4 4
5 2
6 1 2 327 1740
6 1 4 988 1284 1640 4078
5 1 5 980 1694 2387 2435 2880
5 2
6 1 6 1018 2104 2240 3919 6761 7388
6 1 2 1150 1990
5 1 2 1540 2268
4 2
5 1 2 516 1297
5 1 3 1602 1608 1918
4 2
5 1 2 601 2571
5 1 3 1183 1222 1722
4 3
5 2
6 1 3 792 1539 1553
6 1 2 1146 1581
5 2
6 1 7 992 2013 2042 2148 2938 3257 3306
6 1 2 2089 2486
5 2
6 2
7 1 2 1542 2922
7 1 2 2079 2264
6 1 2 2228 2297
2 6
3 3
4 2
5 1 4 36 548 1163 2080
5 1 2 2857 2987
4 1 3 1080 3873 4429
4 1 5 3095 3108 3198 3944 6478
3 2
4 2
5 1 3 459 864 3238
5 1 2 2470 2702
4 2
5 1 3 956 1298 2200
5 1 2 1863 3633
3 1 11 498 563 1573 3007 4563 4581 4644 4681 5105 5325 7611
3 2
4 2
5 1 3 750 942 1444
5 1 2 2480 3196
4 1 2 3301 3474
3 4
4 2
5 1 3 987 1726 2033
5 1 2 1658 3749
4 1 2 1202 2410
4 1 3 1857 2995 3979
4 1 2 2531 2765
3 2
4 1 2 1294 3824
4 1 2 2994 3120
2 6
3 1 30 168 384 1062 1886 1939 2242 2247 2503 2911 2989 3331 3346 3389 3394 3398 3447 3487 3491 3542 3548 3681 4594 4597 4872 4916 4917 4920 4941 5167 5173
3 4
4 1 2 347 3335
4 1 5 361 1425 3040 5785 8222
4 1 7 715 1749 1900 3211 4391 4458 4759
4 1 6 722 851 1398 3823 3985 5408
3 4
4 1 3 353 660 1879
4 2
5 1 3 412 1656 3799
5 1 4 483 766 3890 3923
4 1 2 1322 3708
4 1 3 1506 2842 3058
3 1 4 362 1768 5317 6390
3 2
4 1 12 2185 2611 2890 3143 3144 3294 3377 3378 3379 3410 3582 3767
4 1 2 2924 3399
3 1 2 3596 5918
1 8
2 6
3 6
4 2
5 1 7 3 846 5336 5346 5463 5975 9204
5 1 2 7158 10254
4 3
5 2
6 1 2 242 1904
6 1 2 3352 5297
5 1 3 4665 4781 7524
5 1 2 6587 7487
4 1 6 460 1358 2539 6282 6991 9901
4 2
5 1 5 918 1279 2181 3113 5939
5 1 3 6736 8072 8343
4 1 5 2194 5857 6773 6853 7013
4 1 7 2555 3205 5250 5393 6207 7109 7404
3 5
4 2
5 2
6 1 4 97 3362 5161 5536
6 1 4 734 2934 3684 3882
5 2
6 1 5 2972 3309 3340 3747 4140
6 1 3 3653 6202 7646
4 3
5 1 3 352 4074 6466
5 1 2 358 8593
5 1 4 3375 6628 8608 8630
4 2
5 1 11 1055 2093 2538 3080 3099 3214 3711 3964 4236 4938 5442
5 1 2 4794 4945
4 2
5 1 9 1755 2330 2338 2558 3163 3897 4980 5783 6044
5 1 4 2974 4175 4656 9125
4 3
5 1 12 3326 3706 3781 4274 5010 5379 6564 6756 8022 8094 8104 8505
5 1 2 5139 6531
5 1 2 7735 8597
3 6
4 1 3 328 6261 8824
4 1 12 434 2035 8181 8213 8620 8724 8873 9388 9419 9446 10101 10120
4 2
5 1 7 817 2082 2575 3789 3943 4673 6418
5 1 2 5523 8546
4 1 2 6028 7752
4 1 2 7153 7990
4 1 3 7985 8418 8838
3 4
4 3
5 1 5 346 3473 3533 3750 8726
5 2
6 1 3 2471 3307 8331
6 1 4 2768 4534 6949 8362
5 1 2 6547 8848
4 3
5 1 5 2362 8325 8591 9790 10182
5 2
6 1 2 4405 9999
6 1 2 8943 10221
5 1 3 4829 8532 9949
4 2
5 2
6 1 4 3509 7242 9205 9263
6 1 2 8312 8480
5 1 3 6312 7987 8230
4 2
5 1 5 5103 8192 8509 9121 9253
5 1 2 8905 9361
3 7
4 3
5 1 2 573 2835
5 2
6 1 2 1079 8760
6 1 5 2550 7730 8294 8797 9287
5 1 3 7766 8663 10239
4 1 7 1757 3848 5041 5083 8194 8428 9019
4 2
5 1 3 3038 8517 8863
5 1 3 7679 9293 9471
4 1 2 3742 7915
4 2
5 2
6 1 2 3821 4009
6 1 2 6133 6731
5 1 3 4296 9753 9817
4 3
5 1 2 5875 7804
5 1 2 6313 8391
5 1 2 8065 9101
4 1 2 6841 9810
3 2
4 2
5 2
6 1 2 2313 8949
6 1 2 5700 8367
5 1 2 7717 8447
4 2
5 1 2 3069 8721
5 1 2 7352 9320
2 9
3 5
4 1 17 7 889 4327 6650 6915 8802 9044 9064 9129 9170 9725 9774 9996 10000 10007 10048 10198
4 2
5 1 4 1123 5006 5049 5313
5 1 3 3859 8818 9871
4 1 2 3672 7794
4 2
5 1 3 7229 9765 9971
5 1 3 7443 9529 9860
4 1 2 8087 8627
3 5
4 3
5 1 4 24 9634 10052 10093
5 1 5 7072 9846 9886 9904 9990
5 1 3 9928 10014 10096
4 3
5 1 4 718 7525 9319 10109
5 1 3 3062 9844 10033
5 1 3 8919 9717 10285
4 3
5 1 3 2030 7600 8455
5 1 3 5111 9632 10234
5 1 2 10153 10288
4 2
5 1 3 3995 10260 10298
5 1 3 9564 10003 10082
4 2
5 1 3 9696 10042 10243
5 1 3 9868 10262 10295
3 4
4 1 24 26 1103 5972 7076 7958 8112 8264 8685 9054 9056 9083 9392 9413 9798 9841 9974 9988 10008 10012 10024 10030 10199 10242 10277
4 2
5 1 3 3242 6193 9839
5 1 2 9958 10263
4 2
5 1 3 5023 6959 7271
5 1 2 9177 9245
4 1 2 9035 10104
3 5
4 2
5 2
6 1 3 303 7886 9832
6 1 3 9714 9914 10163
5 2
6 1 2 6792 7948
6 1 2 10172 10304
4 3
5 1 2 4252 10086
5 1 3 7197 10102 10290
5 1 2 9872 10167
4 2
5 1 7 4981 7732 9053 9297 9442 10081 10224
5 1 2 9349 10080
4 2
5 1 3 5264 9732 10311
5 2
6 1 2 8533 10249
6 1 3 8827 10078 10225
4 1 4 7596 9850 10057 10219
3 6
4 2
5 1 3 373 9236 9323
5 1 3 5962 9110 9210
4 1 5 404 6747 8623 9194 10089
4 2
5 1 4 2776 9582 9960 10213
5 2
6 1 3 5768 7650 8224
6 1 2 9792 9883
4 2
5 1 3 3315 9657 9748
5 1 4 7485 8098 8108 9968
4 1 3 9552 9617 9712
4 1 3 9603 9788 9991
3 3
4 1 4 825 4949 8351 9777
4 1 4 5043 8847 8880 9475
4 2
5 1 4 8250 9007 9576 10145
5 1 3 8302 8581 9658
3 4
4 3
5 1 2 1051 6368
5 1 5 1913 3641 7218 9093 9586
5 2
6 1 2 7895 10138
6 1 2 9995 10282
4 2
5 1 3 1105 9616 9692
5 2
6 1 2 5397 9709
6 1 2 8400 9708
4 2
5 1 5 4083 8729 9197 9260 10267
5 1 2 9254 9961
4 3
5 1 3 4399 9697 10108
5 1 2 7594 9353
5 1 2 9898 10204
3 5
4 2
5 1 2 1071 9849
5 1 4 4112 5098 9231 10062
4 3
5 1 3 1948 8262 8483
5 1 2 4138 9793
5 1 3 8897 9577 9791
4 2
5 1 6 3044 6074 6403 6683 9458 9504
5 1 2 7301 8817
4 3
5 1 3 3327 9649 9785
5 1 4 4765 8035 8539 9652
5 1 3 8883 9105 9391
4 1 4 4680 6077 8890 9455
3 5
4 2
5 2
6 1 2 1489 4817
6 1 2 3492 9478
5 1 5 7075 8041 8918 9077 9761
4 2
5 1 6 3586 3819 8052 8907 9916 9979
5 1 3 8935 9338 9400
4 2
5 2
6 1 2 4883 8759
6 1 2 8720 9031
5 1 2 9011 9451
4 2
5 1 3 4889 9233 9544
5 2
6 1 3 8485 8822 9033
6 1 2 9624 9654
4 3
5 1 3 5917 8487 9802
5 2
6 1 2 6892 10035
6 1 2 9606 9893
5 1 5 9141 9630 9747 9897 9970
2 9
3 5
4 3
5 1 6 9 7340 8644 9001 9257 9491
5 1 6 4409 8519 8758 9285 9403 9494
5 2
6 1 2 5353 5436
6 1 2 6831 8811
4 4
5 1 5 533 7294 8275 8687 9681
5 2
6 1 4 4969 6474 9010 9746
6 2
7 1 2 7726 9028
7 1 2 8242 8411
5 2
6 1 3 7021 7059 9032
6 1 2 9780 9940
5 1 5 7853 8860 8986 9259 9372
4 3
5 3
6 1 2 975 7066
6 2
7 1 2 2551 7124
7 1 3 2901 9480 9601
6 1 2 8472 9311
5 2
6 1 3 6173 8523 9370
6 1 2 9223 9438
5 2
6 1 3 7314 8461 9510
6 1 2 9506 9590
4 1 4 2524 9423 9459 9548
4 3
5 3
6 1 2 6365 9186
6 1 2 9066 9684
6 1 3 9165 9369 9549
5 2
6 1 2 8399 9495
6 1 2 8560 9869
5 1 2 8845 9675
3 8
4 4
5 1 3 81 5176 8599
5 1 5 8456 8551 9566 9608 9937
5 1 3 8819 9147 9499
5 1 3 9103 9258 9435
4 4
5 1 3 149 8210 8763
5 2
6 1 2 380 8782
6 1 6 2178 6616 8440 8698 9102 9159
5 1 5 4366 8730 9021 9139 9824
5 1 2 5694 8842
4 4
5 1 7 1961 7212 8735 8872 9389 9840 10185
5 1 7 3910 7951 8410 9020 9076 9401 9989
5 1 3 9232 9795 9994
5 1 2 9829 9867
4 2
5 2
6 1 2 2335 9322
6 1 2 8634 8741
5 1 2 7122 7398
4 1 9 3229 7392 7470 8417 8793 9158 9573 9627 9783
4 2
5 2
6 1 2 7426 10191
6 1 2 8238 9976
5 1 2 9089 9355
4 2
5 1 2 7975 8695
5 1 2 9034 9866
4 2
5 1 3 8749 9009 9057
5 1 2 9531 9856
3 5
4 2
5 1 8 141 8228 9434 9583 9610 9671 9673 9773
5 1 2 8600 9674
4 3
5 1 2 213 3540
5 1 2 787 9807
5 1 4 2846 7407 8377 8941
4 1 5 2308 6391 9117 9326 9386
4 2
5 1 2 6128 9594
5 1 2 8564 9099
4 2
5 1 3 8814 8975 9622
5 1 4 9148 9354 9585 9804
3 5
4 3
5 1 5 339 8547 8826 9062 9090
5 2
6 1 3 4323 8604 9098
6 1 3 8563 8755 9217
5 1 2 10013 10061
4 3
5 2
6 1 3 1624 5919 9678
6 1 3 9152 9368 9815
5 1 4 2028 7141 9376 9439
5 1 4 8750 9120 9304 9345
4 2
5 1 3 3221 4086 6221
5 1 3 8416 9629 9800
4 2
5 1 3 5615 9501 9690
5 2
6 1 2 6229 7684
6 1 2 7578 8944
4 4
5 2
6 1 4 6162 7916 8967 9466
6 1 3 9794 9847 9926
5 2
6 1 2 6945 9915
6 1 2 9150 9219
5 1 2 8073 9848
5 2
6 1 2 9334 9913
6 1 2 9963 10265
3 5
4 4
5 1 11 507 1472 2913 5843 6357 8524 8667 8683 8777 9460 9925
5 1 2 6754 9699
5 1 3 8493 8958 10043
5 1 3 9029 9542 9589
4 3
5 1 3 4101 5613 9575
5 1 2 9160 9436
5 1 3 9477 9497 9880
4 1 4 5453 7302 8785 9722
4 2
5 2
6 1 3 7143 8813 9237
6 1 2 9192 9728
5 1 3 8852 8929 9288
4 2
5 2
6 1 2 8064 8690
6 1 2 9284 9636
5 1 2 9602 9656
3 5
4 3
5 2
6 1 2 521 1839
6 1 3 2670 4846 7729
5 1 6 1345 1381 6181 6867 8548 9484
5 2
6 1 3 3334 4293 9758
6 1 2 8913 8934
4 4
5 2
6 1 2 2688 4977
6 1 6 5240 7151 8514 8583 9816 9834
5 1 3 3753 5148 8580
5 1 2 8308 8462
5 1 4 8559 8942 9371 9518
4 2
5 1 3 3210 8675 8714
5 1 5 4484 5470 5705 7202 8501
4 3
5 1 3 6620 9975 9977
5 1 3 7090 8781 9418
5 1 5 9111 9199 9202 9264 9517
4 2
5 2
6 1 2 8055 8529
6 1 2 8803 8823
5 1 2 9155 9453
3 5
4 3
5 1 2 610 7968
5 2
6 1 3 6296 8582 9344
6 1 3 8771 9135 9611
5 2
6 1 2 7279 8492
6 1 4 9265 9642 9843 10067
4 3
5 1 2 1369 5011
5 1 2 4544 7891
5 1 2 9444 9457
4 3
5 1 4 5445 7420 8614 8991
5 1 3 8469 8784 9283
5 2
6 1 2 9046 9109
6 1 3 9483 9498 9959
4 2
5 2
6 1 2 6401 9537
6 1 2 7982 9905
5 1 3 9142 9161 9348
4 1 5 6776 8051 8672 8837 9049
3 5
4 4
5 1 8 1023 4363 5377 7733 8495 8963 9324 9357
5 1 3 3761 4587 8930
5 1 2 3836 7999
5 1 3 8768 9203 9296
4 3
5 2
6 1 4 3128 7903 9086 9247
6 1 2 8952 9505
5 2
6 1 2 8437 9251
6 1 2 8950 9448
5 1 2 9037 9441
4 3
5 1 7 4365 8473 8728 8820 8886 9420 9464
5 2
6 1 4 6393 8166 9262 9352
6 1 2 8503 9193
5 1 2 8253 9387
4 3
5 1 2 7346 7943
5 1 2 8357 9314
5 1 2 8609 9073
4 1 3 8955 9224 9806
3 5
4 4
5 1 2 4076 7428
5 2
6 2
7 1 2 6172 8217
7 1 2 7372 9174
6 1 2 9047 9067
5 2
6 1 2 7164 9084
6 1 2 8378 8960
5 1 2 9036 9595
4 3
5 1 4 4240 6461 9555 9694
5 1 4 5269 6605 7189 9691
5 2
6 1 2 5753 9433
6 1 2 8770 9108
4 2
5 2
6 1 3 5292 6527 8576
6 1 3 5727 9229 9522
5 1 4 8500 8577 9179 9221
4 3
5 1 6 7424 7448 9214 9305 9479 10022
5 1 3 8239 8932 9472
5 1 2 9300 9767
4 2
5 1 3 8719 9178 9411
5 1 2 8916 8917
2 10
3 3
4 1 10 19 3179 4461 6552 7311 8386 8401 8553 9256 9454
4 1 2 69 9378
4 1 3 8531 9784 9852
3 7
4 4
5 2
6 1 2 21 10083
6 1 4 3192 6663 8106 9346
5 1 3 4603 6267 9318
5 1 2 8649 9599
5 1 2 9600 9863
4 1 3 116 8984 9022
4 1 51 611 1070 3685 4266 4337 6141 6160 6205 6399 6499 6807 6879 7482 7574 7612 7710 8281 8404 8423 8452 8518 8568 8587 8754 8830 8947 9004 9015 9042 9087 9094 9116 9146 9185 9187 9292 9294 9373 9390 9405 9486 9487 9496 9670 9680 9766 9931 9992 10146 10156 10196
4 1 2 6684 9468
4 1 4 7720 9126 9230 9337
4 1 2 8756 8888
4 1 2 9986 10004
3 14
4 1 2 37 9719
4 1 4 52 322 2907 9490
4 3
5 1 4 99 1686 3405 9440
5 1 2 785 6823
5 1 3 5691 6830 10140
4 1 3 101 8699 9050
4 1 48 239 974 1065 1818 1927 2258 2626 3727 3889 3895 4179 4368 4373 4434 4989 6075 6209 6271 6400 7117 7135 7269 7591 7875 7974 8370 8668 8692 8901 9166 9274 9408 9500 9565 9581 9587 9596 9662 9726 9769 9827 9927 9955 10075 10091 10098 10158 10307
4 1 4 1043 5225 7048 7678
4 1 4 2045 8734 8892 10289
4 1 4 3472 9106 9862 10149
4 1 9 4679 6870 6981 7459 9273 10150 10154 10210 10214
4 1 2 4802 7540
4 1 2 7484 9002
4 1 2 7873 7938
4 1 3 9092 9751 9837
4 1 2 9584 10132
3 9
4 5
5 1 17 41 2347 4570 5087 5180 6309 7571 7625 8226 8744 8841 8946 9206 9277 9525 9731 9874
5 1 3 5511 5876 8893
5 1 2 7845 8933
5 1 2 8613 9048
5 1 2 8995 9145
4 3
5 1 3 1544 9119 9396
5 1 2 9123 9805
5 1 3 9380 9512 9567
4 3
5 1 2 3498 9443
5 1 18 6343 7988 8026 8639 8660 8854 8894 8939 8985 9317 9365 9469 9526 9614 9664 9695 9701 9808
5 1 2 6532 10177
4 3
5 1 3 5234 7619 8707
5 1 3 6007 6170 8303
5 2
6 1 2 8149 8365
6 1 2 9677 9734
4 2
5 1 2 7400 9558
5 1 2 7642 9705
4 1 2 8032 8126
4 1 3 8231 8565 9429
4 2
5 1 2 8390 9511
5 1 2 8449 8584
4 1 2 8435 8598
3 5
4 2
5 1 4 351 2026 6596 7264
5 1 3 6718 8348 10197
4 2
5 1 6 385 1468 5133 8371 9384 9578
5 1 3 9424 9428 9877
4 2
5 1 3 1809 8982 10026
5 2
6 1 4 2405 6083 6784 9133
6 1 2 8196 9667
4 3
5 1 4 2730 5196 5333 7038
5 1 2 4116 8633
5 1 2 6253 7366
4 1 3 4830 7051 9865
3 5
4 4
5 3
6 1 3 596 5636 8705
6 1 2 4601 8515
6 1 2 9114 9156
5 1 3 2164 3114 9997
5 1 4 6252 7324 7772 9831
5 1 3 8525 8635 9572
4 5
5 1 3 823 7964 10157
5 2
6 1 7 2066 6091 8839 8928 9278 9689 10059
6 1 3 8710 8959 9640
5 1 3 2851 4228 8123
5 1 2 4421 8001
5 2
6 1 4 5999 8173 9422 9836
6 1 2 8420 9234
4 1 4 1138 9467 10065 10241
4 3
5 2
6 1 2 4330 9118
6 1 2 9168 10209
5 1 4 6591 7546 7662 8805
5 1 4 7714 8655 8753 10170
4 5
5 1 3 8132 8651 9628
5 2
6 1 2 8807 9759
6 1 2 9394 9779
5 1 2 8846 10240
5 1 3 9218 9269 9362
5 1 2 10261 10264
3 4
4 2
5 1 3 861 3924 7963
5 1 2 8799 9554
4 2
5 1 3 1796 6926 7286
5 1 2 9878 9930
4 1 5 6866 8241 9163 9240 9481
4 2
5 1 2 8429 9559
5 1 3 8511 8779 8925
3 3
4 2
5 1 2 873 3918
5 1 4 7253 8292 9432 9903
4 1 2 4567 7716
4 2
5 1 3 8677 9663 10071
5 1 2 9605 9939
3 4
4 2
5 1 4 1677 2903 5738 6509
5 1 4 3900 7702 7925 8491
4 4
5 1 3 2943 7813 8424
5 1 3 3411 5696 6735
5 1 2 5132 10121
5 1 3 7655 8372 10200
4 2
5 2
6 1 2 3558 5126
6 1 2 3741 9591
5 1 4 7128 7251 9539 9569
4 1 3 8624 9088 9184
3 2
4 2
5 1 3 6189 8007 9327
5 1 3 7980 9546 9757
4 2
5 1 2 9026 10074
5 1 2 9235 9623
2 12
3 6
4 1 10 23 4508 4933 5236 9407 9715 9954 10044 10283 10291
4 2
5 1 4 142 2416 9721 9922
5 1 2 2479 8544
4 3
5 1 5 208 4822 6186 9978 10173
5 1 3 6285 9946 10005
5 1 3 6477 8836 9534
4 2
5 1 3 4172 7798 10029
5 1 2 9896 10176
4 3
5 1 2 4929 8922
5 1 2 5261 8280
5 1 2 9945 10020
4 2
5 2
6 1 2 8245 9018
6 1 2 8398 8878
5 1 3 9169 9716 9934
3 9
4 1 3 38 506 937
4 2
5 1 28 742 902 1060 2126 2328 2537 3484 3587 4307 5113 6781 7097 7848 8460 8772 8787 9149 9301 9331 9465 9474 9527 9864 10184 10192 10195 10235 10308
5 1 2 3593 6110
4 3
5 1 3 837 9821 10129
5 1 2 8983 10010
5 1 2 10045 10160
4 1 3 1026 2316 9655
4 2
5 1 2 3624 9068
5 1 3 9340 9900 10124
4 1 3 3934 9778 10023
4 3
5 1 2 8682 8708
5 1 2 8945 9211
5 1 3 9124 10110 10127
4 1 3 9201 10131 10244
4 1 2 9557 9621
3 5
4 4
5 1 4 58 2430 9309 9706
5 2
6 1 2 60 1744
6 1 2 2867 8611
5 2
6 1 2 3726 9528
6 1 2 9342 9635
5 2
6 1 3 5194 8978 10258
6 1 2 8739 9524
4 2
5 2
6 1 4 371 9661 9909 10166
6 2
7 1 2 6667 8659
7 1 2 9058 9302
5 2
6 1 2 8850 8992
6 1 2 10107 10218
4 2
5 2
6 1 3 504 9639 9744
6 1 3 4005 5960 9876
5 2
6 1 3 850 10009 10105
6 1 3 7207 9720 9830
4 4
5 2
6 1 2 2231 9556
6 1 2 8165 9899
5 2
6 1 3 6439 7188 9341
6 2
7 1 2 9025 9239
7 1 2 9280 9415
5 1 7 6455 7595 9395 9593 9618 9892 9936
5 1 3 7086 8003 9580
4 4
5 1 5 2423 8605 8615 9427 9447
5 1 3 6712 6983 7576
5 2
6 1 4 6962 8316 9967 10293
6 1 2 8066 8936
5 1 3 9530 9923 10039
3 9
4 6
5 1 37 73 1964 2383 2812 3785 4318 4692 4761 5667 6842 6865 7198 7727 7884 7992 8057 8148 8199 8550 8596 8765 8831 8858 8900 8912 9008 9242 9377 9385 9406 9523 9724 9756 9851 9950 9952 10079
5 1 2 984 9140
5 1 2 7517 9969
5 1 2 9172 9957
5 1 2 9819 10252
5 1 2 9835 9845
4 1 4 121 220 9063 9752
4 2
5 1 4 1641 5570 8178 9688
5 1 3 9006 9023 9065
4 4
5 1 4 2103 9679 9929 10246
5 1 10 2462 4201 6364 6470 6533 7953 9132 9208 9476 10116
5 1 2 7659 10046
5 1 2 9175 9885
4 1 3 2706 8641 8702
4 2
5 1 3 4241 6699 10056
5 1 3 9078 9167 9430
4 2
5 1 3 6589 9982 10001
5 1 2 9633 9859
4 2
5 1 4 7537 8090 8884 9017
5 1 2 8235 9350
4 1 3 8021 8354 8703
3 6
4 4
5 1 3 89 9644 10286
5 1 3 6862 8761 9942
5 1 9 6919 9216 9450 9568 9571 10060 10236 10251 10268
5 1 2 9764 10299
4 3
5 2
6 1 5 857 9128 9157 9911 10294
6 1 2 9650 9750
5 1 5 7822 9359 9641 9668 10271
5 1 3 8274 8381 9154
4 2
5 2
6 1 2 1619 2877
6 1 2 7786 9298
5 2
6 1 2 8154 10233
6 1 2 10269 10281
4 1 8 2359 3073 3382 4569 5832 6520 8273 8972
4 4
5 2
6 1 2 5963 10278
6 1 3 9325 10216 10296
5 1 4 7631 9895 9953 10047
5 2
6 1 2 9735 10069
6 1 3 9853 10137 10297
5 1 3 9833 10038 10179
4 2
5 1 2 6356 10272
5 1 3 9676 10232 10256
3 8
4 5
5 1 19 137 6734 6928 7805 8291 8575 8606 8704 8717 8792 8800 9127 9416 9538 9730 9944 9962 10245 10276
5 1 2 5655 10273
5 1 2 5903 9651
5 1 2 8209 9508
5 1 2 8315 8987
4 2
5 1 3 165 3034 8589
5 1 3 8904 10002 10015
4 3
5 1 2 4670 10144
5 1 2 8857 10194
5 1 2 9379 9965
4 2
5 1 2 4726 10171
5 1 3 6106 7762 10250
4 1 3 5597 6995 9082
4 2
5 1 3 5898 8337 9191
5 1 3 8029 9514 10134
4 2
5 1 3 8504 9771 9920
5 1 2 9266 9398
4 1 2 8855 10032
3 5
4 4
5 2
6 1 3 140 3012 9683
6 1 3 7333 8691 10064
5 2
6 1 7 1519 6402 7179 9238 9310 9687 10222
6 1 3 7016 7219 10175
5 2
6 1 2 2294 3854
6 1 3 9180 9536 10183
5 1 3 7592 8392 10027
4 4
5 2
6 1 2 565 9987
6 1 3 668 6070 6226
5 1 3 616 5663 10077
5 1 6 7299 7337 9462 9509 9781 10302
5 1 2 9488 10114
4 4
5 2
6 1 3 822 7246 9812
6 1 2 8595 8712
5 2
6 1 3 5682 7184 9456
6 1 2 5945 9826
5 1 4 7323 7547 8023 9648
5 1 3 9207 10063 10162
4 3
5 1 3 2098 9789 10068
5 1 5 3947 6344 8139 8180 9363
5 2
6 1 4 4220 8195 8586 10248
6 1 2 5627 9588
4 1 5 4180 8844 9052 9745 9889
3 6
4 3
5 3
6 1 8 152 6029 6082 8733 9030 9449 10100 10280
6 1 2 8757 9811
6 1 2 9842 10006
5 1 3 5417 9881 10279
5 2
6 1 3 8931 9838 10031
6 1 3 9070 9190 9948
4 3
5 1 4 1390 3825 7812 10025
5 2
6 1 4 4579 4819 7808 8105
6 1 3 8899 9079 9754
5 1 3 5108 9366 9425
4 3
5 1 2 1752 8915
5 1 2 4162 6760
5 1 3 8211 8693 9489
4 1 7 3079 3260 4647 7254 8489 9647 9972
4 3
5 1 3 5245 8849 9910
5 1 3 6876 9643 10128
5 2
6 1 3 8788 9782 9809
6 1 2 9813 10054
4 3
5 1 2 7973 8762
5 1 2 8652 8773
5 1 2 10018 10097
3 4
4 1 3 214 10174 10257
4 2
5 1 2 2449 9703
5 2
6 1 2 8631 9907
6 1 2 8674 10125
4 2
5 1 2 3721 10155
5 1 7 4605 6626 7005 10088 10228 10231 10270
4 1 3 5587 8486 10094
3 7
4 3
5 2
6 1 4 272 3223 4740 9799
6 1 2 9938 10211
5 2
6 1 5 8218 8375 9295 9875 10152
6 1 2 9858 10072
5 3
6 1 4 8914 8993 9873 10103
6 1 2 9220 10130
6 1 2 10300 10310
4 3
5 1 2 632 2506
5 2
6 1 4 5440 5899 6310 8323
6 1 2 9797 10206
5 1 3 8445 10113 10136
4 2
5 2
6 1 3 891 7120 10223
6 1 3 9570 9645 10133
5 2
6 1 2 1184 8078
6 1 2 9879 10161
4 2
5 1 3 4537 4785 8403
5 1 3 8954 9255 9822
4 3
5 1 4 5630 9820 9906 10305
5 1 6 8902 9682 10164 10301 10306 10309
5 1 3 10205 10220 10284
4 3
5 1 2 6569 7842
5 1 4 7750 8526 9381 10073
5 2
6 1 2 9772 9998
6 1 2 10111 10292
4 2
5 1 5 6574 7832 9638 9823 9981
5 1 2 10201 10238
3 6
4 3
5 2
6 1 2 413 10053
6 1 2 7565 10237
5 2
6 1 2 9612 9980
6 1 2 10070 10095
5 1 2 10049 10118
4 4
5 1 4 789 1265 10117 10274
5 1 2 2130 10227
5 1 5 5677 10050 10142 10181 10247
5 1 2 10058 10169
4 3
5 2
6 1 3 1073 8701 8804
6 1 2 9776 10126
5 1 8 2640 2680 3004 5255 7068 8010 9303 9713
5 1 2 4845 10143
4 2
5 2
6 1 2 2684 10099
6 1 3 9244 9947 10189
5 1 4 7581 9924 10011 10190
4 2
5 1 2 5053 10084
5 1 3 8828 10034 10090
4 2
5 1 3 7386 9521 10193
5 1 2 7626 9857
3 1 1 5528
2 8
3 7
4 3
5 1 2 45 10287
5 1 2 6024 9248
5 1 3 8438 8709 8751
4 4
5 1 13 445 874 1052 1861 1963 2311 3993 4383 5272 5665 6739 8439 8882
5 1 4 3016 6707 9272 10208
5 2
6 1 2 8070 9884
6 1 2 9137 10119
5 1 2 9921 10122
4 2
5 1 3 580 7849 9312
5 1 2 8861 8909
4 2
5 2
6 1 4 4648 9136 9749 10255
6 1 2 7790 10253
5 2
6 1 3 8973 9519 9763
6 1 2 9562 9729
4 2
5 1 6 6292 8940 9399 9762 9775 10066
5 1 2 7501 9786
4 2
5 2
6 1 2 7290 8389
6 1 2 8535 9452
5 1 6 9196 9619 9770 10112 10168 10275
4 1 7 7949 8450 8853 9825 9956 10178 10203
3 6
4 3
5 2
6 1 3 80 7657 7892
6 1 3 557 8821 9891
5 2
6 1 2 639 9520
6 1 2 6711 8458
5 1 9 1250 3646 4854 7058 8068 8290 8499 8618 9107
4 2
5 2
6 1 2 124 950
6 1 3 219 6299 9176
5 1 4 6228 7613 8769 8962
4 4
5 1 3 312 9227 9351
5 2
6 1 2 355 6927
6 1 2 4469 7850
5 1 3 3503 8169 8971
5 2
6 1 4 4815 9081 9097 9502
6 1 3 8463 8475 8825
4 4
5 2
6 1 3 1330 7857 8089
6 1 2 8276 8889
5 1 4 4638 8578 8656 9437
5 1 3 7328 8640 9005
5 1 3 8024 8590 8731
4 3
5 2
6 1 2 1514 9153
6 1 2 2590 7601
5 2
6 1 2 7412 9492
6 1 2 9104 9261
5 1 2 7952 9282
4 3
5 1 3 2097 7725 8427
5 1 2 6609 8622
5 1 4 8299 8612 8767 8808
3 6
4 2
5 1 3 82 5716 6625
5 1 5 7462 8646 8895 9551 9653
4 1 12 229 1666 5031 5153 7498 7896 8867 9332 9463 9854 10076 10085
4 2
5 1 2 269 7652
5 1 3 2498 6833 9402
4 2
5 1 3 455 4181 9291
5 1 2 7105 8877
4 2
5 1 3 3049 4582 8626
5 1 4 8488 8927 9503 9740
4 1 3 8150 9426 9515
3 7
4 2
5 1 8 96 3035 5469 6222 8977 9516 9983 10259
5 1 5 6965 9855 9919 10036 10202
4 3
5 1 3 313 8676 9461
5 2
6 1 2 4779 6441
6 1 2 9307 9561
5 1 2 7911 9768
4 2
5 1 4 509 8862 9421 10212
5 1 4 6204 7534 7583 10092
4 6
5 1 2 2027 8806
5 1 2 2140 10040
5 1 11 2967 3070 7289 8071 8545 8594 8654 8774 9055 9933 9973
5 1 3 7376 10151 10303
5 1 2 7712 10187
5 1 3 8736 9328 9894
4 3
5 1 4 4487 8082 8796 9560
5 2
6 1 2 5432 9271
6 1 3 5462 8543 9626
5 1 3 8510 8871 9890
4 3
5 1 3 7633 8356 8994
5 1 4 8345 9358 9493 9803
5 1 3 10135 10147 10207
4 2
5 2
6 1 2 8116 8632
6 1 2 10037 10087
5 2
6 1 2 9061 10028
6 1 2 9072 10021
3 5
4 3
5 1 3 109 9818 10019
5 1 4 8678 9383 9473 9660
5 1 2 9917 10141
4 4
5 1 4 436 9039 9347 9887
5 1 3 1174 3866 9485
5 1 4 2781 7427 8015 10266
5 1 3 8490 9563 10123
4 2
5 2
6 1 2 4578 4843
6 1 2 7753 8317
5 2
6 1 3 5834 8528 9091
6 1 3 7748 9397 9801
4 2
5 2
6 2
7 1 2 4758 9574
7 1 2 8056 9607
6 1 3 9545 9964 10017
5 2
6 1 3 9547 9550 9727
6 1 2 9665 9736
4 2
5 1 5 6237 6806 8996 9666 10106
5 1 3 9470 9540 10226
3 5
4 3
5 2
6 1 3 128 8088 8484
6 1 2 2806 9308
5 2
6 1 2 3804 8680
6 1 4 7227 8407 9225 9541
5 1 2 8795 9828
4 3
5 1 3 206 8570 9984
5 1 3 604 9733 9814
5 2
6 1 2 7734 9162
6 1 2 9336 9888
4 3
5 2
6 1 4 431 1735 2055 9912
6 1 2 9935 9943
5 2
6 1 3 5695 9646 9796
6 1 2 9113 9343
5 1 3 8585 8791 9356
4 2
5 1 2 5437 9533
5 1 3 8840 9613 9941
4 4
5 2
6 2
7 1 2 7282 10186
7 1 2 8223 8732
6 1 2 9507 9723
5 2
6 1 3 7736 8002 8421
6 1 2 8207 9374
5 1 2 8298 9188
5 1 3 8346 9181 9306
3 5
4 4
5 1 15 188 280 733 1344 3406 5316 6027 6108 7303 8571 8999 9003 9134 9173 10115
5 1 2 5123 6490
5 1 2 6264 9333
5 1 2 9071 9290
4 3
5 1 3 3000 8812 8887
5 1 4 8413 8979 9041 9059
5 1 2 8881 8990
4 1 2 5914 9143
4 1 2 6583 8062
4 2
5 2
6 1 2 8481 9985
6 1 2 9246 9870
5 1 3 9902 9932 9951
3 2
4 1 3 5649 6231 9279
4 1 18 6347 7131 7743 8063 8214 8321 8688 8697 8713 8835 8953 8956 9060 9198 9209 9321 9375 9535
2 4
3 3
4 2
5 1 4 84 2722 6963 8467
5 1 2 7190 9043
4 2
5 1 2 2128 3843
5 1 2 2916 4271
4 1 4 2342 3299 4223 5371
3 4
4 1 4 403 1232 2841 4677
4 1 3 1047 3874 4022
4 1 3 3286 4898 6373
4 1 3 5632 5675 5723
3 2
4 1 12 1605 2257 2291 3841 4075 5486 5913 6121 7586 7771 8009 9625
4 1 4 4443 5009 8974 10229
3 3
4 1 3 1862 4357 9241
4 1 3 8379 8965 10055
4 1 3 9718 10165 10180
2 2
3 2
4 1 2 120 5097
4 1 3 852 1448 3504
3 2
4 1 2 349 6097
4 1 2 3834 5998
1 6
2 3
3 3
4 1 3 12 1610 4764
4 1 2 919 5338
4 1 4 5178 7620 7622 8046
3 3
4 1 4 1797 1914 2977 3746
4 1 2 4054 5497
4 1 3 7851 7914 8249
3 1 5 5300 5757 6289 6931 7154
2 3
3 1 6 43 2154 2282 3938 7918 8969
3 1 5 717 3594 6035 7589 7858
3 1 2 7843 8569
2 3
3 1 4 50 2899 3518 4017
3 2
4 1 4 183 5725 7370 7433
4 1 2 2892 3571
3 2
4 1 4 3737 4718 6047 7250
4 1 2 3844 5273
2 2
3 1 6 419 7150 7313 8081 8394 9024
3 1 7 582 1867 2341 3480 3552 3950 9268
2 2
3 1 4 427 3887 5389 5418
3 1 3 3655 4481 9335
2 2
3 2
4 1 3 765 2961 5774
4 1 4 2750 4861 5232 6169
3 3
4 1 2 1751 4191
4 1 3 1833 2573 3371
4 1 2 3037 4808
1 10
2 7
3 6
4 3
5 1 6 39 581 630 3146 5606 6618
5 1 2 5320 7310
5 1 2 5623 6307
4 3
5 2
6 1 3 274 5614 5749
6 1 2 5854 6555
5 2
6 1 2 946 4902
6 1 2 2811 5150
5 3
6 1 3 4459 6885 7562
6 1 2 6225 7885
6 1 2 6664 6987
4 3
5 2
6 1 2 305 7760
6 1 5 3255 5548 6130 6370 6521
5 1 3 3348 5556 5731
5 2
6 1 2 5214 5741
6 1 2 5296 7308
4 3
5 2
6 1 2 2478 6268
6 1 2 2761 6641
5 2
6 1 2 4023 5742
6 1 2 5514 5711
5 1 2 5328 9183
4 2
5 2
6 1 2 3420 7553
6 1 3 4124 4633 7375
5 2
6 1 2 4004 4154
6 1 4 4260 4717 6325 7416
4 2
5 1 3 5683 6545 6558
5 1 2 7549 7573
3 5
4 3
5 2
6 1 2 135 4967
6 1 4 6043 7060 7787 10148
5 3
6 1 2 423 7954
6 1 3 3168 8864 8951
6 1 2 4314 7170
5 1 3 5156 6897 7937
4 2
5 2
6 1 4 1098 4334 5478 8856
6 1 2 4416 7634
5 1 5 5835 6546 7102 8138 8653
4 3
5 2
6 1 3 1901 5817 7234
6 2
7 1 2 3805 8380
7 1 2 8054 8621
5 2
6 1 2 4777 6557
6 1 3 5982 7332 8013
5 1 3 7548 7708 7824
4 3
5 1 5 2144 3987 6034 6599 7906
5 1 2 5466 8200
5 1 2 6453 7614
4 3
5 2
6 1 2 3578 7966
6 1 2 5901 6887
5 1 5 4734 7456 7693 8470 8948
5 1 3 5342 5500 7362
3 5
4 2
5 1 5 166 1644 4511 5142 5844
5 3
6 1 2 3060 5732
6 1 3 4614 5226 6922
6 1 2 5332 6430
4 2
5 1 5 294 357 4637 5572 6593
5 1 2 5209 6037
4 2
5 1 4 329 4286 4991 5861
5 2
6 1 6 754 4535 5020 5546 5926 6158
6 1 2 4784 6473
4 3
5 2
6 1 2 537 6790
6 1 2 3700 6054
5 2
6 1 2 3293 4342
6 1 2 7393 8031
5 1 2 5152 6079
4 2
5 2
6 1 2 1955 7500
6 1 2 5870 6362
5 1 3 3174 6723 7204
3 2
4 2
5 1 2 443 8561
5 1 2 7559 8715
4 1 2 3870 6175
3 6
4 3
5 3
6 1 4 597 3322 5329 8738
6 1 2 4737 4962
6 1 2 5692 8512
5 2
6 1 3 732 5994 8014
6 1 3 6427 6835 6917
5 2
6 1 2 4217 7359
6 1 2 4436 5977
4 4
5 1 3 669 816 5915
5 1 3 4911 5701 8556
5 1 3 5195 7200 8187
5 1 2 6988 7049
4 3
5 2
6 1 2 1090 4621
6 1 2 2402 6298
5 1 2 4251 6149
5 1 2 5002 6487
4 2
5 2
6 1 3 2350 7146 7166
6 1 3 6639 8619 9637
5 1 3 6817 8093 8102
4 1 1 3270
4 2
5 2
6 1 3 4287 7415 8190
6 1 3 6012 7551 7814
5 2
6 1 2 6103 6354
6 1 3 6937 7331 7719
3 6
4 3
5 1 11 635 658 2548 3592 4930 5074 6590 6724 7527 7531 7868
5 1 2 3222 5086
5 1 3 4810 6214 8172
4 2
5 1 2 640 2113
5 1 2 3852 5852
4 3
5 3
6 1 3 675 8155 8670
6 2
7 1 2 4905 7700
7 1 2 6687 6864
6 1 3 7450 8012 8496
5 2
6 1 5 3774 7148 7162 7481 7539
6 1 3 5000 6467 7195
5 2
6 1 3 5406 6613 8658
6 1 2 7955 8191
4 4
5 2
6 1 3 676 4514 7064
6 1 3 4676 6447 7689
5 1 5 2732 4200 5910 6003 6068
5 2
6 1 3 3670 6539 6570
6 1 2 4852 5026
5 1 3 7477 8153 8176
4 3
5 1 5 724 3424 6850 7007 7636
5 2
6 1 3 2352 6577 7349
6 1 3 2627 5688 7608
5 1 2 5485 6874
4 2
5 1 2 778 1571
5 1 3 5503 6571 8740
3 5
4 3
5 2
6 1 2 649 1998
6 1 3 6337 6612 6985
5 2
6 1 4 5095 5163 6793 7024
6 1 2 6847 6964
5 1 2 6884 7319
4 3
5 1 4 651 5624 6259 7211
5 2
6 1 2 3868 3869
6 1 2 5071 6529
5 1 3 5676 7266 7356
4 3
5 2
6 2
7 1 2 2624 5501
7 1 2 6713 6802
6 1 2 4471 5864
5 1 4 3703 4814 6030 6643
5 1 2 7035 7860
4 3
5 1 3 2809 2823 3796
5 1 3 4723 5607 6795
5 1 2 5175 6604
4 3
5 1 3 3758 3926 5360
5 1 3 7436 7709 7749
5 1 3 7466 7607 7940
2 10
3 13
4 5
5 1 57 44 86 396 781 800 914 1338 1732 2488 2577 2796 4393 4910 5352 5516 5815 5878 6192 6414 6485 6585 6878 7012 7043 7079 7101 7113 7157 7176 7208 7230 7249 7284 7315 7336 7447 7493 7535 7669 7671 7697 7745 7803 7866 8037 8097 8183 8246 8271 8297 8326 8341 8419 8865 8868 9409 9918
5 1 2 719 4954
5 1 58 880 1759 2837 3551 4006 4494 4651 5212 5361 5578 5618 6058 6300 6484 6544 6631 6675 6934 7030 7054 7082 7084 7106 7116 7163 7194 7210 7225 7245 7260 7298 7322 7373 7383 7449 7504 7533 7602 7670 7698 7801 7839 8027 8038 8128 8131 8141 8265 8286 8322 8333 8369 8374 8454 8541 8737 8891 9410
5 1 2 1204 8874
5 1 2 3148 8184
4 3
5 1 3 46 7365 8700
5 1 4 5341 6851 6952 7318
5 1 3 7811 8300 9075
4 7
5 1 50 95 175 1238 3056 3982 5228 5472 6069 6185 6510 6610 6740 6786 6813 6848 6912 7019 7087 7112 7134 7183 7185 7224 7243 7257 7285 7305 7341 7381 7446 7464 7502 7557 7637 7668 7687 7773 7837 7909 7932 8099 8182 8254 8266 8285 8313 8332 8350 9012 9112
5 2
6 1 50 321 606 1036 1128 1365 1805 2401 3818 4513 5099 5535 6392 6448 6528 6654 6749 6788 6825 6854 6958 6992 7081 7088 7115 7161 7199 7228 7244 7262 7317 7320 7347 7512 7528 7590 7641 7674 7767 7810 7871 8040 8107 8159 8257 8289 8296 8319 8335 8453 9212
6 1 2 1642 7474
5 1 2 1843 4038
5 1 2 2196 7089
5 1 2 2683 6166
5 1 3 6819 6946 7452
5 1 2 7263 7769
4 2
5 1 2 624 8310
5 1 2 844 4428
4 2
5 1 4 1327 7306 8267 8352
5 1 2 8100 8268
4 2
5 2
6 1 2 2825 8137
6 1 2 4050 6881
5 1 5 6720 7469 8168 8466 8468
4 1 3 4130 6811 6844
4 1 2 5118 6705
4 1 2 6182 7239
4 3
5 2
6 1 2 6661 7222
6 1 3 6888 6960 7695
5 1 3 7041 7335 7343
5 1 4 7104 7364 7368 7371
4 1 4 6676 6799 7040 7057
4 1 2 7339 7360
4 1 2 7774 7796
3 7
4 4
5 1 7 88 494 721 4685 7353 7781 8567
5 1 5 1334 1400 5961 6627 7817
5 1 2 4703 6361
5 1 2 5824 8572
4 4
5 1 59 105 259 283 296 331 671 1008 1287 1420 1675 2301 2395 2517 2529 2561 3001 3042 3183 3235 3790 3860 4036 4117 4205 4533 4615 4833 4948 5035 5311 5372 5502 5585 5770 6031 6059 6232 6449 6619 6642 6730 6993 7070 7127 7133 7258 7429 7480 7580 7587 7672 7685 7756 7807 7834 7977 8005 8086 8124
5 1 2 5603 6971
5 1 2 5661 7255
5 1 3 6719 7132 7382
4 3
5 1 4 182 5729 6176 7761
5 1 51 196 439 807 1053 1535 2365 3754 3768 4102 4382 4401 4613 4774 4790 4885 4959 5038 5122 5223 5488 5579 5596 5776 5888 6017 6137 6437 6665 6775 6836 6918 7027 7096 7160 7293 7312 7486 7665 7783 7819 7897 8034 8115 8127 8202 8216 8287 8301 8347 8409 9040
5 1 2 3419 8542
4 4
5 1 2 323 8926
5 1 2 758 2332
5 1 19 836 1237 1721 2469 2483 4127 4604 4627 6038 6875 7022 7296 7396 7776 7869 7924 8067 8205 8809
5 1 2 5814 6503
4 5
5 1 37 692 2763 3090 3374 3395 4233 4258 4952 5001 5582 5697 5831 6122 6127 6722 6898 7417 7599 7740 7763 7827 7831 7870 7879 8020 8048 8077 8156 8179 8259 8288 8293 8574 8711 8783 8869 8870
5 1 2 3032 9016
5 2
6 1 2 3175 5554
6 1 4 3412 5934 6689 7922
5 1 3 4944 5564 8278
5 2
6 1 2 6674 7704
6 1 2 7155 8251
4 2
5 1 3 809 4727 8334
5 1 2 7091 8327
4 3
5 1 3 2367 8008 8406
5 1 2 4476 4662
5 2
6 1 2 4650 5766
6 1 2 5022 7654
3 11
4 1 70 90 200 202 226 337 607 691 786 1004 1087 1225 1355 2212 3446 3572 3846 4372 4528 4687 4742 4753 5080 5446 5448 5480 5518 5583 5593 5620 6023 6042 6049 6123 6179 6195 6315 6378 6615 6704 6856 6889 6975 7036 7045 7067 7136 7201 7203 7554 7593 7648 7676 7724 7742 7770 7815 7825 7829 7846 7864 7876 7917 7959 7962 8109 8144 8282 8307 8396 8766
4 3
5 1 3 520 1296 8342
5 1 3 1858 5640 6924
5 2
6 1 3 6360 7028 8338
6 1 2 6772 6943
4 1 3 527 4346 6925
4 1 2 540 8122
4 4
5 1 3 562 4922 6950
5 1 2 4847 5082
5 1 3 5577 7300 9096
5 1 3 7703 7782 7840
4 1 2 4308 4501
4 1 2 6464 8320
4 1 2 6755 7934
4 1 2 7046 7515
4 1 2 7061 8204
4 1 3 7690 8004 8330
3 3
4 1 48 133 263 354 472 729 920 1479 1898 2565 3421 3522 4591 5066 5506 5669 5943 6005 6136 6314 6412 6451 6673 6798 6913 6974 7069 7220 7397 7532 7618 7785 7838 7899 7902 8076 8079 8110 8111 8114 8136 8147 8388 8393 8521 8540 8573 8718 8746
4 1 2 251 1411
4 3
5 1 4 1561 7348 7413 7471
5 1 3 4482 6142 8645
5 1 2 7078 7609
3 6
4 1 27 134 3629 3810 4144 4466 4470 4609 4925 5309 5600 5634 5821 6180 6324 6662 6921 6940 7052 7080 7129 7181 7261 7309 7329 7451 7686 7692
4 1 3 588 1618 6978
4 2
5 1 2 848 7287
5 1 3 6061 6808 6990
4 2
5 1 2 4404 7003
5 1 2 6738 7731
4 3
5 2
6 1 2 5646 6692
6 1 2 7171 7499
5 1 2 6442 7463
5 1 3 6655 6800 6944
4 1 2 6457 6805
3 3
4 2
5 1 4 264 1690 4167 8163
5 1 2 1728 6305
4 2
5 1 2 277 5708
5 1 4 1044 5686 6353 7350
4 2
5 1 3 6703 7034 7418
5 1 2 8164 8306
3 2
4 1 4 304 4214 5200 8232
4 1 2 3896 7575
3 5
4 2
5 1 12 2552 4402 4793 6333 6494 6579 7472 7479 7520 7558 7696 7998
5 1 2 6318 7722
4 2
5 1 2 4027 6745
5 1 6 6196 6358 6861 6920 7004 7523
4 1 2 5021 5751
4 2
5 2
6 1 3 5652 7357 7507
6 1 2 6614 6666
5 1 3 7604 7802 8237
4 1 5 5653 5995 6967 7213 8016
3 1 4 3916 7409 7826 8833
3 1 3 6561 9038 9164
2 8
3 2
4 1 26 56 2513 3516 3543 3579 4151 4657 4733 5110 5441 5902 6048 6060 6147 6319 6497 6578 6607 7094 7111 7209 7275 7276 7321 7402 7861
4 2
5 1 3 3077 6941 8171
5 1 2 6040 6682
3 6
4 2
5 1 21 179 629 3970 4135 4691 5262 5382 5698 5795 5797 5799 5828 5964 5965 6055 6140 6293 6301 6559 6668 6908
5 1 2 6245 6436
4 1 4 620 3773 6336 8562
4 2
5 1 2 2143 6251
5 1 19 4464 6072 6076 6088 6191 6246 6275 6277 6280 6306 6308 6338 6387 6407 6432 6624 6694 7598 7758
4 1 2 6646 6696
4 1 3 6693 6911 7883
4 1 2 6907 7971
3 5
4 3
5 1 14 442 726 1069 2535 2621 4715 5637 5658 5720 5954 6255 6377 6384 6818
5 1 2 2746 3604
5 1 2 4134 6690
4 2
5 1 14 903 3234 3366 3666 4388 4738 5177 5198 5524 5927 5967 6254 6766 7859
5 1 2 5101 6011
4 1 4 4422 5840 5906 6269
4 2
5 1 2 4747 5937
5 1 2 5246 6837
4 1 2 6177 6617
3 3
4 2
5 1 3 495 7055 7893
5 1 2 6171 7983
4 1 13 1165 1301 4811 5059 5193 5758 5787 6085 6197 6341 6363 6424 6588
4 4
5 1 2 1173 6824
5 1 2 4197 5069
5 1 4 5771 5841 5909 8436
5 1 2 5826 7231
3 7
4 1 19 503 1083 2828 3637 4165 4731 4880 4887 5008 5039 5298 5444 5520 5948 6016 6073 6165 6335 6956
4 1 2 679 6206
4 1 2 2177 5859
4 1 2 4837 6843
4 1 2 5164 5592
4 1 2 5318 5778
4 1 3 6444 7927 8045
3 4
4 1 13 592 2157 4024 4479 5014 5368 5985 6001 6117 6459 6516 6669 6961
4 1 4 3966 5286 5932 6218
4 1 4 4350 6882 6896 6953
4 1 2 5145 5188
3 3
4 2
5 1 2 730 6909
5 1 2 7430 7744
4 3
5 1 2 2203 6291
5 1 2 3650 7663
5 1 3 5979 6239 7623
4 2
5 1 3 3187 7367 7913
5 1 3 4275 6523 8607
3 3
4 3
5 1 3 3486 6375 6635
5 1 2 4118 7833
5 1 3 6486 6708 6721
4 2
5 1 3 3546 4839 7878
5 1 2 5895 5952
4 2
5 1 2 6067 6488
5 1 3 6649 7378 7394
2 8
3 4
4 1 34 75 132 612 700 840 1196 1457 2476 2931 3028 3112 3151 3188 3252 3344 3361 3401 3813 3829 4300 4510 4515 4882 4928 5201 5216 5755 6126 6383 6932 7180 7457 8446 9711
4 1 5 170 253 3517 5421 5674
4 1 2 4576 6840
4 1 2 7152 7511
3 6
4 2
5 1 7 78 4237 4704 6316 7518 7881 8694
5 1 3 5560 6762 6905
4 3
5 1 3 564 1041 6524
5 1 3 2464 2829 5032
5 1 5 2819 3323 6359 6580 8903
4 3
5 1 3 859 6779 7582
5 1 5 5681 6215 6482 6782 7144
5 1 3 6015 7369 7384
4 3
5 2
6 1 2 3826 7358
6 1 2 6743 7237
5 1 3 5183 5489 6758
5 2
6 1 3 5375 6465 6976
6 1 2 6797 7118
4 2
5 1 10 4791 5430 5484 5747 6124 6479 6742 7009 7390 7437
5 1 3 5891 6502 6860
4 1 6 6188 6317 6733 7026 7639 8129
3 5
4 4
5 1 4 190 4865 5958 6249
5 1 4 2116 5668 6134 7403
5 1 4 3022 5208 5275 6859
5 2
6 1 2 4442 6233
6 1 3 5257 6155 6541
4 3
5 2
6 1 2 398 6697
6 1 2 5253 6648
5 2
6 1 2 3025 6877
6 1 2 6388 6501
5 1 4 6688 6700 6746 6832
4 4
5 1 4 967 4531 5465 5779
5 1 3 3386 5812 6750
5 1 5 4216 6638 6737 6999 7445
5 1 3 5305 6597 6744
4 2
5 2
6 1 2 1791 2971
6 1 2 5533 6020
5 1 2 4313 6409
4 1 4 3853 5308 5761 6623
3 6
4 3
5 1 5 222 2865 5616 6522 6763
5 1 4 3856 5936 7015 7478
5 1 2 6450 6857
4 3
5 1 5 3460 4507 4963 5407 6511
5 1 2 3682 6217
5 1 2 5608 6051
4 1 5 3679 4739 5976 6164 8049
4 2
5 1 2 4377 6423
5 1 4 5622 6120 6208 6283
4 3
5 1 5 5468 5483 5588 7241 8050
5 1 3 5818 6425 7737
5 1 4 5941 6125 6167 6460
4 1 3 6526 6710 7273
3 5
4 3
5 1 3 238 5991 7083
5 1 3 2619 5687 6810
5 1 3 3220 4153 7588
4 4
5 2
6 1 4 435 6327 6372 8471
6 1 2 4664 6281
5 2
6 1 2 3190 5373
6 1 2 5569 6827
5 1 2 5018 6294
5 1 2 5798 6374
4 4
5 1 3 609 6066 6279
5 1 3 2180 6726 7936
5 1 3 6053 6116 6939
5 1 2 6379 7979
4 2
5 1 5 1335 3455 5971 6025 6458
5 1 3 2057 3939 6219
4 3
5 2
6 1 5 3265 5515 6426 6845 7274
6 1 2 5993 6090
5 1 5 5381 6213 6371 6405 6568
5 2
6 1 2 5851 8412
6 1 2 6248 6381
3 4
4 3
5 1 4 428 3295 6321 6331
5 1 3 1865 5541 5552
5 1 3 5928 6498 6536
4 4
5 1 2 3139 6240
5 2
6 1 2 4763 6468
6 1 2 4798 6284
5 1 3 5873 5973 6594
5 1 3 6131 6369 7391
4 3
5 2
6 1 2 3312 5545
6 1 2 3992 4504
5 1 5 4082 4842 5062 6056 6111
5 1 3 4988 5788 6323
4 3
5 1 4 3437 3772 7616 7921
5 1 3 5685 5706 8140
5 1 3 5825 5978 6161
3 6
4 3
5 1 4 457 879 4131 6938
5 1 3 5359 5633 5709
5 1 3 5439 5806 6562
4 2
5 1 5 555 4430 5631 5769 6505
5 1 3 6019 6820 7126
4 2
5 1 3 583 6454 7025
5 2
6 1 3 5155 5428 6871
6 1 2 6041 6543
4 2
5 1 5 749 5842 6923 7494 7506
5 1 2 5395 6883
4 1 3 1841 3131 6677
4 3
5 1 3 1938 4935 5717
5 1 2 4073 5819
5 1 2 5117 6671
3 4
4 3
5 1 2 887 7854
5 1 5 4211 5459 6480 6929 7387
5 1 2 6326 6586
4 2
5 2
6 1 2 2019 7473
6 1 2 6250 6814
5 1 3 5983 6695 7617
4 3
5 2
6 1 2 2306 5423
6 1 6 5357 5403 6234 6560 6872 7193
5 1 4 3935 3957 4380 5838
5 1 3 5189 5715 6469
4 2
5 2
6 1 2 3471 6563
6 1 2 5733 5858
5 1 4 5678 5879 6601 6606
2 6
3 4
4 2
5 1 2 98 3940
5 1 7 973 3929 5058 5135 5807 6422 9966
4 2
5 1 4 560 3696 4783 7675
5 1 2 2887 5363
4 3
5 2
6 1 2 698 5365
6 1 2 4743 6227
5 1 5 5924 6290 6834 7270 8988
5 2
6 1 2 6630 7645
6 1 3 7165 8080 8964
4 3
5 1 4 753 2790 3328 4858
5 2
6 1 3 1811 2594 6010
6 1 3 3006 3671 5277
5 1 2 5003 5660
3 6
4 4
5 2
6 1 2 107 2884
6 1 2 7414 7467
5 1 4 492 6351 8465 8549
5 2
6 1 3 3300 4432 5820
6 2
7 1 3 5034 6174 6500
7 1 2 5218 7867
5 1 3 5827 6777 6855
4 3
5 1 5 464 799 5916 5931 8053
5 1 4 4338 6089 6107 7738
5 2
6 1 3 5244 7092 8295
6 1 3 5666 7660 8498
4 3
5 1 2 619 5124
5 2
6 1 5 2020 5327 6303 7624 8243
6 1 2 8725 8798
5 1 3 4298 7682 8236
4 2
5 1 4 3416 3550 6395 6869
5 1 4 4014 4449 5565 7521
4 3
5 2
6 1 2 3489 6893
6 1 2 5735 8340
5 2
6 1 3 3899 8025 8311
6 1 2 8017 8095
5 1 4 7385 7564 7635 7791
4 2
5 1 4 4797 4997 6330 6899
5 1 3 5307 5574 7017
3 4
4 2
5 1 2 131 7139
5 1 3 5944 6119 6367
4 1 2 3984 7307
4 2
5 1 2 5094 6159
5 1 2 7577 8160
4 1 5 7063 7330 8039 8058 8193
3 4
4 2
5 1 4 314 2956 6404 9707
5 1 7 4269 4844 5100 7361 7939 9609 9700
4 1 5 1288 3526 4496 4786 9710
4 1 5 2418 4419 6891 7006 9631
4 2
5 2
6 1 6 5505 6406 7755 8552 8657 9704
6 1 3 7970 8522 9315
5 1 3 5743 8684 9739
3 6
4 3
5 1 4 963 4222 5084 6936
5 2
6 1 2 1216 8920
6 1 2 2711 5626
5 1 2 5721 5813
4 2
5 1 21 1132 1840 2139 4378 5374 5517 5671 5680 5765 6009 6139 6157 6168 6212 6288 6328 6329 6419 6420 6873 8360
5 1 2 5356 5563
4 1 3 3793 4893 5714
4 3
5 2
6 1 3 4412 4788 7178
6 1 3 5651 5794 7077
5 2
6 1 2 4539 5923
6 1 2 5707 7425
5 1 2 5645 5940
4 1 2 5551 7877
4 2
5 1 3 5786 5987 6113
5 1 2 6018 6994
3 2
4 1 17 3381 3435 3635 5822 6087 6151 6554 7206 7439 7874 8060 8075 8125 8135 8318 8579 8966
4 1 5 6032 6063 6287 6681 9138
2 6
3 5
4 2
5 1 3 100 7847 8197
5 2
6 1 2 3308 7972
6 1 2 6598 6986
4 2
5 1 6 650 670 4021 4543 6680 6829
5 1 2 4540 6966
4 2
5 1 2 1243 2358
5 1 3 5060 7545 8477
4 1 11 1357 4566 4973 5285 5724 6065 7053 7432 8647 8716 8723
4 2
5 1 3 4161 7505 8175
5 1 5 6411 6930 7044 7236 7490
3 4
4 1 2 154 7010
4 1 57 567 647 867 897 1512 1582 1851 1925 2519 2585 3111 3368 3462 3566 3961 4187 4207 4229 4385 4828 4868 5073 5149 5187 5267 5289 5399 5550 5659 5718 5872 6062 6244 6320 6658 6846 6890 6984 7000 7011 7114 7496 7638 7723 7820 7821 7865 7976 7989 8096 8188 8189 8201 8215 8248 8269 8304
4 1 5 2386 5949 5957 5989 7522
4 2
5 1 6 2852 3529 3908 4480 6996 7411
5 1 3 3583 5641 6538
3 4
4 1 23 289 625 1139 1429 1812 2218 2285 2368 3704 4202 4282 4392 4474 4972 5204 5259 5386 5544 5599 5764 6970 8018 8151
4 1 4 420 3920 6566 7550
4 1 3 2385 5081 5867
4 1 2 7653 7788
3 6
4 1 5 309 6238 6947 7993 8601
4 2
5 2
6 1 5 407 4381 6199 6565 6657
6 1 2 3528 7095
5 2
6 1 5 643 1687 7169 7935 8664
6 1 2 6645 8118
4 3
5 1 2 543 6483
5 1 6 6236 6549 7110 7673 7994 8361
5 1 3 8402 8405 8476
4 3
5 2
6 2
7 1 2 1102 4085
7 1 2 4660 4932
6 1 2 6211 6339
5 2
6 1 4 4317 5295 5398 7354
6 1 2 5426 6046
5 1 4 6600 6838 6997 7265
4 3
5 1 3 1236 7950 8019
5 1 3 3973 6491 7093
5 1 3 4198 6489 6839
4 3
5 1 2 5434 6235
5 2
6 1 2 5882 6728
6 1 2 6895 7325
5 1 3 5933 6556 6581
3 4
4 3
5 1 3 391 6342 8696
5 1 2 1359 6272
5 2
6 1 2 6951 7995
6 1 2 6989 7888
4 2
5 1 5 1263 5383 5750 7887 10016
5 1 4 3496 4066 4168 7138
4 2
5 1 4 3110 6537 6553 7741
5 1 2 5865 7465
4 2
5 1 2 3380 5504
5 1 2 7182 8161
3 4
4 1 4 1842 6431 7221 7900
4 3
5 1 3 3660 6621 8629
5 1 3 6492 6954 8538
5 1 2 6904 7074
4 2
5 1 2 5808 6220
5 1 3 6979 7628 7711
4 1 3 6334 7107 7205
2 1 1 1625
2 1 1 2510
2 1 1 2858
2 1 1 7694
1 3
2 1 4 143 2293 3573 6413
2 1 3 273 2244 3493
2 1 3 2085 2163 5063
1 1 3 402 3135 3933
