0 2374
1 1 36 0 1790 2655 3126 3231 3533 3657 4059 4076 4531 4541 5609 5880 6222 7207 7260 7680 7796 7862 8187 8237 8443 9029 9601 9634 9639 9669 10353 10473 10591 10653 10900 11001 11139 11225 11250
1 5
2 2
3 1 2 1 965
3 1 2 1570 6168
2 2
3 1 3 3 2976 4216
3 1 2 1568 1673
2 1 4 91 1671 1672 3041
2 1 3 1569 1572 5003
2 1 2 1670 2565
1 16
2 6
3 1 4 2 3189 10235 10238
3 1 3 4 977 7506
3 1 3 93 1813 6070
3 1 4 94 4251 6401 8317
3 1 6 909 8318 10232 10233 10236 10237
3 1 2 4435 8319
2 6
3 1 3 118 8372 8943
3 2
4 1 3 1234 1566 8944
4 1 2 2796 5382
3 1 2 1339 2858
3 1 3 3038 3410 5958
3 1 2 4626 5695
3 1 2 7231 7907
2 6
3 4
4 2
5 1 2 154 162
5 1 2 1068 4307
4 1 5 156 157 158 1125 6561
4 2
5 1 2 159 784
5 1 3 1069 1071 9323
4 1 3 776 6563 6564
3 3
4 1 5 160 1135 1138 6886 11088
4 1 3 1045 6980 8258
4 1 2 2752 6429
3 1 2 1067 3972
3 1 4 1070 1137 6144 10863
3 3
4 1 5 1072 1136 3973 6142 6143
4 1 2 1387 4217
4 1 2 3971 10860
3 1 2 6562 8982
2 6
3 1 4 246 1959 10514 11022
3 2
4 1 3 607 1525 6869
4 1 3 5898 9407 10878
3 1 2 841 1891
3 1 3 842 2050 9915
3 3
4 1 2 2042 2663
4 1 2 2046 10511
4 1 2 3060 10516
3 1 3 2290 10510 10512
2 3
3 1 3 384 579 5383
3 1 3 1975 1978 5152
3 1 3 1977 2856 4477
2 2
3 1 2 526 10844
3 1 2 10231 10234
2 3
3 1 3 594 1976 4721
3 1 5 837 1565 2530 4517 10163
3 2
4 1 3 1231 7778 9185
4 1 2 6764 8410
2 1 3 778 1272 10698
2 5
3 1 3 985 3575 3611
3 1 2 1018 4461
3 2
4 1 4 1019 1189 6027 6358
4 1 3 1188 3212 4805
3 1 2 2879 6026
3 1 2 4089 5670
2 1 2 1139 9192
2 2
3 1 3 1232 7798 10230
3 1 2 4214 7797
2 1 2 1233 10713
2 1 2 1760 11148
2 1 3 1817 1818 7807
2 1 2 3033 3581
2 1 2 3119 4697
1 41
2 1 12 5 120 4680 5320 6801 8608 8669 8678 8831 10303 10884 11179
2 2
3 1 3 6 5319 8651
3 1 3 3761 8809 8922
2 1 3 113 114 115
2 1 3 116 2498 8255
2 1 3 191 2656 7164
2 3
3 1 3 922 5925 8307
3 1 4 1077 2899 6606 8653
3 1 3 2483 5839 9306
2 2
3 1 4 1193 8646 8656 11231
3 1 4 3285 3287 3538 8647
2 1 3 1312 2848 6529
2 1 3 1582 2758 6718
2 3
3 1 3 1832 4122 5364
3 1 4 4356 8828 8833 8835
3 1 4 7637 8148 8810 8825
2 3
3 3
4 1 2 1833 8697
4 1 2 4584 6683
4 1 3 8691 8692 8700
3 2
4 1 3 2174 3218 4876
4 2
5 1 2 4687 8701
5 1 2 6765 8038
3 2
4 1 3 4863 8696 8698
4 1 3 8693 8694 8695
2 2
3 1 2 2168 7172
3 1 2 2172 7171
2 1 3 2211 2854 8834
2 2
3 1 3 2600 3451 8925
3 1 3 3638 4864 8924
2 2
3 1 3 2757 6028 6795
3 1 2 6029 6796
2 1 3 2849 6491 7699
2 1 2 2920 8910
2 3
3 1 3 3219 8111 8817
3 1 3 3626 3627 5318
3 1 4 4865 8801 8815 8816
2 2
3 1 3 3220 3399 8797
3 1 3 6136 6295 6915
2 1 4 3286 3501 4099 7423
2 3
3 1 2 3452 8109
3 1 2 5355 6030
3 1 2 5926 9304
2 3
3 1 3 3453 8821 8830
3 1 2 6996 8664
3 1 2 7627 8610
2 1 3 3454 7280 8919
2 1 12 3462 4604 4731 5431 5879 8273 8640 8644 8645 8648 8650 8655
2 1 5 3485 6739 7949 8803 9305
2 5
3 1 2 3497 6648
3 1 4 3628 4405 4406 4408
3 1 2 4357 8649
3 1 3 4407 8110 8819
3 1 4 4725 8699 8818 8823
2 1 5 4052 4080 4456 7158 8926
2 1 3 4145 8667 8674
2 1 3 4409 6802 9202
2 1 3 4421 4455 8652
2 1 2 5215 7879
2 2
3 1 2 6093 7638
3 1 3 8805 8807 8822
2 1 3 6707 8798 8799
2 1 4 6812 8657 8804 8827
2 1 4 7035 7036 7037 8820
2 1 3 8365 8641 10302
2 1 2 8642 8829
2 1 3 8677 8913 8915
2 1 3 8793 8794 8795
2 1 3 8796 8802 8824
2 1 2 9302 9303
1 3
2 2
3 1 2 7 589
3 1 4 1657 1660 8992 10515
2 3
3 1 2 947 2662
3 1 2 951 4932
3 1 2 1659 7790
2 1 2 1401 7663
1 14
2 2
3 1 3 8 10 2516
3 1 2 638 4542
2 5
3 2
4 1 3 11 5610 10960
4 1 3 880 4442 4447
3 2
4 1 3 416 417 6203
4 1 2 444 6821
3 1 3 502 4368 8123
3 1 2 955 4415
3 1 3 3180 4953 7316
2 5
3 1 2 294 2588
3 1 3 1020 3314 6146
3 1 2 1553 3862
3 2
4 1 2 1889 6717
4 1 3 2077 4260 4444
3 1 2 4443 5971
2 1 3 396 5601 7875
2 2
3 1 2 415 3172
3 1 2 419 6709
2 4
3 2
4 1 2 697 6649
4 1 2 2694 4448
3 1 4 3191 3719 3720 7121
3 1 2 4748 9496
3 1 2 9487 10880
2 1 2 878 6721
2 1 3 881 882 4450
2 1 2 1421 5848
2 3
3 1 4 1859 4261 5441 7929
3 1 3 3178 3179 6774
3 1 2 6775 6909
2 1 3 2508 9994 10882
2 2
3 1 2 2585 2704
3 1 2 2586 5270
2 1 3 2827 3267 4710
2 2
3 1 2 5713 6277
3 1 2 9486 9498
1 3
2 1 3 9 461 3703
2 2
3 1 2 465 6189
3 1 3 466 2572 9374
2 1 3 9372 9376 9377
1 34
2 2
3 1 2 12 6270
3 1 3 15 7620 9731
2 11
3 2
4 1 3 13 1466 2144
4 1 4 245 3784 5863 9378
3 3
4 1 2 164 8979
4 1 2 590 4515
4 1 2 3808 9803
3 2
4 1 3 300 7706 8588
4 1 2 305 4967
3 2
4 2
5 1 2 302 814
5 1 3 423 3590 5767
4 1 3 308 1406 5414
3 3
4 1 3 303 359 3806
4 1 3 310 812 7377
4 1 2 5420 10912
3 1 3 309 1407 5712
3 2
4 1 2 361 3805
4 1 3 3939 8150 9868
3 1 3 582 5243 8550
3 1 2 1195 1871
3 1 2 3807 5820
3 1 2 8978 8981
2 2
3 1 3 14 6045 6046
3 1 2 3712 5963
2 1 3 16 2266 2333
2 1 3 21 1561 8067
2 3
3 1 2 24 829
3 1 2 424 5916
3 1 2 772 3326
2 1 3 27 5283 6047
2 1 7 53 352 1681 3440 4813 10914 11079
2 2
3 1 3 244 2252 4239
3 1 3 2819 4729 5079
2 1 3 301 9246 11181
2 3
3 1 3 304 306 11050
3 1 2 1854 8710
3 1 2 6395 10913
2 2
3 1 3 307 4344 5165
3 1 2 1879 7452
2 3
3 1 2 422 10734
3 1 3 425 4985 7227
3 1 3 3891 4387 10690
2 2
3 1 2 770 7868
3 1 2 2486 3781
2 5
3 1 4 813 879 2607 6870
3 1 2 1551 9483
3 1 2 5127 9402
3 1 2 9472 9539
3 1 3 9537 9538 9668
2 1 3 815 10684 10703
2 1 2 1117 4333
2 2
3 1 3 1159 2015 3328
3 1 2 3327 3783
2 3
3 1 2 1190 2016
3 2
4 1 3 1560 2017 9456
4 1 2 3205 9404
3 1 4 4783 6294 9471 9473
2 3
3 1 2 1510 9413
3 1 2 1922 2259
3 1 2 4969 5727
2 4
3 1 3 1550 3401 10961
3 1 2 3341 6594
3 1 2 3850 6237
3 1 2 6007 7415
2 1 2 1552 2810
2 2
3 1 2 2091 8160
3 1 2 2816 3241
2 2
3 1 3 2197 2198 4968
3 1 3 2241 4755 10546
2 1 2 2254 7911
2 1 5 2465 2466 4049 6300 6301
2 2
3 1 2 2576 4198
3 1 2 3705 7849
2 2
3 1 2 2608 3795
3 1 3 3799 4730 8042
2 1 3 2643 5198 10627
2 1 3 2710 3007 10156
2 2
3 1 3 2942 3747 9459
3 1 2 3639 5541
2 2
3 1 2 3204 6794
3 1 2 5915 6885
2 1 4 3591 3796 6720 8018
2 1 3 3598 4742 8746
1 4
2 3
3 1 3 17 2024 7670
3 1 4 3203 5295 7719 7900
3 1 2 4888 8101
2 3
3 1 4 293 1524 7540 9567
3 1 4 406 4603 7671 9326
3 1 3 844 2110 11182
2 1 2 2630 9395
2 1 2 9313 9390
1 38
2 2
3 1 4 18 811 2189 2654
3 1 3 20 2540 4294
2 1 5 19 663 667 2391 7568
2 1 6 105 2178 6570 7089 8832 11223
2 1 3 133 2177 6843
2 1 2 391 5953
2 1 3 514 4113 9111
2 2
3 1 2 659 6069
3 1 2 660 7090
2 2
3 1 2 661 4263
3 1 2 2500 6967
2 1 3 662 1742 2162
2 1 4 664 1087 4688 7854
2 2
3 1 3 666 6090 6322
3 1 3 2187 6321 7360
2 7
3 1 4 668 2175 6114 9561
3 1 3 673 2176 6615
3 1 2 805 7400
3 1 2 1244 11217
3 1 2 2165 6089
3 1 2 2190 5520
3 1 2 9106 9107
2 1 3 669 1304 7102
2 2
3 1 4 670 1305 2188 4384
3 1 2 3539 4383
2 1 3 671 2170 3817
2 1 2 672 2181
2 1 3 731 2151 2185
2 2
3 1 3 807 4381 6071
3 1 3 1647 8727 8728
2 3
3 1 2 810 7553
3 1 4 1306 4385 5378 6859
3 1 2 2191 7104
2 1 3 863 1245 2614
2 1 2 932 2513
2 1 2 1174 2850
2 1 2 1299 4305
2 2
3 1 3 1519 3802 8189
3 1 2 1887 2160
2 1 4 1725 2262 2264 7019
2 2
3 1 3 1743 3537 3814
3 1 2 3815 4061
2 1 3 1783 5450 6018
2 1 2 2101 2102
2 1 3 2141 2167 3400
2 1 2 2142 3897
2 1 2 2171 5080
2 1 2 2183 2186
2 1 2 2196 6251
2 1 2 2237 10941
2 1 3 4378 5749 8026
2 1 2 4662 8027
2 1 2 4894 6519
2 1 2 5641 7368
1 10
2 5
3 1 2 22 10007
3 1 3 23 25 2604
3 1 5 26 2603 4895 7860 11199
3 1 2 28 11198
3 1 2 2398 11196
2 1 7 64 6297 9189 10809 10930 11070 11072
2 4
3 1 3 893 916 10008
3 1 2 1156 11069
3 1 3 1549 1562 5696
3 1 2 3109 3239
2 1 2 894 11071
2 1 2 895 5700
2 1 2 915 2605
2 1 2 1585 10717
2 1 2 4320 11197
2 2
3 1 2 5090 7806
3 1 2 10898 10915
2 1 3 5542 5543 6890
1 25
2 5
3 1 5 29 30 31 32 7043
3 1 3 218 478 5200
3 1 3 219 220 5651
3 2
4 1 2 221 11030
4 1 4 224 225 476 3887
3 1 2 9423 9424
2 2
3 1 2 165 9888
3 1 2 4063 5521
2 3
3 1 3 170 1980 3997
3 1 3 1516 2378 5055
3 1 3 4337 7939 10407
2 7
3 3
4 1 3 171 252 6489
4 1 2 173 6115
4 1 2 2311 4628
3 3
4 1 2 249 7689
4 1 2 264 273
4 1 3 271 272 4850
3 2
4 1 2 269 270
4 1 2 1293 6283
3 1 3 274 277 2208
3 2
4 1 4 276 281 9422 9531
4 1 2 283 7271
3 2
4 1 4 286 3183 4915 5326
4 1 2 5966 7725
3 1 3 3883 4029 5292
2 7
3 1 3 172 1004 3225
3 1 2 282 1003
3 2
4 1 2 527 7345
4 1 2 1474 3224
3 1 2 832 7666
3 1 3 870 2984 4469
3 1 4 1328 4736 5573 5800
3 2
4 1 2 3226 4837
4 1 2 3227 6836
2 2
3 1 3 174 830 834
3 1 3 833 3228 6501
2 6
3 1 5 217 1554 2377 6914 7378
3 1 4 222 223 3377 4323
3 1 5 449 477 2379 4377 8668
3 1 4 475 1078 2383 9912
3 1 5 534 1822 2309 2376 8934
3 2
4 1 4 1399 3374 4701 8133
4 1 3 1513 2310 6977
2 2
3 1 4 247 248 6580 6581
3 1 3 1514 2279 3023
2 1 3 259 4981 4982
2 2
3 1 2 262 8170
3 1 2 278 9528
2 1 3 285 1512 1517
2 1 2 831 5878
2 1 3 1140 6627 6629
2 1 3 1237 5855 8269
2 5
3 1 2 1396 2308
3 1 2 1779 6520
3 1 2 2381 8747
3 1 2 4536 5566
3 1 3 5567 7041 9897
2 1 3 1515 9671 10637
2 1 3 2207 3288 7832
2 1 2 2382 8268
2 2
3 1 3 2615 6453 10410
3 1 2 2616 2617
2 2
3 1 2 3185 9887
3 1 2 3917 3918
2 1 4 3894 10405 10406 10508
2 2
3 1 2 4570 10481
3 1 2 5440 7485
2 1 2 5753 11240
2 1 3 6612 6613 7711
2 1 2 7954 9310
1 1 4 33 8614 11164 11190
1 3
2 1 4 34 1326 5676 5679
2 1 3 5563 5881 7224
2 1 2 5564 5902
1 2
2 1 2 35 8416
2 1 2 1508 7773
1 1 4 36 7428 7429 10016
1 9
2 1 2 37 2602
2 1 3 1381 5388 10056
2 3
3 1 4 1382 8053 10057 10079
3 1 2 7040 10066
3 1 2 8051 10080
2 2
3 1 3 1754 4685 10072
3 1 3 4132 6290 10945
2 1 3 3381 7056 10050
2 2
3 1 3 3534 6485 7039
3 1 2 5613 6483
2 2
3 2
4 1 2 4312 5909
4 1 2 5116 10058
3 1 3 10069 10076 10082
2 1 2 6484 10068
2 1 2 10067 10120
1 2
2 1 2 38 10041
2 1 2 5597 6241
1 1 2 39 7510
1 1 2 40 11127
1 1 4 41 42 4668 4670
1 2
2 1 3 43 2431 6662
2 1 3 161 2430 10172
1 1 3 44 5934 8093
1 1 3 45 3586 5335
1 1 3 46 5222 5223
1 2
2 1 2 47 5226
2 1 3 518 756 8069
1 1 3 48 4155 6857
1 4
2 2
3 1 2 49 8099
3 1 2 2826 10722
2 1 4 4663 4664 6592 6636
2 1 2 4984 7523
2 1 2 6242 8585
1 10
2 2
3 1 3 50 4226 7108
3 1 4 1389 1437 1439 11059
2 1 4 144 2903 5683 8497
2 1 4 145 1358 5682 6496
2 2
3 1 3 312 504 5928
3 1 2 336 1265
2 1 4 314 592 3682 10959
2 1 3 334 5184 7739
2 1 3 598 1890 6438
2 1 2 1438 3032
2 1 2 2971 5903
2 2
3 1 2 3478 6540
3 1 2 4563 5831
1 3
2 1 2 51 8491
2 1 3 846 3351 5363
2 1 4 847 1006 4199 8578
1 2
2 1 4 52 4545 10631 11092
2 1 4 617 4544 9381 10566
1 4
2 1 5 54 55 56 3702 4048
2 1 2 57 7097
2 1 5 58 3137 7096 7549 9180
2 1 2 3701 10411
1 1 2 59 3822
1 1 3 60 3450 8593
1 2
2 1 3 61 4836 5821
2 1 2 353 7937
1 1 3 62 3116 5490
1 1 2 63 6269
1 3
2 1 2 65 9802
2 1 2 462 4254
2 1 2 3621 3622
1 1 3 66 2661 10970
1 8
2 3
3 1 3 67 72 791
3 1 4 71 2368 4631 4633
3 1 2 2922 3899
2 1 2 69 5639
2 1 2 76 79
2 1 2 80 3044
2 1 2 236 5221
2 1 3 1150 2370 4595
2 2
3 2
4 1 3 1759 1761 1762
4 1 2 2369 4632
3 1 3 4679 7715 8371
2 1 2 1930 2443
1 6
2 1 2 68 10946
2 1 2 74 2212
2 1 3 75 235 10858
2 1 4 77 1191 2892 10856
2 2
3 1 2 81 6263
3 1 4 2447 3875 4485 6058
2 1 3 2806 2890 2891
1 2
2 1 2 70 8198
2 1 4 2990 7124 7125 7812
1 3
2 1 3 73 986 6835
2 2
3 1 3 78 3234 3236
3 1 2 3162 5237
2 1 2 4918 8062
1 7
2 2
3 1 2 82 1144
3 1 2 839 5698
2 3
3 1 4 83 84 524 3114
3 1 3 86 525 11125
3 1 3 1264 3691 3692
2 2
3 1 2 85 1143
3 1 2 2125 5733
2 1 4 87 88 3331 9408
2 1 2 112 7808
2 2
3 1 3 311 1142 2902
3 1 2 1141 9431
2 1 2 385 6354
1 1 11 89 2275 4149 4676 5314 6187 6757 7569 10879 11109 11235
1 1 4 90 1828 5524 10589
1 3
2 1 3 92 4871 4872
2 1 4 874 3037 3039 4144
2 1 3 2795 2797 3040
1 1 3 95 1937 8467
1 1 4 96 98 7426 8161
1 1 3 97 4746 6369
1 1 2 99 3610
1 1 4 100 1450 6953 11119
1 2
2 1 3 101 103 730
2 1 3 102 104 7045
1 3
2 1 2 106 6798
2 1 3 1267 1985 7895
2 1 2 5827 6884
1 5
2 1 2 107 7915
2 1 2 1989 3530
2 1 2 2456 7981
2 1 2 2682 5133
2 1 2 6212 6889
1 2
2 1 2 108 109
2 1 2 1718 4292
1 1 3 110 3836 5103
1 4
2 1 3 111 3967 7909
2 1 2 1351 1352
2 1 3 1892 3966 5697
2 1 4 2064 2065 2746 3964
1 12
2 1 3 117 1567 9767
2 2
3 2
4 1 4 243 653 1199 3083
4 1 2 3544 6180
3 2
4 1 2 1997 4119
4 1 2 3476 10845
2 1 4 495 4795 5372 7503
2 5
3 1 4 496 946 2857 8947
3 1 2 892 7525
3 1 3 952 4537 5804
3 1 2 954 1564
3 1 2 1198 1798
2 1 2 497 2648
2 2
3 1 3 630 2969 5491
3 1 2 2968 6500
2 1 3 781 4796 10666
2 1 3 785 5982 9974
2 1 3 2287 3495 4082
2 1 4 2807 6504 7126 7777
2 1 2 7232 9980
2 1 2 9186 9921
1 1 3 119 176 3360
1 7
2 2
3 1 4 121 3263 3264 7156
3 1 3 2114 7986 10089
2 2
3 1 4 122 8500 8505 8507
3 1 2 8501 8521
2 2
3 1 2 351 6567
3 1 2 7844 8516
2 1 3 704 8286 8502
2 1 3 971 8043 8287
2 1 4 6565 8498 8503 8508
2 1 2 6639 8281
1 1 6 123 4497 7146 7449 9421 10134
1 1 3 124 5854 8151
1 3
2 4
3 1 2 125 10811
3 1 2 1621 8218
3 1 3 1624 1625 9354
3 1 3 1626 9350 9362
2 2
3 1 5 1704 3408 9346 9351 9360
3 2
4 1 4 7143 7144 9341 9342
4 1 2 9343 9352
2 2
3 1 3 2092 4350 5392
3 1 3 5393 5394 9358
1 1 4 126 2601 5684 7592
1 1 3 127 128 10876
1 2
2 1 2 129 5069
2 1 2 3840 5070
1 8
2 3
3 1 3 130 637 1505
3 1 3 629 1128 1129
3 1 2 5030 7046
2 2
3 1 3 163 1801 2949
3 1 2 9520 9523
2 4
3 1 3 329 639 10567
3 1 3 626 5155 9788
3 1 3 627 3345 4768
3 1 4 1127 6611 6878 8316
2 3
3 1 3 501 5390 7030
3 1 3 1800 4722 6345
3 1 3 1802 6661 6663
2 2
3 1 3 636 5357 6439
3 1 2 3867 4962
2 2
3 1 2 780 5156
3 1 2 1126 1322
2 2
3 1 2 1009 8587
3 1 2 7066 8421
2 1 2 5439 6004
1 1 3 131 3841 5894
1 4
2 2
3 1 3 132 4571 5351
3 1 2 4904 4920
2 1 4 1278 1279 1281 4035
2 1 3 1280 1283 2874
2 2
3 1 3 1282 4100 7053
3 1 2 4903 11102
1 1 3 134 941 11142
1 8
2 1 3 135 3916 6742
2 1 5 1528 1531 1532 5347 10340
2 1 2 1529 5284
2 1 3 1530 7877 11185
2 1 3 2078 4166 5154
2 1 2 2079 3813
2 1 2 4343 6790
2 1 2 4555 10503
1 1 2 136 6194
1 2
2 1 2 137 1685
2 1 3 3393 5183 8089
1 6
2 1 4 138 5273 6327 6906
2 2
3 1 3 537 2529 3142
3 1 3 685 748 2527
2 2
3 1 3 686 4168 5656
3 1 2 687 6386
2 1 3 747 5177 5422
2 1 3 2474 4938 4939
2 1 3 2528 5181 6258
1 1 3 139 2964 3662
1 11
2 2
3 1 4 140 202 7332 9845
3 1 3 5110 9806 9829
2 2
3 1 2 866 11252
3 1 3 8873 8874 8875
2 3
3 1 3 868 3999 8541
3 1 2 4366 4572
3 1 2 5257 6789
2 2
3 1 2 869 2055
3 1 3 1074 4002 4004
2 5
3 1 3 1686 6767 11135
3 1 3 1990 4367 4794
3 1 3 1991 5638 7850
3 1 3 1994 4568 7331
3 1 2 8034 10938
2 1 2 1992 1993
2 2
3 1 3 2081 2553 10398
3 1 2 4006 9847
2 1 3 2518 4003 4005
2 1 2 4001 5419
2 1 4 4922 4923 8768 8876
2 2
3 1 2 6174 9855
3 1 2 6417 9238
1 1 4 141 3120 4015 4016
1 1 3 142 3237 5527
1 5
2 1 2 143 3981
2 1 4 208 1876 6647 8496
2 1 3 1229 9996 9999
2 1 5 1431 1730 6852 7122 9998
2 2
3 1 2 2943 9997
3 1 2 4779 9965
1 6
2 2
3 1 2 146 1426
3 1 3 399 400 401
2 1 2 398 5850
2 2
3 1 2 1356 1520
3 1 2 1527 2124
2 2
3 1 2 1357 6783
3 1 2 1901 3232
2 1 2 1902 5849
2 1 2 2658 2659
1 1 10 147 1863 2087 4142 8000 8775 9289 10770 11037 11039
1 2
2 1 3 148 618 9345
2 1 2 9775 9776
1 1 3 149 4708 4709
1 1 3 150 5054 5917
1 9
2 1 4 151 3641 6968 9347
2 1 3 195 2022 6367
2 1 6 197 1584 1586 8186 10902 11172
2 1 3 479 6383 10852
2 2
3 1 3 1005 5026 6303
3 1 2 5471 6778
2 1 3 2018 8865 10396
2 1 3 2019 7094 8863
2 1 3 2021 6490 6815
2 1 3 6003 6384 9316
1 1 4 152 6044 7095 8217
1 1 10 153 7749 7750 7828 7843 7864 8456 8605 9291 10284
1 1 3 155 5362 8300
1 2
2 1 2 166 542
2 1 2 5865 5905
1 3
2 1 4 167 6524 6793 10749
2 1 3 2080 5660 8108
2 1 3 2314 5659 7944
1 9
2 2
3 1 3 168 538 9565
3 1 4 2247 4656 4657 7182
2 1 3 539 1100 4283
2 1 2 684 6905
2 1 3 1002 10670 11159
2 1 4 1099 6048 6096 9511
2 1 3 1114 6033 7117
2 1 3 2248 3579 9173
2 2
3 1 2 2249 4884
3 1 4 2789 4885 5952 9179
2 2
3 1 2 2288 5616
3 1 2 4650 6193
1 6
2 1 4 169 472 474 5101
2 2
3 1 3 470 473 3509
3 1 2 4564 8711
2 1 3 572 2652 7084
2 1 2 2651 4137
2 1 2 3633 7305
2 1 2 4140 11073
1 1 2 175 7603
1 11
2 1 6 177 344 2970 3097 3798 7679
2 1 4 181 6292 7632 8898
2 2
3 1 3 338 342 953
3 1 3 529 576 5261
2 2
3 1 2 339 5137
3 1 3 4227 4293 4445
2 2
3 1 3 340 1908 4787
3 1 3 2418 3303 4449
2 1 5 402 404 2991 6710 6738
2 1 3 405 956 7212
2 1 3 580 581 3659
2 1 2 1118 6513
2 1 2 3893 7302
2 1 2 5652 5653
1 9
2 2
3 1 3 178 1907 10170
3 1 3 420 2536 4436
2 2
3 1 3 214 505 7948
3 1 3 397 4446 6893
2 3
3 1 2 216 2541
3 1 3 605 840 843
3 1 3 608 3424 5869
2 1 3 503 1729 5308
2 1 2 1090 3700
2 1 2 2419 7598
2 1 2 2542 5296
2 1 3 2715 5337 6766
2 1 2 4118 7009
1 1 3 179 445 10855
1 2
2 1 2 180 5018
2 1 2 741 10701
1 7
2 1 3 182 8906 8907
2 1 3 210 9735 10324
2 2
3 1 3 213 3096 8484
3 1 2 5826 8404
2 1 2 343 528
2 1 4 418 530 6425 8485
2 1 3 442 531 8989
2 1 2 1120 7594
1 1 4 183 184 185 7076
1 2
2 1 2 186 4997
2 1 2 7824 8064
1 1 4 187 188 189 379
1 2
2 1 4 190 192 9622 10925
2 1 4 1858 7254 7425 10926
1 4
2 1 2 193 2374
2 1 2 491 10028
2 1 2 2270 5858
2 1 2 5857 8035
1 1 2 194 1013
1 1 4 196 3496 4534 7166
1 5
2 2
3 1 2 198 8540
3 1 2 6205 7791
2 2
3 1 3 429 2792 7995
3 1 2 434 3767
2 2
3 1 2 430 431
3 1 2 1598 5064
2 2
3 1 2 432 3117
3 1 2 433 6206
2 1 2 1066 1325
1 1 3 199 1936 3790
1 3
2 1 4 200 2496 3422 11202
2 1 3 3419 3420 7783
2 1 2 3421 4523
1 7
2 3
3 2
4 1 3 201 2559 5946
4 1 2 4411 6225
3 1 3 5877 8390 11230
3 1 2 6705 10810
2 1 3 347 1884 10571
2 1 3 378 6224 9681
2 1 2 2255 6170
2 1 3 2453 6804 9092
2 2
3 1 3 3086 5112 10588
3 1 3 5111 6226 9846
2 1 2 8028 8352
1 9
2 2
3 1 3 203 233 6747
3 1 3 994 3003 5506
2 1 2 231 10475
2 2
3 1 2 452 8791
3 1 2 3248 6190
2 1 3 493 3004 3005
2 1 3 992 993 2225
2 1 2 1446 6370
2 1 3 1737 2131 5053
2 1 3 2718 4432 8246
2 1 2 3665 8735
1 6
2 1 3 204 3930 4912
2 2
3 1 4 287 288 291 1494
3 1 2 289 1495
2 1 2 290 3881
2 1 2 1049 8073
2 1 3 1270 2884 2885
2 1 3 2940 6275 6922
1 1 3 205 206 3398
1 2
2 1 3 207 1874 5307
2 1 3 2587 3914 3933
1 1 3 209 212 9889
1 3
2 2
3 1 4 211 698 5803 7745
3 1 2 2896 5723
2 2
3 1 4 699 700 701 3661
3 1 2 4018 6595
2 1 2 6177 6368
1 1 4 215 4975 6291 7447
1 2
2 1 3 226 1969 5574
2 1 2 3356 8201
1 1 3 227 4047 10942
1 2
2 1 3 228 7770 7787
2 1 3 2152 2154 5575
1 2
2 1 4 229 1001 3969 4210
2 1 2 3970 10378
1 1 2 230 5413
1 1 3 232 4594 7133
1 1 3 234 3838 6141
1 1 3 237 3078 8132
1 2
2 1 2 238 998
2 1 2 239 9766
1 2
2 1 4 240 3617 4271 8141
2 2
3 1 4 2599 2612 4054 4055
3 1 2 7908 8295
1 2
2 1 3 241 500 3919
2 1 3 499 4735 5405
1 1 3 242 10833 10916
1 5
2 2
3 1 2 250 7390
3 1 2 251 4112
2 1 3 255 8171 9530
2 1 2 2775 9309
2 1 2 2776 4111
2 1 3 4883 7799 11130
1 2
2 1 3 253 254 4936
2 1 2 4423 9527
1 5
2 1 3 256 8314 9532
2 1 2 257 5570
2 1 3 266 268 8494
2 1 3 267 279 9944
2 1 5 284 4388 7437 9078 10263
1 1 2 258 3296
1 2
2 1 2 260 7548
2 1 2 261 5650
1 1 3 263 2097 2099
1 1 3 265 2464 4999
1 2
2 1 2 275 5920
2 1 3 5410 6940 6941
1 1 2 280 11114
1 1 3 292 443 3332
1 2
2 1 2 295 3541
2 1 4 296 2686 7375 8454
1 2
2 1 2 297 11232
2 1 3 2577 8840 10371
1 2
2 1 3 298 3079 11112
2 1 2 8780 8781
1 1 5 299 4665 5487 7802 10778
1 1 3 313 9373 9380
1 2
2 2
3 1 3 315 1202 4153
3 1 2 3084 6925
2 1 5 1921 9959 9960 9984 9985
1 1 2 316 3797
1 1 2 317 11203
1 4
2 2
3 1 2 318 6308
3 1 2 4554 5719
2 2
3 1 2 559 7457
3 1 2 5720 6380
2 1 2 2935 9355
2 1 2 6119 6329
1 3
2 2
3 1 2 319 6969
3 1 2 6526 10003
2 3
3 1 2 4466 6238
3 1 2 6525 9641
3 1 2 8686 9643
2 1 3 6582 9640 9642
1 3
2 1 3 320 321 5633
2 1 4 596 1235 1236 8054
2 1 2 1176 5661
1 2
2 1 3 322 324 6578
2 1 4 323 587 6773 7405
1 1 3 325 3791 4639
1 3
2 1 2 326 8903
2 1 5 330 1260 1608 5259 7063
2 2
3 1 4 331 333 1607 6140
3 1 3 332 6097 11120
1 2
2 1 2 327 6147
2 1 3 2082 2083 6148
1 1 3 328 5960 6150
1 2
2 1 4 335 337 2257 2501
2 1 2 2256 4084
1 1 2 341 3242
1 7
2 1 2 345 1675
2 1 4 436 4762 5000 5219
2 1 3 1061 7611 11255
2 2
3 1 3 1064 2297 6896
3 1 2 5195 11204
2 1 3 1130 1132 4898
2 1 2 1131 6392
2 1 2 1600 2347
1 1 3 346 3009 10419
1 2
2 1 3 348 5265 7054
2 1 2 489 8773
1 4
2 1 4 349 5812 8515 10994
2 1 3 1386 5811 7466
2 2
3 1 4 4516 5810 5813 5814
3 1 2 5809 5815
2 1 2 5816 10152
1 9
2 1 3 350 2692 6233
2 2
3 1 5 703 706 707 5149 10293
3 1 2 8121 8517
2 1 2 705 708
2 1 3 1011 1186 10999
2 1 2 1663 3262
2 1 3 1733 7155 9161
2 1 3 5147 5148 8504
2 1 2 8175 10186
2 1 2 8529 9162
1 1 3 354 1440 6829
1 3
2 1 2 355 7762
2 1 3 561 1719 2294
2 1 2 8601 8602
1 4
2 1 5 356 358 3727 3728 7989
2 2
3 1 4 357 362 1888 2063
3 1 2 1611 2917
2 1 4 2012 2240 3729 4031
2 1 3 4108 4109 8466
1 8
2 3
3 1 2 360 3339
3 1 2 1023 6842
3 1 2 1025 3270
2 1 3 456 3756 10455
2 1 5 2228 2229 4557 4559 6268
2 1 2 3161 5126
2 2
3 1 2 3210 3755
3 1 2 7458 7866
2 1 2 3412 5100
2 1 2 4560 8321
2 1 2 5808 9782
1 3
2 1 4 363 737 2873 5107
2 1 4 563 4720 7480 7913
2 1 2 1314 7912
1 3
2 1 5 364 4640 7195 7359 9203
2 1 3 1456 5596 6015
2 1 3 8562 9212 9268
1 2
2 1 2 365 3593
2 1 5 864 5192 6826 7582 8878
1 4
2 3
3 1 4 366 374 4420 6553
3 1 3 371 372 10253
3 1 2 1617 5742
2 1 2 367 858
2 2
3 2
4 1 2 2291 4341
4 1 2 2326 4902
3 1 3 2325 2642 5673
2 2
3 1 2 3829 4976
3 1 2 4221 4814
1 6
2 1 4 368 4298 4900 11046
2 1 3 492 2934 7340
2 2
3 1 2 1253 3090
3 1 2 3092 7723
2 1 3 2502 6075 7724
2 2
3 1 2 2590 6019
3 1 3 3091 3371 7722
2 1 2 7768 9128
1 8
2 2
3 1 2 369 2930
3 1 2 3995 6797
2 1 3 370 2919 8543
2 2
3 1 2 1026 9181
3 1 3 6162 6307 7692
2 1 2 1112 1113
2 1 2 1546 6024
2 1 3 1756 3187 4148
2 1 2 2640 3072
2 1 2 3070 3629
1 1 2 373 11066
1 2
2 1 2 375 7312
2 1 2 8627 11210
1 1 3 376 377 9797
1 2
2 1 4 380 381 383 6824
2 2
3 1 2 382 10853
3 1 2 783 3169
1 3
2 1 2 386 3448
2 1 3 1656 10124 10125
2 1 2 1658 8405
1 1 4 387 6131 6132 8214
1 2
2 1 3 388 389 390
2 1 2 459 3447
1 1 4 392 5593 8427 11098
1 1 4 393 963 3651 3652
1 1 2 394 395
1 1 3 403 6133 7566
1 2
2 2
3 1 3 407 4309 7599
3 1 3 3968 4310 5942
2 1 4 408 3710 7918 10632
1 1 3 409 4781 10846
1 2
2 1 3 410 1664 10832
2 1 3 2061 5945 6658
1 1 6 411 412 5707 6414 7669 10452
1 2
2 1 3 413 1331 6861
2 1 3 560 744 4995
1 1 2 414 4250
1 5
2 2
3 1 2 421 9073
3 1 2 1962 5027
2 3
3 1 2 457 2227
3 1 2 3757 8106
3 1 3 3901 4325 11227
2 1 3 464 7595 7665
2 4
3 1 2 2004 6488
3 1 2 2395 8429
3 1 2 2537 2975
3 1 2 2702 6446
2 2
3 1 2 3782 3844
3 1 2 6935 7278
1 1 3 426 428 6302
1 1 2 427 10939
1 2
2 1 3 435 4399 8282
2 1 2 7575 7630
1 1 2 437 2727
1 1 3 438 4819 8357
1 1 3 439 441 4629
1 1 3 440 1134 11106
1 1 2 446 6372
1 1 2 447 6371
1 6
2 2
3 1 2 448 5128
3 1 2 2584 4365
2 1 2 451 6895
2 1 3 1662 4072 4073
2 1 2 4056 5211
2 1 3 4057 5342 5385
2 1 3 4074 4205 6318
1 2
2 1 2 450 8349
2 1 3 2583 3965 8370
1 1 3 453 1835 2822
1 1 3 454 455 1708
1 8
2 3
3 1 4 458 970 2738 7747
3 1 4 966 968 1596 7746
3 1 2 5231 7800
2 2
3 1 5 905 5242 9034 9035 9043
3 1 4 2735 6471 8071 9040
2 2
3 1 2 906 8277
3 1 4 907 5232 6472 10658
2 3
3 2
4 1 3 969 10568 10599
4 1 2 2814 10565
3 1 5 1781 5207 7184 7185 7186
3 2
4 1 2 1853 2820
4 1 2 4924 9009
2 1 2 1983 8276
2 1 2 2724 5709
2 3
3 1 3 3197 4334 4422
3 1 2 3199 6749
3 1 3 5655 8763 9037
2 1 3 6487 10596 10625
1 6
2 2
3 1 2 460 6054
3 1 2 463 11026
2 1 4 1400 2815 4037 11025
2 1 3 2823 7686 7945
2 1 3 2974 3299 8428
2 1 2 4552 6323
2 1 3 4875 7921 11124
1 1 2 467 9983
1 1 2 468 7341
1 1 3 469 2526 11078
1 2
2 1 3 471 4050 4799
2 1 2 3069 11118
1 1 5 480 4042 5540 8731 11211
1 1 3 481 4438 4439
1 7
2 4
3 3
4 1 2 482 8855
4 1 2 714 8866
4 1 2 5472 8856
3 1 2 711 712
3 1 2 2960 4067
3 1 2 2961 3107
2 2
3 1 4 1774 3825 5075 8872
3 1 3 3812 7544 8871
2 1 4 2230 2875 8858 8870
2 1 3 7277 7661 9344
2 2
3 1 2 7659 8857
3 1 2 8859 8862
2 1 2 7660 7662
2 1 2 8864 8867
1 1 3 483 484 5806
1 1 4 485 2742 8993 10995
1 2
2 1 3 486 2357 4647
2 1 2 2356 3293
1 1 2 487 2306
1 1 3 488 3602 8387
1 1 2 490 8351
1 1 2 494 588
1 2
2 1 2 498 10917
2 1 2 3085 6924
1 2
2 1 3 506 507 5976
2 1 3 1504 1590 2438
1 1 3 508 9002 10663
1 1 2 509 6374
1 4
2 1 2 510 7174
2 1 3 512 2563 3926
2 1 2 513 2454
2 1 3 2561 2562 5124
1 4
2 1 3 511 5123 10803
2 1 4 3214 3215 7244 10823
2 1 2 3216 6538
2 1 2 3217 5981
1 25
2 5
3 1 5 515 585 3619 6412 8487
3 1 3 1257 2631 6819
3 1 5 2220 2633 4069 5167 10881
3 1 3 2946 4751 9457
3 1 2 4397 5489
2 1 3 574 9452 9453
2 1 4 1158 5113 10308 10650
2 5
3 1 3 1255 2059 9014
3 1 3 1587 2575 4071
3 2
4 1 3 2221 3620 5001
4 1 4 2944 2945 3546 11096
3 1 2 4070 6542
3 1 2 4460 8635
2 4
3 1 2 1256 10672
3 2
4 1 3 2986 5488 9505
4 1 2 4711 9666
3 1 3 3229 8520 11136
3 1 2 8617 9515
2 2
3 1 3 1363 1680 5624
3 1 3 2567 5621 5622
2 3
3 1 3 1834 5649 8275
3 1 3 2389 2987 5725
3 1 2 5671 7487
2 4
3 1 2 2088 8159
3 1 3 2089 3849 5714
3 1 3 5620 8158 11015
3 1 2 10907 11011
2 1 6 2090 2360 7216 7259 7488 8634
2 5
3 1 3 2283 4396 5407
3 2
4 1 3 2736 3098 5409
4 1 2 8620 8621
3 2
4 1 2 3206 9968
4 1 2 5408 8622
3 1 2 6181 8616
3 1 3 6182 6184 8360
2 2
3 1 3 2313 2566 6218
3 1 3 3545 6095 10506
2 1 3 2978 2979 4712
2 2
3 1 2 2981 2982
3 1 2 6820 9670
2 1 3 3128 3129 3489
2 1 3 3461 9084 9907
2 1 2 3824 6418
2 1 3 4038 4398 6183
2 1 4 5359 9403 11014 11056
2 1 3 5523 8332 11008
2 1 2 5623 10910
2 1 2 5728 5729
2 1 3 7417 10177 11057
2 1 2 7982 7983
2 1 2 8074 9507
2 1 2 10557 11007
1 1 2 516 5889
1 1 2 517 2712
1 3
2 2
3 1 2 519 1021
3 1 2 3306 7831
2 2
3 1 3 930 1469 6777
3 1 3 2470 2871 10317
2 1 3 2471 3714 5600
1 4
2 1 2 520 8719
2 2
3 1 2 558 4220
3 1 2 1604 7079
2 1 3 931 1602 4340
2 1 3 1603 1605 9340
1 3
2 1 4 521 2965 4550 11245
2 1 2 4549 10360
2 1 3 4551 8079 10727
1 3
2 1 3 522 5416 6149
2 1 2 4275 10937
2 1 2 5412 11178
1 2
2 1 17 523 875 2722 2723 3505 5140 5828 7069 7120 7565 8312 8313 8368 9667 9886 10164 10655
2 1 2 620 621
1 1 2 532 6588
1 5
2 2
3 1 2 533 7436
3 1 2 3706 8738
2 2
3 1 4 567 3928 4193 4937
3 1 3 2802 3379 6497
2 1 4 1803 1804 4878 7615
2 4
3 1 3 2793 4185 6523
3 1 3 2800 2801 6357
3 1 3 4184 4187 4188
3 1 2 4186 6356
2 1 2 3378 10726
1 3
2 2
3 1 2 535 3696
3 1 3 1172 3946 7222
2 1 4 979 980 3947 4569
2 1 3 1409 4017 6286
1 4
2 1 3 536 746 1083
2 1 3 745 4256 5718
2 1 2 1101 8884
2 1 2 8886 8887
1 8
2 1 2 540 10735
2 1 3 1276 3913 7973
2 1 5 1540 2085 2772 3962 5845
2 2
3 1 3 1897 3961 6711
3 1 2 2573 2671
2 1 2 1898 1900
2 1 3 1899 2251 3963
2 1 3 4749 4750 8088
2 1 2 7285 8075
1 2
2 1 3 541 1792 5496
2 1 2 1786 9636
1 10
2 5
3 1 2 543 11035
3 1 3 544 545 546
3 1 2 6624 7947
3 1 3 6625 7163 9126
3 1 2 7075 7946
2 3
3 1 3 987 2327 9157
3 1 4 2705 2707 2708 2870
3 1 2 9156 9158
2 1 3 1464 4359 9135
2 3
3 1 3 2328 9150 9371
3 1 3 2706 9146 9159
3 1 3 9147 9149 9154
2 1 4 2693 3906 5417 9134
2 1 3 3907 9131 9148
2 1 3 5173 9155 11155
2 1 4 5174 8689 8690 9151
2 1 2 6493 8070
2 1 2 9160 10927
1 1 2 547 845
1 1 4 548 3208 10685 11034
1 3
2 1 2 549 11058
2 1 3 2023 6854 6855
2 1 4 5492 5493 5494 6850
1 1 3 550 3607 8011
1 2
2 1 2 551 2621
2 1 2 3592 7180
1 3
2 1 2 552 2821
2 1 2 555 556
2 1 3 557 1758 8401
1 1 2 553 2231
1 2
2 1 2 554 4616
2 1 3 1471 2641 5456
1 1 4 562 6902 6903 7674
1 1 5 564 2472 4625 10794 11220
1 6
2 1 2 565 10165
2 1 3 694 5965 10787
2 1 3 695 1622 1883
2 1 2 1415 11238
2 1 2 1453 1454
2 1 2 3121 5967
1 1 3 566 4197 11143
1 4
2 1 2 568 7059
2 1 2 569 10654
2 1 2 3760 7701
2 1 2 6445 9028
1 1 3 570 7626 8091
1 1 4 571 1893 5666 6853
1 3
2 1 2 573 10869
2 1 2 4225 10868
2 1 2 10661 10870
1 1 3 575 7996 10299
1 5
2 2
3 1 3 577 7625 10877
3 1 2 5108 7002
2 1 4 578 3861 4348 6731
2 1 3 2701 7297 10595
2 1 2 3614 10971
2 1 2 3804 9036
1 14
2 3
3 1 2 583 10476
3 1 3 1041 6050 10472
3 1 3 1042 4744 7408
2 1 2 974 6051
2 2
3 1 2 975 10548
3 1 2 1122 5287
2 2
3 1 2 976 9689
3 1 2 3459 10454
2 2
3 1 2 1007 8745
3 1 2 1008 1123
2 1 2 1039 10812
2 1 3 1745 4803 6851
2 1 3 4426 6963 10471
2 1 2 4643 5458
2 1 3 4804 10307 10376
2 1 3 4861 6052 10351
2 1 3 5386 8359 10034
2 1 3 6053 9536 10377
2 1 2 9412 9644
1 2
2 1 4 584 9409 9651 9653
2 1 3 9410 9650 9652
1 1 3 586 5509 8486
1 1 3 591 8172 10544
1 1 2 593 740
1 1 2 595 11201
1 2
2 1 2 597 6531
2 1 3 631 3283 6530
1 3
2 1 4 599 912 1016 1369
2 1 2 1014 8128
2 1 2 1015 5468
1 7
2 1 3 600 1091 3683
2 1 2 957 960
2 2
3 1 3 958 7272 7859
3 1 2 1157 10649
2 1 5 959 1268 4167 5777 9647
2 2
3 1 3 961 5384 10178
3 1 4 4459 4689 10175 10176
2 1 3 1393 6236 7581
2 1 4 1982 4513 4514 7610
1 1 3 601 2457 10547
1 1 3 602 1679 10456
1 3
2 1 2 603 5983
2 1 3 4528 8628 10572
2 1 2 10569 10570
1 2
2 1 3 604 3749 5343
2 1 2 1380 3748
1 1 5 606 1958 6838 10075 10078
1 1 3 609 7217 7356
1 1 3 610 3793 4648
1 4
2 1 3 611 8741 8742
2 1 2 2067 8740
2 1 2 2161 3573
2 1 2 2405 3233
1 1 2 612 6945
1 2
2 1 3 613 9995 10001
2 1 2 7744 10000
1 2
2 1 2 614 616
2 1 2 615 5029
1 1 5 619 6279 10559 10560 11162
1 1 3 622 3923 5617
1 1 3 623 2609 8400
1 5
2 1 3 624 798 800
2 1 3 793 795 2218
2 1 4 802 803 3922 4866
2 1 2 804 8423
2 1 2 5805 7502
1 1 3 625 5627 10174
1 4
2 1 2 628 8283
2 1 2 824 5371
2 1 5 2073 2074 2862 5486 6118
2 1 3 2075 5353 10630
1 2
2 1 2 632 10083
2 1 2 2803 10088
1 1 3 633 4834 5218
1 1 2 634 7642
1 1 3 635 2667 7107
1 1 3 640 8506 8725
1 3
2 1 3 641 675 5871
2 1 2 676 9475
2 1 2 3789 11134
1 4
2 3
3 1 2 642 3693
3 1 2 733 1684
3 1 2 4692 6398
2 1 3 1028 1867 4181
2 2
3 1 3 1865 1868 4174
3 1 3 1869 4693 5841
2 2
3 1 2 1866 6399
3 1 2 4090 7897
1 6
2 1 5 643 7140 7142 10312 10843
2 1 3 1880 6517 10341
2 2
3 1 2 2725 10319
3 1 2 7138 8837
2 1 3 5067 7139 7218
2 1 3 7141 10313 10397
2 2
3 1 2 8836 10320
3 1 2 8839 10333
1 3
2 1 2 644 3954
2 1 3 3858 8204 8205
2 1 2 10709 10710
1 2
2 1 4 645 4453 4454 6516
2 1 2 2250 8125
1 1 2 646 7803
1 2
2 1 4 647 7977 10953 10954
2 1 3 652 8344 10729
1 2
2 1 2 648 649
2 1 2 650 654
1 2
2 1 2 651 2423
2 1 3 4165 7874 10453
1 6
2 1 2 655 7678
2 1 2 1027 11194
2 1 2 2032 5013
2 1 2 2139 5773
2 1 4 2140 3392 3552 6727
2 1 2 5144 6379
1 3
2 1 3 656 9469 9492
2 2
3 1 2 5374 9206
3 1 2 9477 9478
2 1 3 6599 9493 9494
1 1 2 657 6065
1 2
2 1 2 658 11177
2 1 4 2390 5972 8998 8999
1 4
2 1 2 665 5012
2 1 2 751 5321
2 1 4 3870 3871 7573 8709
2 1 2 6208 9535
1 4
2 1 3 674 6016 8163
2 1 3 806 808 809
2 1 3 1968 2519 10517
2 1 2 4234 6284
1 1 3 677 1075 3827
1 1 5 678 982 2359 5403 8902
1 1 3 679 3346 11033
1 1 3 680 10380 10469
1 1 2 681 5921
1 1 4 682 683 2169 6577
1 1 2 688 8879
1 5
2 2
3 1 2 689 7971
3 1 2 2173 9165
2 1 3 690 3245 9742
2 1 2 2179 4899
2 1 2 3762 8086
2 1 2 4649 6716
1 1 2 691 6480
1 3
2 1 2 692 3240
2 1 4 2343 3160 5096 6315
2 1 3 3697 6204 6316
1 1 3 693 865 7199
1 3
2 1 4 696 4605 5065 5495
2 1 3 1753 5986 5987
2 1 2 1805 5066
1 2
2 1 5 702 10123 10558 11132 11138
2 1 2 2006 2007
1 1 3 709 996 4154
1 1 2 710 4897
1 3
2 1 3 713 8120 10967
2 1 3 934 935 8379
2 1 2 4886 10973
1 1 2 715 5017
1 2
2 1 2 716 8081
2 1 3 5594 5595 7932
1 2
2 1 4 717 3230 7601 8717
2 1 3 8149 10486 10487
1 2
2 1 2 718 4358
2 1 3 3726 7961 8937
1 2
2 1 2 719 4007
2 1 2 1824 1825
1 2
2 1 2 720 4717
2 1 2 4718 4719
1 1 2 721 8607
1 1 4 722 724 726 4492
1 1 3 723 1894 7781
1 1 3 725 3057 8290
1 2
2 1 2 727 729
2 1 3 728 2420 11192
1 1 4 732 3082 7883 8072
1 1 5 734 736 7454 8559 8911
1 1 4 735 2717 2939 3437
1 3
2 1 2 738 6983
2 1 3 2744 4881 10901
2 1 3 5163 5164 8078
1 2
2 1 4 739 2538 5045 5724
2 1 2 5044 7381
1 3
2 1 3 742 2591 7098
2 1 3 743 2243 7109
2 1 2 7279 8052
1 2
2 1 2 749 7658
2 1 2 9547 10111
1 1 3 750 5951 9176
1 1 2 752 8095
1 4
2 1 2 753 1196
2 1 2 754 8037
2 1 3 1197 6834 9389
2 1 3 6041 6042 9388
1 2
2 1 3 755 7953 9697
2 1 3 851 9695 9696
1 1 3 757 1757 5586
1 1 4 758 3333 3335 3336
1 1 3 759 4336 7609
1 1 3 760 2497 3723
1 4
2 1 2 761 7065
2 1 2 762 764
2 2
3 1 2 763 2226
3 1 2 2358 7823
2 1 3 3386 6786 10923
1 2
2 2
3 1 2 765 1239
3 1 2 1240 4202
2 2
3 1 2 766 5962
3 1 2 1238 5634
1 1 3 767 5255 7295
1 2
2 1 3 768 3715 10309
2 1 4 896 2512 3184 5840
1 1 2 769 2338
1 1 2 771 6032
1 1 3 773 1271 7344
1 1 3 774 2551 2552
1 3
2 1 3 775 2504 10090
2 1 2 1080 10025
2 1 2 5463 10118
1 1 2 777 5630
1 2
2 1 2 779 3583
2 1 3 7522 9728 10579
1 1 2 782 9768
1 1 2 786 8024
1 1 2 787 5348
1 1 3 788 789 10121
1 2
2 1 3 790 1999 3246
2 1 2 5807 7484
1 1 4 792 801 1932 3921
1 2
2 1 2 794 8544
2 1 3 3752 3753 8301
1 2
2 1 2 796 6339
2 1 3 6340 6341 6916
1 1 2 797 3920
1 4
2 1 3 799 6518 9292
2 2
3 1 2 1055 1057
3 1 2 4266 8539
2 1 2 1058 2841
2 1 4 1059 4265 5093 7554
1 1 3 816 817 2831
1 1 3 818 819 6923
1 3
2 1 5 820 821 4032 4033 7226
2 1 2 822 7840
2 1 2 1789 6243
1 3
2 1 2 823 1204
2 1 2 1811 3474
2 1 2 2989 3475
1 1 6 825 7737 9881 9894 10740 11233
1 2
2 1 4 826 7729 7730 9877
2 1 4 9910 10705 10706 10741
1 4
2 2
3 1 3 827 3737 7398
3 1 3 828 2688 3736
2 1 3 3673 3731 6245
2 1 4 3674 3675 3732 3902
2 1 2 3676 3735
1 2
2 1 2 835 9663
2 1 4 2611 4389 5250 5275
1 1 4 836 4486 4698 4913
1 3
2 1 2 838 10137
2 1 2 1145 9297
2 1 2 4910 5267
1 1 4 848 6990 7490 7492
1 1 2 849 5212
1 1 3 850 2489 7654
1 1 4 852 1022 5083 7941
1 1 5 853 3854 3855 5191 6134
1 3
2 1 3 854 9780 10480
2 2
3 1 2 1392 10562
3 1 2 8975 10561
2 1 3 8976 10829 10830
1 1 2 855 3334
1 2
2 1 2 856 857
2 1 2 2907 7402
1 1 3 859 2332 9353
1 2
2 1 2 860 10029
2 1 2 10017 10139
1 1 2 861 1840
1 1 3 862 9840 10213
1 1 3 867 4844 5999
1 1 2 871 872
1 1 3 873 3455 5389
1 4
2 1 3 876 2713 2714
2 1 3 1815 1816 8510
2 1 2 2847 5246
2 1 2 3429 8522
1 1 3 877 3677 11165
1 1 3 883 8029 8030
1 1 2 884 2954
1 1 3 885 2281 2282
1 1 2 886 888
1 5
2 1 3 887 4237 5238
2 1 3 889 1149 3943
2 1 2 962 1148
2 1 3 2053 2054 3235
2 1 3 3372 4328 7246
1 2
2 1 3 890 3898 7357
2 1 2 891 5885
1 1 3 897 7673 8438
1 1 3 898 901 7702
1 1 2 899 900
1 1 2 902 7980
1 4
2 1 4 903 2845 5129 11002
2 2
3 1 3 1619 2842 5476
3 1 3 1620 5475 11003
2 1 2 2534 2535
2 2
3 1 3 2843 2844 6697
3 1 2 3031 8247
1 1 4 904 4620 7477 8299
1 1 3 908 4329 4930
1 5
2 1 3 910 2958 7127
2 1 3 1084 10400 10992
2 3
3 1 2 1873 6151
3 1 2 2877 4496
3 1 2 6427 6702
2 1 4 2878 6272 6273 6872
2 1 3 4223 4494 4495
1 1 2 911 7576
1 1 3 913 914 1398
1 1 3 917 3630 7538
1 1 3 918 2020 5615
1 1 3 919 920 5339
1 1 2 921 6201
1 5
2 1 2 923 2898
2 1 2 1769 9097
2 1 3 2897 3049 5171
2 1 3 2900 2901 3048
2 1 2 6431 6512
1 2
2 1 2 924 8923
2 1 2 925 1601
1 1 3 926 6326 11042
1 1 4 927 6092 6693 10276
1 1 5 928 2697 5095 6391 6955
1 1 4 929 6549 6956 8102
1 1 3 933 6704 8377
1 1 3 936 937 938
1 1 2 939 1693
1 1 2 940 6776
1 1 3 942 8538 11086
1 1 2 943 945
1 1 3 944 5873 8733
1 1 3 948 9200 10154
1 1 4 949 950 4838 7835
1 1 8 964 1839 3073 5115 7579 8806 10049 10664
1 5
2 1 4 967 1903 6155 9427
2 1 3 2637 7114 10626
2 1 3 2737 5063 9307
2 1 3 4201 9308 9426
2 1 2 6156 9425
1 1 4 972 973 4302 8326
1 1 3 978 2636 5536
1 2
2 1 2 981 10893
2 1 3 5819 7521 9741
1 1 2 983 6748
1 1 2 984 10659
1 4
2 1 2 988 989
2 2
3 1 3 2429 3986 3989
3 1 2 3988 3991
2 1 3 3987 5950 8654
2 1 2 3990 7682
1 2
2 1 3 990 8262 8580
2 1 2 1048 11094
1 1 3 991 1537 9760
1 2
2 1 3 995 5234 5236
2 1 2 5235 7821
1 5
2 2
3 1 4 997 2292 2293 7241
3 1 2 6694 7240
2 1 4 1665 2517 6448 8888
2 1 2 1666 7242
2 1 3 1667 1821 6447
2 1 3 1668 5516 7165
1 1 4 999 1000 1775 1864
1 1 2 1010 1788
1 1 3 1012 3353 7004
1 1 3 1017 2003 11188
1 3
2 1 3 1024 1808 3280
2 1 3 1809 3915 6952
2 1 2 4224 10502
1 1 2 1029 8513
1 1 2 1030 2953
1 1 3 1031 1032 5706
1 1 4 1033 1321 5565 10504
1 1 3 1034 1035 5258
1 1 2 1036 3558
1 1 3 1037 1634 4382
1 2
2 1 2 1038 6138
2 1 2 3511 3512
1 1 2 1040 10648
1 2
2 1 2 1043 9708
2 1 2 7785 10492
1 1 3 1044 5398 6137
1 4
2 1 2 1046 3284
2 2
3 1 2 2317 2320
3 1 2 2319 2321
2 1 2 2318 2322
2 1 2 2323 9562
1 2
2 1 3 1047 10168 10624
2 1 3 6103 9047 10167
1 1 2 1050 7960
1 2
2 1 3 1051 4252 5550
2 1 2 3885 6282
1 1 3 1052 2397 7412
1 1 3 1053 1054 4911
1 2
2 1 2 1056 1261
2 1 2 9375 10381
1 5
2 1 3 1060 5091 10603
2 1 5 8479 10577 10583 10584 10613
2 1 2 10582 10611
2 2
3 1 2 10594 10598
3 1 2 10597 10621
2 1 4 10610 10614 10615 10620
1 5
2 1 2 1062 9446
2 2
3 1 3 2467 9435 9448
3 1 3 9437 9438 9440
2 2
3 1 2 5985 10692
3 1 2 9445 9447
2 1 3 9436 9442 9449
2 2
3 1 3 9439 9443 9450
3 1 3 9444 9480 9481
1 2
2 1 2 1063 7668
2 1 4 1777 3543 4964 4965
1 1 2 1065 2598
1 8
2 1 3 1073 3430 4013
2 1 3 2295 6723 8883
2 4
3 1 3 2296 4315 5011
3 1 2 3431 4314
3 1 2 3884 11153
3 1 2 4316 6411
2 1 2 4157 4317
2 1 2 4318 4825
2 1 2 4821 6511
2 1 2 4823 6510
2 1 3 4824 7303 8790
1 2
2 1 2 1076 6698
2 1 2 6746 8877
1 1 4 1079 3414 3415 10590
1 1 7 1081 2664 5637 6087 6733 8465 8535
1 1 4 1082 3201 5345 8885
1 2
2 1 3 1085 1944 3650
2 1 3 1945 3486 3487
1 1 3 1086 1700 4619
1 1 4 1088 2416 2417 3395
1 1 2 1089 3773
1 1 2 1092 1093
1 3
2 2
3 1 2 1094 5556
3 1 2 1539 8957
2 1 4 1797 8202 9329 9394
2 1 3 5479 7892 9324
1 1 3 1095 4177 11047
1 2
2 1 2 1096 4395
2 1 2 1097 4394
1 5
2 2
3 1 2 1098 4901
3 1 2 4000 6734
2 2
3 1 3 1636 1639 2765
3 1 2 2764 5559
2 1 3 1637 3690 7169
2 1 4 1638 4451 5554 5786
2 1 2 3688 5553
1 1 2 1102 6343
1 1 3 1103 4280 7362
1 1 3 1104 1105 9474
1 3
2 1 3 1106 7969 9030
2 1 3 5455 6675 7968
2 1 3 7759 7760 7966
1 4
2 1 3 1107 2123 2300
2 1 4 1933 2119 3713 4285
2 1 3 2120 3046 5882
2 1 2 2121 7441
1 3
2 1 4 1108 1895 7145 11084
2 1 2 1109 1110
2 1 3 1262 1896 9386
1 5
2 2
3 1 3 1111 9777 10850
3 1 3 2918 4757 4957
2 2
3 1 4 1627 4404 8868 8869
3 1 3 7815 8860 9807
2 3
3 1 2 2364 8861
3 1 2 8019 8021
3 1 2 8020 10392
2 2
3 1 4 2365 4403 4758 7814
3 1 2 7119 10563
2 1 2 4759 4760
1 3
2 1 2 1115 4024
2 1 2 1116 11104
2 1 2 1829 1830
1 1 3 1119 5135 7756
1 1 4 1121 1722 1723 7876
1 1 3 1124 2851 9172
1 1 2 1133 6006
1 3
2 1 3 1146 1147 1599
2 1 4 1595 1972 3465 3466
2 1 3 1597 3463 4363
1 1 3 1151 8363 8364
1 1 5 1152 2547 3144 3145 8537
1 1 4 1153 1154 5317 7414
1 3
2 1 4 1155 1340 1341 9659
2 1 2 2548 2549
2 1 2 6552 7289
1 1 3 1160 1161 6314
1 2
2 1 2 1162 7605
2 1 3 1175 5591 6408
1 4
2 1 3 1163 1170 1751
2 1 2 1182 7286
2 1 2 1750 10439
2 1 3 2777 4372 6858
1 4
2 1 3 1164 1166 1167
2 1 2 2025 6319
2 1 3 2026 4756 6867
2 1 2 5230 5301
1 2
2 1 3 1165 1953 5560
2 2
3 1 2 1441 1444
3 1 2 1442 1443
1 1 4 1168 2201 7284 11215
1 1 2 1169 3695
1 1 4 1171 9123 9124 9125
1 1 2 1173 8892
1 1 3 1177 6548 9127
1 1 2 1178 6985
1 1 2 1179 4681
1 1 3 1180 1485 2808
1 2
2 1 2 1181 3792
2 1 2 1183 1481
1 1 3 1184 3439 5531
1 2
2 1 2 1185 8478
2 1 2 4530 7718
1 1 2 1187 6568
1 1 3 1192 1429 4021
1 3
2 1 2 1194 4034
2 1 3 1827 5737 6470
2 1 3 4206 4935 5082
1 1 2 1200 8912
1 1 3 1201 4299 7600
1 1 3 1203 3308 7481
1 4
2 1 2 1205 10417
2 1 3 1209 1782 6061
2 1 2 2060 7283
2 1 2 6587 10446
1 2
2 1 4 1206 1210 1211 7317
2 1 2 6692 9514
1 2
2 1 2 1207 9283
2 1 2 1208 11146
1 2
2 1 4 1212 10033 10257 11141
2 1 3 3547 4428 5340
1 3
2 1 3 1213 1216 11077
2 1 2 1214 1217
2 1 2 5980 9720
1 1 5 1215 3340 5644 6477 8068
1 1 2 1218 10281
1 2
2 1 2 1219 5369
2 1 2 2533 5368
1 1 4 1220 1942 4500 5908
1 3
2 1 3 1221 1224 4812
2 1 2 1222 5532
2 1 2 1414 3088
1 1 3 1223 4944 8292
1 1 3 1225 1226 1655
1 1 2 1227 10334
1 2
2 1 2 1228 10963
2 1 2 5484 5485
1 3
2 1 2 1230 3207
2 1 2 2473 5760
2 1 3 3115 3367 8560
1 1 3 1241 1242 4970
1 2
2 2
3 1 2 1243 1536
3 1 2 1249 6348
2 1 3 1247 1248 5138
1 1 3 1246 4592 4593
1 2
2 1 2 1250 8441
2 1 2 1251 1445
1 2
2 1 4 1252 6433 6434 7080
2 1 3 4774 9079 9081
1 1 3 1254 9899 9934
1 1 4 1258 3818 3819 8374
1 4
2 2
3 1 3 1259 4301 9940
3 1 2 1436 9843
2 1 4 1435 7290 8188 9935
2 1 3 2846 7291 9937
2 1 3 3298 9936 9938
1 1 3 1263 5031 9070
1 1 2 1266 8392
1 1 2 1269 8358
1 1 3 1273 3302 5162
1 2
2 1 2 1274 9175
2 1 3 3576 3577 4267
1 1 2 1275 6192
1 1 2 1277 7926
1 1 2 1284 7443
1 3
2 1 3 1285 3364 3365
2 1 3 1286 2595 3362
2 1 3 1541 7257 7617
1 1 3 1287 3845 5474
1 1 3 1288 8103 8604
1 2
2 1 2 1289 9293
2 1 2 4319 6917
1 1 2 1290 1291
1 3
2 1 3 1292 4412 9087
2 1 3 5293 7081 7082
2 1 2 9085 9086
1 1 2 1294 4097
1 3
2 1 2 1295 1917
2 1 3 1297 1300 6671
2 1 3 1298 1303 7215
1 2
2 1 2 1296 7176
2 1 2 1918 2116
1 1 3 1301 3253 6894
1 1 2 1302 8386
1 1 2 1307 2479
1 1 2 1308 6770
1 2
2 1 4 1309 3888 6466 8847
2 1 2 1310 8767
1 2
2 1 2 1311 3259
2 1 2 3257 3258
1 1 3 1313 3500 7209
1 7
2 1 3 1315 7251 10408
2 1 3 1473 5901 7836
2 1 3 2373 6942 7250
2 1 4 4380 5209 8085 10402
2 1 3 4627 6227 6938
2 3
3 1 2 6122 7243
3 1 2 6486 10404
3 1 2 10401 10409
2 1 2 6219 7906
1 1 2 1316 6117
1 2
2 1 2 1317 10929
2 1 3 1578 1581 8083
1 1 3 1318 1794 4270
1 1 3 1319 4501 4502
1 1 3 1320 5176 6173
1 2
2 1 2 1323 6691
2 1 2 4769 5020
1 1 3 1324 2514 4123
1 1 4 1327 1329 7647 11243
1 2
2 1 3 1330 5734 7541
2 1 2 5739 7255
1 2
2 2
3 1 3 1332 1333 2442
3 1 2 1335 3828
2 1 3 1334 2441 7086
1 1 2 1336 3322
1 1 2 1337 1338
1 1 3 1342 1343 1344
1 1 2 1345 6597
1 1 3 1346 5290 7311
1 1 2 1347 3154
1 1 2 1348 10981
1 2
2 2
3 1 2 1349 2719
3 1 2 4196 11133
2 1 3 1961 2361 4195
1 1 3 1350 4533 8921
1 2
2 1 4 1353 2747 3181 7367
2 1 4 1354 1355 1498 7910
1 2
2 1 2 1359 11257
2 1 2 2354 4686
1 3
2 1 3 1360 1362 5288
2 1 3 1746 4646 7409
2 1 2 7235 8206
1 3
2 1 2 1361 7007
2 1 2 1364 11028
2 1 2 5158 7624
1 1 4 1365 3093 3094 4989
1 1 3 1366 8100 10349
1 1 3 1367 2709 6966
1 2
2 1 2 1368 5081
2 1 4 2044 3304 3305 9038
1 2
2 1 3 1370 2828 3580
2 1 3 1376 1377 5473
1 1 2 1371 4839
1 2
2 1 3 1372 7214 8107
2 1 3 1373 7795 8166
1 1 2 1374 6068
1 2
2 1 2 1375 8066
2 1 2 2839 4133
1 1 3 1378 7639 11249
1 1 2 1379 1951
1 2
2 1 4 1383 4129 4131 4471
2 1 3 4128 4130 4472
1 1 2 1384 3195
1 1 2 1385 6837
1 1 2 1388 3803
1 1 2 1390 5271
1 1 3 1391 8138 8893
1 1 2 1394 6951
1 1 2 1395 6040
1 1 3 1397 1476 7543
1 2
2 1 3 1402 1814 7695
2 1 2 4138 7694
1 2
2 1 3 1403 4083 10831
2 1 3 4641 4642 4802
1 1 3 1404 1405 2143
1 1 2 1408 3585
1 1 2 1410 2499
1 2
2 1 2 1411 10467
2 1 3 1412 1852 10466
1 2
2 1 2 1413 3387
2 1 2 4771 6781
1 3
2 1 2 1416 10531
2 1 2 1418 7606
2 1 2 2794 4618
1 1 5 1417 2916 2992 2993 2994
1 1 3 1419 5988 6387
1 1 3 1420 10695 10696
1 1 3 1422 2057 11251
1 1 3 1423 10362 10364
1 1 2 1424 7990
1 2
2 1 3 1425 10513 11021
2 1 4 2690 3615 11019 11020
1 1 2 1427 2206
1 1 3 1428 1430 4022
1 2
2 1 2 1432 6912
2 1 2 2122 7838
1 1 3 1433 6012 7486
1 2
2 1 2 1434 3176
2 1 2 2246 4540
1 1 3 1447 1448 4727
1 1 2 1449 10628
1 1 2 1451 5049
1 1 4 1452 1669 10867 10883
1 7
2 1 2 1455 9812
2 2
3 1 3 2668 8408 9817
3 1 3 8407 9815 9816
2 2
3 1 2 3831 9814
3 1 2 8389 8402
2 1 3 5206 6014 9320
2 2
3 1 5 5674 6017 8558 9810 9811
3 1 3 6022 8409 9319
2 1 2 6013 9813
2 1 2 6021 9809
1 1 3 1457 1458 4345
1 1 3 1459 2863 8182
1 1 4 1460 4977 4979 7988
1 1 2 1461 7088
1 1 3 1462 1463 3256
1 1 5 1465 2330 3518 10013 10014
1 1 3 1467 2726 6959
1 1 2 1468 3956
1 1 3 1470 6081 6083
1 1 4 1472 1988 5954 9876
1 2
2 1 2 1475 9432
2 1 2 1478 8005
1 1 3 1477 9525 11095
1 1 4 1479 1916 4634 4818
1 1 3 1480 1484 3151
1 3
2 1 3 1482 2180 3554
2 1 3 1483 4765 6023
2 1 2 2263 10922
1 3
2 1 3 1486 3707 7858
2 1 3 3708 6528 6863
2 1 2 5360 6240
1 1 2 1487 1488
1 1 3 1489 5073 5074
1 1 2 1490 4028
1 2
2 1 2 1491 8279
2 1 3 9392 9393 9521
1 1 3 1492 1493 1877
1 2
2 1 3 1496 6176 7537
2 1 2 5625 5626
1 2
2 1 2 1497 11052
2 1 2 10788 10789
1 2
2 1 3 1499 9207 9218
2 1 3 2619 9262 9264
1 1 2 1500 5052
1 1 2 1501 9566
1 2
2 1 2 1502 1503
2 1 2 6672 8778
1 1 2 1506 5048
1 1 3 1507 3768 9060
1 2
2 1 2 1509 2146
2 1 2 2147 10874
1 1 3 1511 3609 5170
1 2
2 2
3 1 2 1518 2834
3 1 2 2422 2833
2 1 4 2421 3281 5687 5688
1 2
2 1 2 1521 5252
2 1 2 6419 6962
1 3
2 1 3 1522 3311 9665
2 1 2 2192 9542
2 1 2 2194 8135
1 1 2 1523 7641
1 1 3 1526 7334 7361
1 1 5 1533 3553 6714 6715 8153
1 1 3 1534 1855 2372
1 1 2 1535 4980
1 1 3 1538 8367 10964
1 1 5 1542 7085 7959 8015 9216
1 1 3 1543 7233 8424
1 3
2 2
3 1 2 1544 3375
3 1 3 3376 5118 8252
2 3
3 1 2 2380 5120
3 1 2 4467 5119
3 1 2 8480 8481
2 1 2 7115 9369
1 1 3 1545 2242 9335
1 1 5 1547 3526 3527 3528 8347
1 1 3 1548 6152 6680
1 1 4 1555 1646 1838 5957
1 1 3 1556 1964 4241
1 1 2 1557 8329
1 1 2 1558 4058
1 1 2 1559 2811
1 1 3 1563 2556 3100
1 2
2 1 2 1571 4610
2 1 4 1752 4947 6455 8154
1 1 2 1573 6695
1 2
2 1 2 1574 1848
2 1 3 1886 2387 7613
1 2
2 1 2 1575 1577
2 1 3 1576 2388 7614
1 1 2 1579 1580
1 1 2 1583 9103
1 2
2 1 2 1588 8008
2 1 2 3147 10993
1 1 2 1589 2864
1 2
2 1 3 1591 4599 7495
2 1 4 6725 6726 7496 7497
1 1 3 1592 4182 5312
1 5
2 1 2 1593 7927
2 1 2 3065 7886
2 1 2 3886 4581
2 1 2 5313 5888
2 1 2 5887 6217
1 1 3 1594 5194 7801
1 1 2 1606 8180
1 1 2 1609 6469
1 1 3 1610 5406 7333
1 3
2 1 2 1612 4490
2 1 2 3058 3742
2 1 3 4441 4489 4491
1 1 3 1613 1614 1615
1 2
2 1 2 1616 5675
2 1 2 8445 8446
1 2
2 1 2 1618 3830
2 1 3 4869 5824 7421
1 1 3 1623 5572 5922
1 3
2 2
3 1 3 1628 1629 5350
3 1 2 1765 6196
2 1 3 1763 1764 7048
2 1 3 3955 7020 8977
1 1 3 1630 1631 4170
1 1 2 1632 9576
1 2
2 1 3 1633 4051 5895
2 1 2 3062 3063
1 3
2 1 2 1635 5143
2 1 3 3769 5141 5142
2 1 2 3770 10138
1 1 3 1640 7060 7693
1 1 2 1641 3952
1 2
2 1 2 1642 9359
2 1 2 7916 8131
1 1 3 1643 4297 7536
1 1 3 1644 9602 9632
1 2
2 1 2 1645 8222
2 1 2 4178 8236
1 4
2 1 3 1648 5281 7855
2 1 2 1970 5282
2 1 2 2685 3251
2 1 3 4019 7676 7677
1 2
2 1 3 1649 1653 1654
2 1 2 1652 3045
1 1 2 1650 7462
1 3
2 1 2 1651 10647
2 1 2 3018 6571
2 1 3 4963 5105 8097
1 1 4 1661 6971 7461 8461
1 1 4 1674 2492 2493 10873
1 3
2 1 4 1676 6495 9296 11043
2 1 3 1909 1910 1911
2 1 5 4998 7504 9294 9295 9919
1 1 2 1677 3717
1 4
2 1 3 1678 6719 10298
2 1 3 1974 3780 7237
2 1 2 3559 3778
2 1 2 7940 8014
1 1 2 1682 1683
1 1 5 1687 1688 4822 6737 7967
1 1 3 1689 2646 7539
1 3
2 1 2 1690 7551
2 1 3 4457 5989 7707
2 1 2 4458 7708
1 2
2 1 4 1691 1692 6515 7709
2 1 2 4046 10318
1 2
2 1 4 1694 10520 10521 10522
2 1 3 2791 10363 10528
1 1 3 1695 4311 11089
1 1 2 1696 4955
1 3
2 1 2 1697 6128
2 1 2 1698 1699
2 1 2 1701 6127
1 3
2 1 2 1702 6482
2 1 2 1703 8297
2 1 3 5185 5186 6481
1 2
2 1 3 1705 4342 6931
2 1 2 3269 11107
1 1 3 1706 6344 7134
1 1 4 1707 7211 10447 10933
1 3
2 1 3 1709 6800 8234
2 1 2 1711 11108
2 1 2 8233 9420
1 1 3 1710 3944 3945
1 1 4 1712 2783 2784 3521
1 2
2 1 3 1713 2999 3000
2 1 3 2997 2998 7074
1 4
2 1 2 1714 4916
2 1 4 1715 2966 4244 4917
2 1 2 3001 6461
2 1 2 6463 9429
1 1 3 1716 1717 4291
1 2
2 1 2 1720 7542
2 1 2 1721 8633
1 2
2 1 4 1724 3307 4242 5547
2 1 3 5968 8680 8681
1 1 2 1726 3672
1 1 3 1727 1728 5514
1 2
2 1 2 1731 8288
2 1 2 1732 3418
1 1 2 1734 4589
1 1 3 1735 3555 10291
1 1 3 1736 8462 8463
1 1 4 1738 4419 8139 10451
1 3
2 1 3 1739 10290 11080
2 1 3 1740 4713 6220
2 1 4 4499 4714 5131 5132
1 6
2 2
3 1 3 1741 10920 11082
3 1 3 8785 10921 11081
2 1 3 5071 5931 6919
2 1 3 5929 6009 6244
2 1 2 5930 6008
2 1 2 8782 8784
2 1 2 8786 8787
1 2
2 1 2 1744 10950
2 1 2 4753 7187
1 1 3 1747 1748 1749
1 3
2 1 2 1755 3480
2 1 3 2276 6416 6655
2 1 2 8986 10542
1 2
2 1 2 1766 3019
2 1 2 2872 4483
1 1 2 1767 4257
1 1 2 1768 2182
1 1 3 1770 1771 1772
1 1 4 1773 2755 5037 9365
1 2
2 1 2 1776 3329
2 1 2 6209 8554
1 1 4 1778 3291 6449 7044
1 1 2 1780 11145
1 1 6 1784 8758 8973 9620 10461 10872
1 2
2 1 2 1785 2345
2 1 2 2947 2948
1 4
2 1 2 1787 8469
2 2
3 1 3 2138 8473 8972
3 1 2 8471 8474
2 1 3 8458 8470 8476
2 1 2 8475 8592
1 1 3 1791 6060 8545
1 1 4 1793 3148 3608 4896
1 1 2 1795 11087
1 1 4 1796 3492 3493 3494
1 1 2 1799 2649
1 4
2 1 2 1806 3275
2 1 2 3274 6420
2 1 2 3276 6421
2 1 2 6423 10982
1 1 2 1807 8561
1 2
2 1 3 1810 4524 8929
2 1 2 8895 8930
1 1 3 1812 3417 4045
1 1 2 1819 6974
1 1 4 1820 6430 6975 7149
1 2
2 1 2 1823 4707
2 1 2 5998 6536
1 1 2 1826 5213
1 1 2 1831 8165
1 3
2 1 2 1836 3321
2 1 3 1987 5302 7446
2 1 3 2267 3320 6845
1 3
2 1 2 1837 5358
2 1 2 2931 3081
2 1 2 3080 6330
1 2
2 2
3 1 2 1841 7903
3 1 2 9873 9911
2 1 3 4666 9880 9930
1 3
2 1 3 1842 1844 8547
2 1 2 1843 7339
2 1 2 6186 6807
1 1 3 1845 1846 7748
1 1 2 1847 5732
1 1 3 1849 1850 7349
1 1 3 1851 5910 5911
1 1 3 1856 6987 8009
1 1 3 1857 4219 4716
1 3
2 1 3 1860 7175 7256
2 1 3 1861 2522 6462
2 1 2 1862 6788
1 2
2 1 4 1870 5352 6979 7514
2 2
3 1 2 4327 4921
3 1 2 6978 7433
1 4
2 2
3 1 2 1872 4326
3 1 2 4240 9174
2 1 2 2103 5648
2 1 2 2280 9488
2 1 3 9178 9543 9646
1 2
2 1 3 1875 3198 7153
2 1 2 7042 9491
1 1 3 1878 3811 3816
1 1 2 1881 3873
1 2
2 1 3 1882 8850 8852
2 1 2 7101 8851
1 3
2 1 2 1885 8939
2 1 3 6191 8938 8942
2 1 2 8940 8941
1 2
2 1 3 1904 4462 5694
2 1 3 3444 9061 10357
1 1 2 1905 1906
1 3
2 1 5 1912 1914 5511 5747 11044
2 2
3 1 3 1913 7328 8304
3 1 2 5793 5961
2 1 2 4797 5590
1 2
2 1 2 1915 9925
2 1 3 5862 9926 9927
1 3
2 1 2 1919 4116
2 1 2 2118 4115
2 1 2 4114 4117
1 2
2 1 2 1920 10005
2 1 3 4020 9981 9986
1 1 3 1923 7197 8016
1 1 4 1924 3164 3166 3243
1 3
2 1 3 1925 4519 4521
2 1 2 3477 4518
2 1 2 4520 6569
1 1 2 1926 5513
1 2
2 1 2 1927 3984
2 1 2 1928 6881
1 2
2 1 3 1929 1931 7880
2 1 2 2494 8320
1 1 2 1934 10997
1 1 2 1935 5196
1 1 2 1938 8555
1 2
2 1 3 1939 1940 1979
2 1 2 2209 4724
1 1 2 1941 7782
1 2
2 1 3 1943 4077 7111
2 1 2 2904 7110
1 5
2 1 3 1946 9569 9573
2 1 3 5208 8403 9574
2 1 3 6102 9568 9571
2 1 2 9433 9479
2 1 3 9570 9572 9598
1 2
2 1 2 1947 6265
2 1 2 4539 4817
1 1 4 1948 3252 4691 8082
1 3
2 1 2 1949 10081
2 1 2 1950 10813
2 1 2 2634 2635
1 3
2 1 4 1952 3895 7775 7776
2 1 2 3551 7444
2 1 2 6086 10403
1 1 2 1954 1955
1 1 4 1956 2400 2401 3022
1 1 3 1957 8010 9050
1 2
2 1 2 1960 2647
2 1 2 1963 6456
1 1 3 1965 3344 4573
1 2
2 1 4 1966 1967 10841 10842
2 1 2 8965 10840
1 1 3 1971 10757 10804
1 1 3 1973 2695 7780
1 1 3 1981 7321 7920
1 1 2 1984 8960
1 2
2 1 2 1986 6038
2 1 3 2126 4279 7545
1 2
2 1 2 1995 9015
2 1 4 4972 7893 8631 8636
1 1 4 1996 4386 7869 9982
1 1 3 1998 3416 11183
1 1 4 2000 8369 11191 11193
1 1 2 2001 4106
1 1 3 2002 5755 6976
1 1 2 2005 8927
1 1 2 2008 4180
1 1 4 2009 6544 6545 9540
1 2
2 1 3 2010 2677 2678
2 1 3 2011 2676 2837
1 3
2 1 4 2013 2014 10468 10479
2 1 3 3196 7427 10143
2 1 2 4273 6337
1 1 2 2027 10949
1 2
2 1 2 2028 2482
2 1 2 7596 9205
1 1 2 2029 3110
1 1 2 2030 2031
1 1 2 2033 5801
1 1 5 2034 2035 6310 6745 11176
1 1 2 2036 8181
1 1 2 2037 2038
1 4
2 2
3 1 3 2039 2047 10888
3 1 3 2041 10887 10896
2 1 3 2043 2045 3470
2 2
3 1 2 2048 2049
3 1 3 5628 6533 10889
2 2
3 1 3 5033 10415 10890
3 1 2 10891 10892
1 1 3 2040 10885 10886
1 1 5 2051 2052 4096 4801 6458
1 1 2 2056 6450
1 1 2 2058 5643
1 1 3 2062 2213 9428
1 1 4 2066 2224 2480 3523
1 2
2 1 2 2068 2069
2 1 2 2392 11209
1 1 3 2070 2071 11150
1 1 3 2072 10144 10928
1 1 4 2076 3504 4146 4527
1 1 3 2084 6094 9853
1 2
2 1 2 2086 6958
2 1 2 6508 6509
1 2
2 1 3 2093 4624 5435
2 1 2 2094 7424
1 1 3 2095 3361 5499
1 1 3 2096 2687 6579
1 1 2 2098 8143
1 2
2 1 4 2100 10038 10061 10086
2 1 2 10085 10092
1 1 2 2104 2105
1 1 3 2106 4463 6892
1 6
2 1 3 2107 4068 10801
2 1 2 3985 5445
2 1 3 5442 9051 9058
2 1 3 5443 7950 9016
2 1 3 5444 5446 9024
2 1 3 9021 9025 10660
1 1 4 2108 2109 2111 4478
1 1 2 2112 11113
1 4
2 1 3 2113 2731 5354
2 1 2 2346 2729
2 1 3 2728 2732 2734
2 1 2 2730 2733
1 1 4 2115 2778 2779 6701
1 1 3 2117 3337 3338
1 2
2 1 2 2127 2130
2 1 2 2128 2129
1 1 3 2132 4933 4934
1 1 3 2133 4583 6002
1 1 2 2134 4582
1 3
2 1 2 2135 8792
2 1 3 2136 2301 3740
2 1 3 2411 5007 7532
1 1 2 2137 7170
1 1 3 2145 6589 7275
1 4
2 1 2 2148 4375
2 1 2 5836 6685
2 1 2 5935 7589
2 1 2 7820 7934
1 2
2 1 4 2149 5309 5310 7938
2 1 2 2245 7963
1 1 3 2150 9312 9744
1 1 3 2153 3008 9368
1 1 2 2155 9835
1 1 2 2156 2449
1 1 2 2157 5004
1 1 3 2158 4558 8306
1 1 2 2159 4094
1 1 3 2163 5376 6246
1 1 2 2164 4772
1 2
2 1 3 2166 5377 9298
2 1 2 6287 7052
1 1 3 2184 4525 4526
1 1 4 2193 3143 6256 6257
1 1 2 2195 7432
1 1 2 2199 8193
1 2
2 1 2 2200 5021
2 1 2 6920 7008
1 1 2 2202 7962
1 1 2 2203 2352
1 1 2 2204 5557
1 2
2 1 2 2205 5130
2 1 2 5023 6126
1 1 2 2210 2957
1 1 2 2214 5765
1 1 3 2215 2219 11187
1 1 3 2216 7520 8080
1 2
2 1 2 2217 7732
2 1 2 7136 7137
1 1 2 2222 6887
1 2
2 1 4 2223 6828 9963 9966
2 1 2 6827 9978
1 1 2 2232 4946
1 1 2 2233 2375
1 1 3 2234 2235 7213
1 1 4 2236 5134 5501 7789
1 1 2 2238 3446
1 2
2 1 4 2239 4245 5914 6514
2 1 3 7459 10733 11010
1 1 2 2244 5548
1 3
2 1 3 2253 8586 8590
2 1 3 4306 4784 4785
2 1 3 6846 8589 8591
1 1 2 2258 6970
1 1 2 2260 5782
1 1 2 2261 7475
1 2
2 1 2 2265 2406
2 1 2 2407 4098
1 2
2 1 2 2268 5693
2 1 2 5517 11256
1 1 3 2269 4827 8350
1 1 2 2271 11154
1 1 2 2272 2273
1 1 2 2274 7258
1 2
2 1 2 2277 3108
2 1 3 2524 2525 8774
1 1 3 2278 2399 2402
1 1 3 2284 6640 9862
1 1 3 2285 4440 7997
1 1 3 2286 3067 9129
1 2
2 1 3 2289 4580 9591
2 1 2 3404 7764
1 1 4 2298 2303 2305 2307
1 2
2 1 2 2299 9072
2 1 2 3426 3427
1 1 2 2302 7167
1 1 3 2304 4613 11218
1 1 5 2312 6396 10379 10965 11055
1 1 2 2315 5614
1 1 3 2316 9892 9893
1 1 3 2324 3839 4567
1 1 4 2329 5117 11128 11224
1 1 3 2331 3653 3654
1 3
2 1 3 2334 10634 11241
2 1 2 7498 10633
2 1 3 9006 10667 10668
1 1 3 2335 2336 7524
1 1 2 2337 4286
1 1 3 2339 5587 7664
1 3
2 1 4 2340 3105 3106 11005
2 2
3 1 2 2341 5028
3 1 2 2773 5025
2 1 2 9379 9382
1 1 4 2342 6604 6605 6992
1 1 3 2344 6171 9575
1 1 3 2348 2350 8366
1 1 3 2349 2351 7811
1 1 3 2353 3095 3481
1 1 4 2355 5829 5830 9183
1 1 2 2362 2363
1 1 6 2366 2367 4561 6139 9247 11158
1 1 4 2371 3310 4236 6897
1 1 3 2384 4512 6638
1 2
2 1 4 2385 2491 7025 7899
2 1 3 9610 9617 9619
1 2
2 1 3 2386 2523 10936
2 1 2 5482 7450
1 1 2 2393 8736
1 1 2 2394 5859
1 2
2 1 3 2396 10388 10389
2 1 2 10390 10391
1 1 2 2403 2404
1 2
2 1 3 2408 2410 8625
2 1 3 2409 3951 8624
1 1 3 2412 3167 6928
1 2
2 1 2 2413 9627
2 1 3 4971 9363 9613
1 1 2 2414 6986
1 3
2 1 2 2415 10117
2 1 3 4360 10385 10386
2 1 2 5923 10387
1 2
2 1 2 2424 2425
2 1 2 2427 4349
1 2
2 1 2 2426 9900
2 1 2 2812 8789
1 1 3 2428 8362 8556
1 2
2 1 3 2432 3366 8673
2 1 2 8813 8814
1 1 3 2433 6123 6389
1 12
2 1 3 2434 8757 10983
2 1 3 3948 10578 10918
2 1 2 3949 10977
2 2
3 1 4 3950 9715 9722 9724
3 1 2 9723 9727
2 1 4 4324 4645 8630 9821
2 1 2 5640 9822
2 1 2 6347 7871
2 1 4 7116 8676 9749 9772
2 2
3 1 3 8671 8672 9769
3 1 2 9721 9755
2 1 3 9725 9750 10976
2 1 2 9726 9771
2 1 2 9753 9770
1 1 3 2435 3010 10393
1 1 2 2436 2437
1 4
2 1 2 2439 7774
2 2
3 1 2 3525 6457
3 1 2 3668 3671
2 1 3 3669 3670 6179
2 1 2 5645 6761
1 2
2 1 2 2440 7323
2 1 2 4332 6088
1 2
2 1 3 2444 2445 3876
2 1 2 2446 8552
1 1 2 2448 7478
1 2
2 1 2 2450 6059
2 1 2 3863 7583
1 2
2 1 2 2451 4272
2 1 2 6328 11101
1 1 3 2452 2894 4203
1 1 3 2455 8615 11085
1 1 3 2458 3502 9773
1 2
2 1 3 2459 2484 6617
2 1 2 3561 5500
1 1 3 2460 2462 9638
1 2
2 1 3 2461 5498 6760
2 1 2 7147 11065
1 2
2 1 2 2463 3473
2 1 3 3699 5396 6822
1 3
2 1 2 2468 3268
2 1 2 4134 6441
2 1 3 6442 8328 8330
1 1 2 2469 11246
1 3
2 1 2 2475 3071
2 1 2 2932 2938
2 1 2 2933 8451
1 4
2 1 3 2476 10249 10274
2 1 3 5078 10248 10254
2 2
3 1 3 10246 10250 10252
3 1 2 10247 10270
2 1 3 10272 10273 10275
1 2
2 1 3 2477 8447 8448
2 1 3 2478 7346 8449
1 1 4 2481 4925 4926 4928
1 2
2 1 2 2485 4078
2 1 3 5897 6157 7307
1 1 3 2487 6074 7830
1 1 3 2488 5754 6787
1 2
2 1 2 2490 4370
2 1 2 3548 5875
1 1 3 2495 3837 8949
1 2
2 1 4 2503 10063 10064 10065
2 1 2 10062 10119
1 1 2 2505 3685
1 2
2 1 3 2506 5778 10087
2 1 2 2804 11123
1 3
2 1 3 2507 3325 6333
2 1 2 6995 7208
2 1 2 10036 10037
1 1 2 2509 7976
1 1 3 2510 2521 2937
1 1 3 2511 2672 3716
1 1 4 2515 7028 8385 10657
1 1 3 2520 3860 5269
1 1 2 2531 4079
1 1 2 2532 9875
1 1 4 2539 8770 8771 8772
1 1 3 2543 2544 2785
1 1 2 2545 5892
1 1 3 2546 3743 7091
1 1 3 2550 8415 10361
1 1 3 2554 2555 5470
1 4
2 1 3 2557 3656 3889
2 1 2 2558 10718
2 1 2 3655 8065
2 1 3 3890 7738 10715
1 1 4 2560 7448 9010 9012
1 1 2 2564 10395
1 1 4 2568 2569 2771 5168
1 2
2 1 3 2570 3556 5349
2 1 2 5530 6381
1 1 2 2571 7616
1 1 2 2574 6809
1 3
2 1 4 2578 2580 3127 5964
2 1 2 2579 11032
2 1 2 2581 3698
1 1 5 2582 4427 6437 8744 10047
1 1 3 2589 5254 6735
1 1 5 2592 9230 9231 9232 9233
1 2
2 1 2 2593 4889
2 1 2 3315 3316
1 1 3 2594 8375 8376
1 1 4 2596 3294 7607 7608
1 1 3 2597 6668 6669
1 1 3 2606 7564 10708
1 1 3 2610 4820 7225
1 3
2 1 3 2613 5180 5279
2 1 5 2741 5179 5277 5280 6262
2 1 2 5085 5278
1 4
2 1 3 2618 8563 8570
2 1 3 5515 8566 9551
2 1 3 8564 8565 8567
2 1 2 8568 8569
1 3
2 1 2 2620 6558
2 1 2 3643 6557
2 1 2 7761 9046
1 1 2 2622 5632
1 1 3 2623 2624 4835
1 1 3 2625 3397 7602
1 1 4 2626 3324 5032 6532
1 1 2 2627 4877
1 1 4 2628 2629 3882 4371
1 1 4 2632 5010 8092 8146
1 1 2 2638 2639
1 1 3 2644 2645 3644
1 1 4 2650 6522 8962 10602
1 2
2 1 2 2653 6769
2 1 2 4136 5913
1 3
2 2
3 1 2 2657 9280
3 1 3 9272 9274 9275
2 2
3 1 3 8309 9271 9278
3 1 3 8310 8679 9281
2 1 2 9276 9279
1 2
2 1 2 2660 3156
2 1 3 6324 6325 7555
1 1 4 2665 3777 6866 11140
1 1 3 2666 4124 9462
1 2
2 1 2 2669 3584
2 1 2 2670 2888
1 1 3 2673 2674 7384
1 4
2 1 3 2675 4189 4191
2 1 3 4190 8167 10986
2 1 2 4192 4815
2 1 3 5906 6288 6289
1 1 3 2679 6573 8499
1 1 2 2680 2681
1 1 5 2683 6202 9228 9229 9476
1 1 2 2684 4891
1 1 3 2689 7917 10988
1 1 2 2691 6622
1 3
2 2
3 1 2 2696 7471
3 1 2 5051 6907
2 1 4 6085 6910 6911 10580
2 1 2 8378 10600
1 1 2 2698 7262
1 1 2 2699 9322
1 3
2 1 4 2700 4556 5084 5480
2 1 2 2867 10295
2 1 2 4110 9790
1 1 2 2703 9361
1 2
2 1 2 2711 10972
2 1 2 4658 11024
1 3
2 2
3 1 3 2716 5375 8044
3 1 2 4782 9330
2 1 2 5328 9328
2 1 3 7351 7964 8045
1 1 3 2720 3686 8094
1 1 3 2721 3846 7572
1 2
2 1 3 2739 5534 6109
2 1 2 7853 9939
1 1 2 2740 4700
1 2
2 1 4 2743 3865 5787 11031
2 1 2 4139 5481
1 1 2 2745 4792
1 1 2 2748 3491
1 1 3 2749 3721 4473
1 3
2 1 3 2750 9578 9581
2 1 2 5333 5519
2 1 2 8916 8918
1 1 4 2751 4535 4538 5483
1 4
2 2
3 1 4 2753 5769 5771 8164
3 1 2 4300 5770
2 1 2 2905 4248
2 1 3 5592 6865 8355
2 1 3 6572 6864 10556
1 3
2 1 2 2754 10099
2 1 2 7476 10100
2 1 3 10101 10102 11110
1 1 4 2756 3159 3359 6505
1 2
2 1 3 2759 6934 9193
2 1 2 2760 2761
1 2
2 1 3 2762 2763 4262
2 1 2 5856 10836
1 2
2 1 2 2766 7499
2 1 3 6185 6610 7205
1 1 3 2767 6475 8178
1 1 3 2768 5956 6305
1 2
2 1 3 2769 2770 11121
2 1 3 5260 7064 10629
1 1 2 2774 7392
1 1 2 2780 11167
1 2
2 1 3 2781 9143 10260
2 1 2 5604 9385
1 1 3 2782 6405 7978
1 1 4 2786 2790 5890 5891
1 1 2 2787 2788
1 1 3 2798 2799 3113
1 1 2 2805 5285
1 2
2 1 3 2809 4008 9890
2 1 2 4010 9928
1 1 2 2813 6555
1 1 5 2817 4249 6623 6688 6690
1 1 2 2818 6689
1 1 3 2824 5938 5939
1 1 3 2825 5454 7752
1 2
2 1 2 2829 4465
2 1 3 7330 7621 8157
1 1 3 2830 2832 11175
1 2
2 1 2 2835 11053
2 1 2 2836 5538
1 2
2 1 2 2838 6468
2 1 2 3051 3605
1 2
2 1 2 2840 3050
2 1 2 10612 10619
1 1 3 2852 6756 8917
1 2
2 1 2 2853 8776
2 1 2 3282 7047
1 1 2 2855 8455
1 1 2 2859 3725
1 1 2 2860 4978
1 3
2 1 2 2861 7418
2 1 2 4085 4088
2 1 2 4087 7703
1 1 3 2865 2866 7038
1 1 3 2868 4156 10798
1 3
2 1 2 2869 9734
2 1 2 7439 10679
2 2
3 1 4 9454 10677 10678 10680
3 1 2 10645 10681
1 1 3 2876 3635 5166
1 1 3 2880 2881 7456
1 1 3 2882 3149 5825
1 1 3 2883 2962 4927
1 1 2 2886 8179
1 3
2 1 3 2887 6566 10222
2 2
3 1 3 4882 8420 8626
3 1 2 6235 10162
2 2
3 1 2 8056 10128
3 1 2 8894 10251
1 1 2 2889 5452
1 4
2 1 2 2893 3730
2 2
3 1 2 3520 4379
3 1 2 4614 8190
2 1 2 4615 7577
2 1 2 8119 11174
1 1 2 2895 6598
1 1 3 2906 4606 4607
1 3
2 2
3 1 2 2908 2909
3 1 2 2910 7902
2 2
3 1 2 4289 4290
3 1 2 4390 4391
2 1 4 4392 4393 6556 7535
1 3
2 1 3 2911 2913 2914
2 1 2 2912 8579
2 1 2 6708 7852
1 2
2 1 3 2915 3603 3704
2 1 2 6166 8854
1 1 4 2921 7397 7472 9204
1 1 2 2923 4562
1 1 2 2924 4810
1 1 3 2925 4807 4809
1 1 2 2926 4808
1 2
2 1 2 2927 4596
2 1 2 4598 5286
1 1 2 2928 7865
1 1 3 2929 6036 6311
1 2
2 1 5 2936 2941 4672 4673 7713
2 1 2 5599 7518
1 1 3 2950 4503 7813
1 1 3 2951 2952 3209
1 1 3 2955 9467 9683
1 1 3 2956 3877 7513
1 1 3 2959 5744 6806
1 1 4 2963 3182 3892 7965
1 1 2 2967 5779
1 1 3 2972 4644 11195
1 2
2 1 2 2973 4169
2 1 2 3733 7407
1 2
2 2
3 1 3 2977 6660 9792
3 1 2 9789 9793
2 1 3 6659 9791 9801
1 1 2 2980 5510
1 1 6 2983 3238 3516 5432 6385 8211
1 2
2 1 3 2985 3026 4093
2 1 2 4092 9778
1 1 2 2988 5399
1 1 3 2995 10523 10532
1 1 2 2996 10426
1 1 2 3002 3535
1 1 2 3006 7329
1 1 2 3011 10761
1 1 2 3012 3013
1 5
2 1 4 3014 8596 8597 8599
2 1 4 3015 11054 11168 11169
2 2
3 1 2 3017 11170
3 1 2 3852 9933
2 2
3 1 2 3457 3458
3 1 2 3853 6178
2 1 2 6633 6634
1 2
2 1 4 3016 3099 7128 7130
2 1 2 4274 8598
1 1 2 3020 6254
1 1 2 3021 5539
1 1 2 3024 8762
1 1 2 3025 3221
1 1 2 3027 3028
1 2
2 1 2 3029 7772
2 1 2 3030 3146
1 1 3 3034 4929 6841
1 1 3 3035 3036 7023
1 1 3 3042 3788 10414
1 1 3 3043 4103 4479
1 1 3 3047 3292 5708
1 3
2 1 3 3052 3053 3056
2 1 3 4030 10748 10750
2 1 2 10711 10712
1 1 3 3054 3055 7867
1 2
2 1 2 3059 6129
2 1 2 6130 8004
1 1 4 3061 7318 7687 7688
1 1 5 3064 7793 7794 9513 9649
1 1 3 3066 7151 7416
1 1 3 3068 3694 8305
1 2
2 1 2 3074 4908
2 1 2 7191 8523
1 1 2 3075 3076
1 1 3 3077 4164 8595
1 1 2 3087 4986
1 2
2 1 3 3089 8142 8183
2 1 2 6780 8291
1 5
2 1 4 3101 6652 6805 7561
2 2
3 1 2 3102 6620
3 1 2 3171 4948
2 1 3 3382 4833 7872
2 1 3 3383 4954 5402
2 1 2 6476 7526
1 3
2 2
3 1 2 3103 6124
3 1 2 5774 7735
2 1 3 5775 6898 11205
2 1 2 6899 7888
1 1 2 3104 7887
1 1 2 3111 3112
1 1 2 3118 3859
1 2
2 1 2 3122 3124
2 1 3 3123 3125 6637
1 1 2 3130 3131
1 1 3 3132 3133 5306
1 1 2 3134 3135
1 1 2 3136 7376
1 2
2 1 2 3138 5741
2 1 2 4548 7347
1 2
2 1 2 3139 4522
2 1 2 3140 8013
1 1 3 3141 9067 9068
1 1 3 3150 3153 4278
1 1 2 3152 6230
1 1 3 3155 3503 5851
1 2
2 1 2 3157 8519
2 1 3 3158 8096 8518
1 1 2 3163 5210
1 1 3 3165 3594 3596
1 2
2 1 3 3168 3975 3977
2 1 3 3976 7651 8658
1 1 8 3170 5229 5832 7505 8033 9590 9849 11244
1 1 3 3173 5518 7249
1 1 3 3174 6382 8213
1 1 2 3175 7580
1 1 3 3177 6195 8050
1 1 4 3186 3402 3900 7358
1 1 2 3188 3517
1 1 2 3190 9818
1 1 3 3192 7604 10564
1 1 2 3193 3194
1 1 2 3200 6049
1 1 3 3202 4798 7239
1 1 3 3211 10835 10847
1 1 2 3213 7727
1 1 2 3222 4623
1 1 2 3223 5907
1 1 3 3244 4416 4565
1 1 3 3247 3664 7646
1 1 3 3249 7288 10383
1 1 3 3250 4095 4434
1 1 3 3254 9495 9497
1 1 2 3255 9952
1 1 3 3260 5477 10786
1 1 2 3261 4086
1 4
2 1 2 3265 11160
2 1 2 3637 6255
2 1 2 5178 5272
2 1 2 5411 7003
1 1 3 3266 5990 7168
1 1 3 3271 5970 10825
1 2
2 1 3 3272 3273 8759
2 1 2 8675 9745
1 1 4 3277 3278 3279 6274
1 1 3 3289 6596 7512
1 1 2 3290 4635
1 1 2 3295 6736
1 1 4 3297 3678 4974 7845
1 1 5 3300 5478 5984 6055 6743
1 2
2 1 4 3301 3998 4961 5568
2 1 2 7309 7310
1 2
2 1 3 3309 6888 8270
2 1 2 6676 7198
1 1 5 3312 10700 10702 10723 10773
1 2
2 1 2 3313 4347
2 1 2 5525 7914
1 1 4 3317 3612 3613 6388
1 1 5 3318 3319 6871 7058 7269
1 1 2 3323 7690
1 3
2 1 2 3330 6576
2 1 4 6574 6575 9587 9588
2 1 2 9008 9585
1 3
2 1 3 3342 5576 5578
2 1 2 5577 6654
2 1 3 5579 5580 6653
1 1 3 3343 5341 5685
1 1 2 3347 4831
1 1 4 3348 6285 9419 9489
1 2
2 1 3 3349 4488 7404
2 1 3 7322 7810 8112
1 2
2 1 3 3350 8726 10399
2 2
3 1 3 4200 7017 7018
3 1 2 7016 8724
1 1 2 3352 11149
1 1 2 3354 3355
1 1 3 3357 3358 6706
1 1 4 3363 6816 6946 11060
1 1 2 3368 10944
1 1 2 3369 3370
1 1 2 3373 7372
1 1 2 3380 4238
1 1 4 3384 4630 5047 10314
1 1 2 3385 8577
1 1 3 3388 4053 5629
1 1 3 3389 3390 7087
1 5
2 1 4 3391 4703 4704 6167
2 1 4 3434 4339 9739 9827
2 2
3 1 3 3856 8618 9049
3 1 3 9786 9834 9839
2 2
3 1 4 3857 4338 9044 9858
3 1 4 6039 9045 9751 9860
2 1 2 9757 9828
1 1 3 3394 6981 11152
1 1 4 3396 3774 3775 6930
1 1 3 3403 4400 7905
1 1 3 3405 3406 9637
1 1 2 3407 4600
1 2
2 1 2 3409 10149
2 1 2 4295 10185
1 1 4 3411 7057 8256 9383
1 2
2 1 2 3413 9850
2 1 3 8147 9729 9730
1 1 2 3423 5421
1 1 2 3425 7491
1 5
2 1 2 3428 4879
2 1 3 4843 6250 9083
2 1 2 6037 8137
2 1 2 6754 10367
2 1 2 6755 7881
1 1 3 3432 10759 10989
1 1 3 3433 7655 7656
1 1 3 3435 10772 10782
1 1 2 3436 11236
1 2
2 1 2 3438 4636
2 1 2 4637 7319
1 1 3 3441 5794 5795
1 1 2 3442 9949
1 1 2 3443 7077
1 1 3 3445 7183 11018
1 1 3 3449 7324 7755
1 1 2 3456 9482
1 2
2 1 2 3460 11212
2 1 2 8155 8156
1 1 3 3464 3903 7000
1 2
2 1 2 3467 10802
2 1 3 8090 10799 10800
1 1 3 3468 4351 8576
1 1 2 3469 10191
1 1 3 3471 3751 8512
1 2
2 1 2 3472 6276
2 1 2 4715 5861
1 1 3 3479 8713 11004
1 1 3 3482 3483 3484
1 1 2 3488 6259
1 1 2 3490 5704
1 1 2 3498 3499
1 1 2 3506 5256
1 3
2 1 3 3507 4039 4741
2 1 2 3606 5224
2 1 2 4740 7685
1 1 6 3508 6334 7370 8845 9062 10105
1 1 2 3510 8293
1 1 3 3513 3514 3515
1 1 2 3519 5780
1 1 4 3522 3869 5227 5228
1 1 2 3524 5997
1 1 3 3529 3978 8553
1 1 2 3531 3532
1 1 2 3536 4914
1 1 3 3540 3666 7196
1 1 3 3542 4009 5748
1 1 3 3549 10864 10865
1 2
2 1 3 3550 6353 7991
2 1 2 3932 10957
1 1 3 3557 7848 11100
1 1 2 3560 10958
1 1 3 3562 3563 10693
1 1 3 3564 9370 11000
1 3
2 1 3 3565 7203 10179
2 1 2 4892 10296
2 1 2 10129 10297
1 1 3 3566 3567 8406
1 2
2 1 2 3568 5086
2 1 3 6630 6631 8113
1 1 3 3569 3570 3572
1 2
2 1 3 3571 5204 5205
2 1 2 4211 5338
1 1 3 3574 4364 5294
1 1 2 3578 9196
1 1 3 3582 3868 11126
1 1 5 3587 3588 3589 3646 3647
1 1 2 3595 6759
1 1 3 3597 3896 9560
1 2
2 1 3 3599 3601 7933
2 1 2 3600 7393
1 1 2 3604 6079
1 1 3 3616 5077 8278
1 1 2 3618 5870
1 1 2 3623 3624
1 1 2 3625 6521
1 1 4 3631 3632 4669 7026
1 2
2 1 3 3634 9301 9629
2 1 2 8637 9614
1 2
2 1 3 3636 4176 5784
2 2
3 1 3 4162 5046 8612
3 1 2 8613 10669
1 1 2 3640 8490
1 1 2 3642 10716
1 1 2 3645 4101
1 1 2 3648 5508
1 1 3 3649 6732 11248
1 2
2 2
3 1 2 3658 8022
3 1 3 4508 5365 5366
2 1 6 4505 4506 4507 4509 4510 7395
1 1 2 3660 7032
1 1 3 3663 8573 8574
1 1 2 3667 4919
1 1 2 3679 7931
1 1 2 3680 3681
1 1 2 3684 4431
1 2
2 1 2 3687 8718
2 1 2 9586 9589
1 1 2 3689 5427
1 1 2 3709 7342
1 1 2 3711 6252
1 1 2 3718 6844
1 1 2 3722 7206
1 1 3 3724 3982 4120
1 1 3 3734 9954 9955
1 2
2 1 4 3738 3739 4860 7394
2 1 2 4859 7562
1 1 3 3741 4706 8468
1 1 3 3744 3745 3746
1 1 2 3750 7519
1 1 2 3754 3759
1 1 2 3758 10834
1 1 3 3763 6267 7315
1 1 2 3764 3765
1 1 2 3766 6293
1 1 3 3771 3772 4723
1 1 2 3776 7704
1 1 4 3779 7234 7236 8315
1 2
2 1 4 3785 4281 4282 7300
2 1 2 3786 3787
1 1 2 3794 5761
1 2
2 1 2 3800 10837
2 1 2 3801 6607
1 2
2 1 2 3809 5151
2 1 3 5145 5146 5150
1 1 2 3810 3908
1 1 4 3820 5876 10196 10197
1 1 2 3821 10962
1 1 2 3823 10641
1 2
2 1 2 3826 7325
2 1 2 4091 11049
1 1 2 3832 3833
1 1 2 3834 11093
1 1 2 3835 7771
1 1 3 3842 3843 7113
1 1 2 3847 6687
1 1 2 3848 7292
1 1 2 3851 4752
1 1 2 3864 4141
1 1 3 3866 8980 9484
1 1 2 3872 4417
1 1 2 3874 5251
1 1 3 3878 3879 3880
1 1 2 3904 5544
1 1 2 3905 5636
1 1 3 3909 8488 10538
1 1 2 3910 6681
1 1 2 3911 8177
1 1 2 3912 10543
1 1 2 3924 5818
1 1 2 3925 11115
1 1 3 3927 3929 6792
1 2
2 1 2 3931 6954
2 1 3 6153 7123 10968
1 1 2 3934 9976
1 1 2 3935 3936
1 1 3 3937 9752 10500
1 1 4 3938 8638 9977 10519
1 1 4 3940 7223 10015 10042
1 1 2 3941 7313
1 1 2 3942 10155
1 1 2 3953 8239
1 1 3 3957 10012 10018
1 1 3 3958 3959 8162
1 1 2 3960 8001
1 1 2 3974 4893
1 1 2 3979 9852
1 1 2 3980 8557
1 1 3 3983 4433 6584
1 1 3 3992 3993 11097
1 1 3 3994 8223 8226
1 1 2 3996 5438
1 1 2 4011 8345
1 1 2 4012 9236
1 1 3 4014 10423 10675
1 2
2 1 2 4023 4733
2 1 2 4734 7103
1 4
2 1 3 4025 5002 7062
2 1 3 4026 6641 11200
2 1 4 4027 5391 7829 7985
2 1 3 5802 7061 10871
1 1 3 4036 9066 11206
1 1 3 4040 6621 7308
1 1 2 4041 11076
1 2
2 1 2 4043 7857
2 1 2 7078 7856
1 1 2 4044 4452
1 1 2 4060 4062
1 1 2 4064 7517
1 1 3 4065 4066 6145
1 1 2 4075 11131
1 2
2 1 2 4081 9222
2 1 2 7159 7371
1 1 2 4102 5546
1 1 2 4104 7979
1 1 2 4105 5346
1 1 2 4107 11186
1 1 5 4121 5545 6964 8353 10897
1 5
2 1 4 4125 10159 10161 10214
2 1 3 4529 10160 10218
2 1 2 5759 10217
2 2
3 1 2 10215 10223
3 1 2 10219 10224
2 1 2 10220 10225
1 1 2 4126 4127
1 4
2 1 3 4135 10157 10490
2 1 2 4414 7558
2 1 4 10463 10464 10465 10491
2 1 2 10551 10553
1 1 3 4143 9108 9113
1 1 2 4147 5244
1 1 2 4150 8324
1 1 2 4151 10866
1 1 2 4152 11216
1 1 2 4158 7896
1 1 3 4159 4160 5241
1 1 2 4161 8882
1 1 3 4163 6098 6551
1 1 3 4171 4172 5581
1 1 3 4173 5087 7958
1 1 2 4175 4867
1 1 3 4179 8274 10991
1 1 2 4183 7261
1 1 2 4194 7898
1 1 3 4204 6999 8302
1 1 3 4207 4209 5497
1 1 3 4208 7587 11063
1 1 3 4212 6424 7350
1 1 2 4213 5109
1 1 2 4215 6782
1 1 2 4218 7100
1 1 2 4222 6590
1 1 4 4228 5076 8414 9660
1 2
2 1 2 4229 5796
2 1 3 6696 8880 8881
1 1 4 4230 5401 7129 7652
1 3
2 1 2 4231 10084
2 2
3 1 2 8280 10115
3 1 2 8844 10093
2 1 3 10004 10077 10116
1 1 3 4232 4233 10552
1 1 3 4235 8849 9177
1 1 2 4243 9384
1 1 3 4246 4247 5016
1 4
2 1 3 4253 5153 7287
2 1 4 4652 4654 4655 6248
2 1 2 4653 5197
2 1 2 4990 6264
1 3
2 1 3 4255 10026 10731
2 1 2 4767 9878
2 1 3 6740 7618 10730
1 1 4 4258 4532 6900 9864
1 1 2 4259 9964
1 1 4 4264 7705 10460 10934
1 1 3 4268 4269 10430
1 1 2 4276 7388
1 1 3 4277 4732 5726
1 1 2 4284 9948
1 1 2 4287 5457
1 1 2 4288 9800
1 1 2 4296 7889
1 2
2 1 2 4303 10545
2 1 2 4705 5522
1 1 3 4304 5009 6404
1 3
2 1 2 4308 5677
2 1 3 6253 6539 10287
2 1 3 7683 10256 10288
1 3
2 1 3 4313 9290 9958
2 1 2 6390 9957
2 1 3 7816 8682 9970
1 1 2 4321 11105
1 1 3 4322 9548 9549
1 1 4 4330 6550 9187 9188
1 1 2 4331 6215
1 1 2 4335 5847
1 1 4 4346 4470 6228 6229
1 1 3 4352 10838 10839
1 1 3 4353 4354 10240
1 1 3 4355 5838 7420
1 1 2 4361 4362
1 1 3 4369 5336 7851
1 2
2 1 2 4373 8174
2 1 3 7001 7998 7999
1 2
2 1 4 4374 4840 4842 5799
2 1 2 4841 11074
1 1 2 4376 7736
1 1 3 4401 5899 5900
1 1 3 4402 10549 10984
1 3
2 1 2 4410 4761
2 1 2 6839 8985
2 1 2 6840 9490
1 1 3 4413 4909 11161
1 1 2 4418 7314
1 1 2 4424 4425
1 1 3 4429 8800 8808
1 1 2 4430 9761
1 1 3 4437 4590 7720
1 2
2 1 3 4464 8684 8687
2 1 2 8685 8688
1 1 3 4468 8755 8756
1 1 2 4474 4543
1 2
2 1 3 4475 4480 4682
2 1 3 9396 9499 9584
1 3
2 1 3 4476 7442 8954
2 2
3 1 3 6062 8958 10797
3 1 2 6063 6064
2 1 2 8953 8959
1 1 2 4481 9529
1 1 2 4482 9765
1 3
2 1 2 4484 5797
2 1 3 5662 5663 5664
2 1 3 5665 9922 9924
1 1 2 4487 8600
1 1 2 4493 7500
1 1 2 4498 8059
1 1 2 4504 6352
1 1 2 4511 10498
1 1 3 4546 4547 8346
1 1 3 4553 7925 9604
1 1 4 4566 8152 9119 9120
1 1 2 4574 9706
1 1 4 4575 6104 9064 9201
1 1 3 4576 6106 6107
1 2
2 1 2 4577 5884
2 1 3 4578 6400 7194
1 1 3 4579 4857 9648
1 1 2 4585 4586
1 1 2 4587 9348
1 1 2 4588 6901
1 1 4 4591 6642 9418 11111
1 1 2 4597 6860
1 1 5 4601 5125 6169 10374 10375
1 1 3 4602 8144 8145
1 2
2 1 2 4608 4699
2 1 2 4609 4611
1 1 2 4612 7238
1 2
2 1 2 4617 6082
2 1 2 7470 10311
1 1 2 4621 4622
1 1 3 4638 4873 5846
1 3
2 2
3 1 3 4651 5584 6988
3 1 2 4994 7822
2 2
3 1 5 4991 4992 5603 6593 8087
3 1 2 5602 5994
2 1 3 4993 5585 7635
1 2
2 1 2 4659 10932
2 1 2 4660 7644
1 3
2 1 3 4661 6362 7083
2 1 2 7590 10573
2 1 2 10574 10575
1 1 2 4667 10931
1 1 3 4671 7841 7842
1 1 2 4674 7422
1 1 3 4675 7919 10289
1 2
2 1 2 4677 7623
2 1 2 4678 5647
1 1 3 4683 7005 9859
1 3
2 1 2 4684 6331
2 1 4 5114 7219 7578 10096
2 1 3 5387 5612 6413
1 1 2 4690 7494
1 1 4 4694 4695 10216 10974
1 1 2 4696 5740
1 1 2 4702 6056
1 1 2 4726 6880
1 1 4 4728 7049 8509 8511
1 1 5 4737 4738 4739 4847 4848
1 1 4 4743 5561 5562 5589
1 1 2 4745 11122
1 1 2 4747 5344
1 1 4 4754 4952 5860 10911
1 1 3 4763 4764 10424
1 1 2 4766 7710
1 1 2 4770 6298
1 1 4 4773 4775 4776 4777
1 1 2 4778 5874
1 1 2 4780 7751
1 1 3 4786 7093 10894
1 2
2 1 4 4788 4789 4790 5022
2 1 3 7530 8185 8254
1 1 3 4791 4793 6810
1 1 3 4800 7957 8739
1 1 3 4806 8609 8632
1 1 2 4811 4856
1 1 3 4816 5783 9349
1 2
2 1 2 4826 10458
2 1 2 5943 7380
1 1 3 4828 4832 7984
1 1 3 4829 4830 10952
1 1 3 4845 4846 5106
1 1 2 4849 6944
1 1 3 4851 4852 6635
1 1 2 4853 7160
1 2
2 1 2 4854 7463
2 1 2 4855 6335
1 1 2 4858 9077
1 1 3 4862 6415 11029
1 1 3 4868 8219 8231
1 1 2 4870 7834
1 1 3 4874 5193 8853
1 1 2 4880 5959
1 1 2 4887 10980
1 1 2 4890 5139
1 1 3 4905 5750 7563
1 1 3 4906 4907 5995
1 1 2 4931 9947
1 1 3 4940 4941 5692
1 1 2 4942 5549
1 1 2 4943 6972
1 1 4 4945 4973 10332 10394
1 1 2 4949 10541
1 1 2 4950 4951
1 3
2 1 2 4956 7769
2 1 2 5605 7150
2 1 2 5606 5781
1 1 2 4958 8063
1 1 2 4959 10859
1 1 2 4960 10292
1 1 2 4966 7640
1 3
2 2
3 1 2 4983 10783
3 1 2 10724 10746
2 1 2 6158 10707
2 1 4 10676 10697 10745 10774
1 1 2 4987 11067
1 1 2 4988 7817
1 1 2 4996 7501
1 1 2 5005 5762
1 2
2 1 2 5006 6541
2 1 2 7430 10756
1 1 2 5008 8901
1 1 2 5014 5864
1 2
2 1 3 5015 6020 11061
2 1 3 8899 8908 10851
1 2
2 1 2 5019 6751
2 1 3 9063 10267 10268
1 2
2 1 2 5024 7731
2 1 2 6296 6823
1 1 4 5034 5035 5036 7202
1 1 2 5038 7473
1 1 2 5039 5040
1 1 3 5041 10459 10462
1 1 4 5042 7201 7712 9321
1 1 4 5043 9299 9300 10158
1 1 3 5050 5305 7740
1 1 2 5056 5058
1 2
2 1 4 5057 5059 9235 9263
2 1 3 9221 9223 9224
1 2
2 1 2 5060 6078
2 1 2 6713 9545
1 1 2 5061 5062
1 1 3 5068 6646 7970
1 1 2 5072 11234
1 1 2 5088 5089
1 1 3 5092 9011 11254
1 1 2 5094 10732
1 1 4 5097 5098 5099 5996
1 1 4 5102 7634 8006 8007
1 1 3 5104 7728 9842
1 2
2 1 3 5121 6535 6537
2 1 2 6600 9774
1 1 2 5122 6830
1 1 4 5136 10607 10608 10609
1 4
2 1 2 5157 6271
2 1 2 5701 5703
2 1 2 5702 6435
2 1 2 5705 7827
1 2
2 1 2 5159 10369
2 1 3 10108 10337 10338
1 1 2 5160 7833
1 1 2 5161 8909
1 1 3 5169 5977 5978
1 1 2 5172 11222
1 1 3 5175 7438 9597
1 1 2 5182 9387
1 2
2 1 3 5187 5190 5303
2 1 2 5188 5189
1 1 2 5199 8208
1 1 2 5201 8272
1 1 3 5202 5699 8058
1 1 2 5203 5835
1 1 2 5214 10947
1 1 2 5216 5217
1 1 2 5220 6875
1 1 2 5225 6965
1 1 2 5233 11051
1 1 3 5239 5240 7489
1 1 2 5245 10606
1 2
2 1 3 5247 5248 10496
2 1 3 5249 8057 10495
1 3
2 1 2 5253 9256
2 1 3 9209 9237 9242
2 1 3 9213 9214 9255
1 1 4 5262 5263 5264 6031
1 1 3 5266 5436 5437
1 1 2 5268 11075
1 1 3 5274 5276 11242
1 1 3 5289 5927 7270
1 1 2 5291 7434
1 1 2 5297 5883
1 2
2 1 3 5298 9618 9635
2 1 2 8244 9631
1 1 3 5299 5395 9611
1 1 2 5300 6585
1 2
2 1 3 5304 5380 8575
2 1 3 5379 5381 11048
1 1 2 5311 10987
1 1 2 5315 5316
1 1 2 5322 8489
1 1 2 5323 5896
1 1 2 5324 5833
1 1 3 5325 6159 10221
1 2
2 1 2 5327 8665
2 1 3 7173 8661 9526
1 1 2 5329 8426
1 2
2 1 4 5330 9458 9463 9468
2 1 3 9464 9465 10935
1 1 2 5331 5332
1 1 4 5334 5533 9733 9805
1 1 2 5356 9961
1 2
2 1 2 5361 10587
2 1 3 8114 10585 10586
1 1 2 5367 7559
1 1 3 5370 6973 8712
1 1 3 5373 5464 7870
1 1 3 5397 6753 6908
1 1 3 5400 7440 11189
1 1 3 5404 8039 9945
1 1 2 5415 10820
1 1 3 5418 9133 10198
1 1 2 5423 9182
1 1 3 5424 5844 10651
1 1 2 5425 5426
1 1 3 5428 5429 5430
1 1 2 5433 7507
1 1 2 5434 6825
1 1 2 5447 6799
1 1 2 5448 11253
1 1 2 5449 5462
1 1 3 5451 5635 6657
1 1 2 5453 7619
1 1 2 5459 10269
1 1 3 5460 5461 10903
1 1 3 5465 10130 10445
1 1 3 5466 6856 8046
1 1 3 5467 7029 7348
1 1 2 5469 8666
1 1 3 5502 5503 11103
1 1 3 5504 7894 10433
1 1 3 5505 6057 7974
1 1 2 5507 6422
1 2
2 1 2 5512 5569
2 1 2 7534 8435
1 1 2 5526 7516
1 1 3 5528 5529 7767
1 1 2 5535 10530
1 1 3 5537 9884 11151
1 2
2 1 2 5551 6076
2 1 2 5552 5555
1 1 2 5558 5817
1 1 5 5571 6164 6165 6939 7391
1 1 2 5582 7721
1 1 3 5583 7878 8361
1 1 3 5588 10350 10356
1 1 3 5598 6410 8606
1 1 3 5607 5608 6626
1 1 2 5611 10948
1 1 2 5618 10416
1 1 2 5619 10966
1 1 2 5631 7586
1 3
2 1 2 5642 6686
2 1 5 6464 6762 6833 8047 9992
2 1 2 6763 9993
1 1 3 5646 6306 11157
1 1 3 5654 6099 6100
1 1 2 5657 5658
1 1 3 5667 5668 5669
1 1 4 5672 6682 7387 7396
1 1 2 5678 8514
1 1 2 5680 10358
1 1 3 5681 8988 8994
1 1 3 5686 6113 10969
1 1 3 5689 5690 7210
1 1 2 5691 8436
1 1 2 5710 5711
1 1 3 5715 5716 5717
1 1 2 5721 7675
1 1 2 5722 11137
1 1 3 5730 5731 7826
1 1 2 5735 5736
1 1 3 5738 7204 8294
1 1 2 5743 10550
1 1 3 5745 5746 7649
1 1 3 5751 5752 8961
1 1 3 5756 5757 5758
1 1 2 5763 6929
1 1 2 5764 10714
1 1 2 5766 6091
1 1 3 5768 6614 7560
1 1 4 5772 7657 10861 10862
1 1 2 5776 6543
1 1 2 5785 7483
1 1 3 5788 6221 10854
1 1 4 5789 5790 5791 5792
1 1 4 5798 6105 6108 7033
1 1 2 5822 6729
1 1 3 5823 6891 7672
1 1 2 5834 6808
1 1 3 5837 6234 8061
1 1 2 5842 7809
1 1 2 5843 7987
1 1 2 5852 6428
1 2
2 1 2 5853 10255
2 1 3 10262 10264 10265
1 1 2 5866 6874
1 1 3 5867 5868 5969
1 1 2 5872 6997
1 1 3 5886 7161 11099
1 1 2 5893 9013
1 1 2 5904 7112
1 3
2 1 3 5912 10052 10054
2 1 2 6534 7406
2 1 3 7099 7220 10053
1 1 3 5918 5919 10956
1 1 2 5924 10662
1 1 3 5932 5933 10201
1 1 3 5936 6317 6609
1 1 2 5937 7952
1 1 3 5940 7027 10095
1 1 2 5941 8076
1 1 2 5944 7684
1 1 2 5947 8325
1 1 4 5948 10106 10109 10110
1 1 3 5949 7071 7072
1 1 3 5955 8639 9896
1 1 3 5973 8990 9000
1 1 2 5974 5975
1 1 2 5979 11147
1 2
2 1 2 5991 11237
2 1 2 5992 8619
1 1 3 5993 6336 10434
1 1 4 6000 6001 10457 10849
1 2
2 1 2 6005 6670
2 1 2 9100 9112
1 1 2 6010 6656
1 1 2 6011 10924
1 1 3 6025 6125 8235
1 1 2 6034 6035
1 1 3 6043 8129 8130
1 1 2 6066 6722
1 1 2 6067 6332
1 2
2 1 3 6072 6200 7320
2 1 2 6073 7431
1 1 3 6077 6359 8581
1 1 2 6080 10046
1 1 2 6084 7633
1 1 2 6101 7636
1 1 3 6110 6111 9979
1 1 2 6112 10940
1 1 3 6116 9184 9932
1 1 2 6120 6121
1 2
2 1 3 6135 10206 10210
2 1 2 10205 10294
1 1 2 6154 10895
1 1 4 6160 6161 9411 11214
1 1 2 6163 6397
1 1 2 6172 10070
1 1 2 6175 10646
1 1 2 6188 8215
1 2
2 1 2 6197 6198
2 1 2 6199 6304
1 1 2 6207 7629
1 1 2 6210 6211
1 1 2 6213 6214
1 1 2 6216 7847
1 1 3 6223 9019 10642
1 1 3 6231 6232 6443
1 1 3 6239 9110 11045
1 2
2 1 2 6247 9117
2 1 2 7942 9118
1 1 2 6249 9595
1 1 2 6260 6261
1 1 4 6266 9796 9798 9799
1 1 3 6278 6312 6313
1 1 2 6280 7273
1 1 2 6281 9719
1 1 3 6299 6936 6937
1 1 3 6309 8264 8265
1 1 2 6320 8248
1 1 2 6338 9171
1 1 2 6342 10365
1 1 4 6346 7267 7825 11016
1 1 3 6349 6350 6351
1 1 3 6355 9869 9870
1 1 2 6360 6361
1 1 2 6363 10425
1 1 3 6364 9398 9485
1 1 2 6365 8238
1 1 3 6366 8263 8266
1 1 2 6373 11062
1 2
2 1 3 6375 6811 9781
2 1 2 6376 9779
1 3
2 1 2 6377 7467
2 1 2 7228 7465
2 1 2 10199 10979
1 1 2 6378 7591
1 1 2 6393 6394
1 1 2 6402 6403
1 1 3 6406 6407 10777
1 1 2 6409 7068
1 1 2 6426 7924
1 1 3 6432 7691 11129
1 1 2 6436 8987
1 1 2 6440 10908
1 1 2 6444 10226
1 1 3 6451 6452 8060
1 1 2 6454 8720
1 1 2 6459 8126
1 1 2 6460 7177
1 1 3 6465 7716 7717
1 1 5 6467 6632 10427 10428 10429
1 1 2 6473 6474
1 1 2 6478 6479
1 1 2 6492 7282
1 1 2 6494 7382
1 1 2 6498 6499
1 1 3 6502 6503 9338
1 1 2 6506 6507
1 1 3 6527 10166 10905
1 1 3 6546 6547 10059
1 1 2 6554 9441
1 1 2 6559 6957
1 1 2 6560 9824
1 1 3 6583 7073 7975
1 1 2 6586 9851
1 1 2 6591 9872
1 1 2 6601 6984
1 1 2 6602 6603
1 1 2 6608 6673
1 1 2 6616 6712
1 1 2 6618 6619
1 1 2 6628 8434
1 1 3 6643 7643 7882
1 1 2 6644 8084
1 1 2 6645 8900
1 1 4 6650 8760 9612 9615
1 1 2 6651 7698
1 1 2 6664 9104
1 1 2 6665 7837
1 1 4 6666 6947 7364 7365
1 1 3 6667 8482 8483
1 1 3 6674 10441 10442
1 1 3 6677 6678 8298
1 1 4 6679 7327 10431 10432
1 1 3 6684 6768 11239
1 1 2 6699 6700
1 2
2 1 2 6703 7276
2 1 2 8380 8381
1 1 2 6724 7593
1 1 2 6728 6913
1 1 2 6730 7178
1 1 4 6741 7118 7936 11208
1 3
2 1 3 6744 6818 9577
2 1 3 6817 9414 9541
2 1 2 10527 10643
1 1 3 6750 7092 10300
1 1 2 6752 11180
1 1 2 6758 8098
1 1 3 6771 6772 10622
1 1 3 6779 9311 9953
1 1 2 6784 11229
1 1 3 6785 7631 8176
1 1 3 6791 10342 10343
1 1 4 6803 10420 10421 10422
1 1 2 6813 8549
1 1 2 6814 7264
1 1 2 6831 6832
1 1 2 6847 10301
1 1 3 6848 7281 8124
1 1 2 6849 7455
1 1 2 6862 7460
1 1 4 6868 9902 9920 11219
1 2
2 1 2 6873 10704
2 1 3 10688 10689 10694
1 1 2 6876 6877
1 1 2 6879 10071
1 1 2 6882 8611
1 1 2 6883 7296
1 1 3 6904 7792 10326
1 1 2 6918 7700
1 1 2 6921 9563
1 1 3 6926 6927 10173
1 1 2 6932 7482
1 1 3 6933 7021 7022
1 1 2 6943 7743
1 1 2 6948 7181
1 1 2 6949 10747
1 1 2 6950 9082
1 1 3 6960 7373 7374
1 1 2 6961 8289
1 1 2 6982 9069
1 1 3 6989 6991 7162
1 1 3 6993 6994 7779
1 1 2 6998 8303
1 2
2 1 3 7006 9167 9168
2 1 2 9166 9169
1 1 3 7010 7011 8025
1 1 2 7012 8663
1 1 2 7013 8118
1 1 3 7014 7363 9582
1 1 2 7015 9583
1 2
2 1 3 7024 8418 8419
2 1 2 8417 11144
1 1 3 7031 7955 7956
1 1 3 7034 7930 8048
1 1 3 7050 7051 7229
1 2
2 1 2 7055 7338
2 1 2 7336 7337
1 1 2 7067 8327
1 1 2 7070 8184
1 1 3 7105 7106 10780
1 1 2 7131 9434
1 1 2 7132 8212
1 1 2 7135 8743
1 1 2 7148 7401
1 1 2 7152 10919
1 1 2 7154 7304
1 1 3 7157 8442 9973
1 1 2 7179 8411
1 1 3 7188 7189 7190
1 1 3 7192 7193 9969
1 1 2 7200 10359
1 1 3 7221 8284 10373
1 1 2 7230 8049
1 1 2 7245 9524
1 1 3 7247 7248 9564
1 2
2 1 2 7252 7253
2 1 2 9517 9518
1 1 2 7263 7697
1 1 2 7265 7266
1 1 2 7268 8723
1 1 4 7274 8583 9787 10212
1 1 5 7293 7742 9415 9645 10122
1 1 2 7294 7531
1 1 3 7298 7411 7922
1 2
2 1 2 7299 9287
2 1 3 9285 9286 9288
1 1 3 7301 9163 9164
1 1 3 7306 10035 10073
1 1 2 7326 10315
1 1 3 7335 10764 10765
1 1 3 7343 8730 8737
1 1 3 7352 7353 7355
1 1 3 7354 7597 10792
1 1 3 7366 8433 9261
1 1 2 7369 11012
1 1 3 7379 9317 9318
1 1 2 7383 8012
1 1 2 7385 7386
1 1 2 7389 11038
1 1 3 7399 8373 10779
1 1 3 7403 8115 8116
1 3
2 1 2 7410 10638
2 1 3 9042 10635 10636
2 1 2 10639 10652
1 1 2 7413 8548
1 1 2 7419 9664
1 1 3 7435 7839 9093
1 1 2 7445 8117
1 1 2 7451 9315
1 1 2 7453 11173
1 1 2 7464 7681
1 1 3 7468 7765 7766
1 1 3 7469 9823 10227
1 1 2 7474 7901
1 1 3 7479 7846 8683
1 2
2 1 4 7493 9594 9596 10990
2 1 2 9592 9593
1 1 3 7508 7509 7511
1 1 2 7515 7863
1 1 2 7527 9195
1 1 3 7528 7529 9987
1 1 2 7533 9946
1 1 2 7546 8766
1 1 2 7547 11041
1 1 2 7550 8391
1 1 2 7552 10524
1 1 2 7556 7557
1 1 2 7567 10951
1 1 4 7570 7571 9923 9967
1 1 5 7574 9397 9579 9580 11023
1 1 2 7584 7788
1 1 2 7585 10996
1 1 2 7588 9270
1 1 3 7612 10720 10721
1 1 2 7622 8002
1 1 2 7628 7904
1 1 3 7645 10352 10355
1 1 2 7648 10601
1 1 2 7650 10043
1 1 3 7653 8707 9217
1 1 2 7667 10818
1 1 2 7696 11006
1 1 3 7714 8003 8169
1 1 2 7726 8534
1 1 2 7733 7734
1 1 2 7741 9194
1 1 2 7753 7754
1 1 4 7757 7758 9558 9559
1 1 2 7763 9339
1 1 2 7784 9918
1 1 2 7786 9962
1 2
2 1 2 7804 10437
2 1 2 7805 10438
1 1 2 7818 11213
1 1 3 7819 8356 8838
1 1 2 7861 8040
1 1 2 7873 8472
1 1 4 7884 7885 10478 10507
1 1 2 7890 10699
1 1 2 7891 9856
1 1 2 7923 8788
1 1 2 7928 10909
1 1 2 7935 11156
1 1 2 7943 8769
1 1 3 7951 8104 9971
1 3
2 1 2 7972 9655
2 1 2 9656 9657
2 1 2 9658 9707
1 1 3 7992 7993 7994
1 1 2 8017 9258
1 1 2 8023 8140
1 1 3 8031 10195 10978
1 1 3 8032 10169 10239
1 1 2 8036 9054
1 1 3 8041 8322 8323
1 1 3 8055 8457 9430
1 1 2 8077 9466
1 1 3 8105 10006 10107
1 2
2 1 3 8122 9502 9503
2 1 2 9500 9501
1 1 2 8127 9956
1 1 3 8134 9109 9114
1 1 2 8136 10060
1 1 2 8168 9088
1 1 2 8173 9682
1 1 6 8191 8192 8194 8195 8196 8197
1 1 2 8199 8200
1 1 2 8203 8240
1 1 2 8207 10182
1 1 2 8209 8210
1 1 3 8216 10592 10593
1 1 4 8220 8221 8224 8225
1 1 4 8227 8228 8232 8242
1 1 3 8229 8230 8245
1 1 4 8241 8250 8251 9357
1 1 3 8243 10335 10336
1 1 2 8249 9356
1 1 3 8253 10322 10323
1 1 2 8257 9364
1 1 2 8259 8260
1 1 2 8261 10656
1 1 2 8267 9908
1 1 4 8271 9608 9621 9630
1 1 2 8285 10529
1 1 2 8296 9743
1 1 2 8308 9116
1 1 3 8311 9273 9277
1 1 3 8331 8333 9512
1 1 2 8334 8348
1 2
2 1 2 8335 8339
2 1 4 8336 8337 8340 8342
1 1 3 8338 8341 8343
1 1 2 8354 8542
1 1 3 8382 8383 8384
1 1 2 8388 8761
1 1 2 8393 9857
1 1 2 8394 8395
1 1 2 8396 8398
1 1 2 8397 8399
1 1 3 8412 8413 10153
1 1 3 8422 8425 8492
1 1 2 8430 8432
1 1 3 8431 10188 10509
1 1 2 8437 9988
1 1 2 8439 8440
1 2
2 1 2 8444 10540
2 1 2 9909 11184
1 1 3 8450 10327 11116
1 1 2 8452 8453
1 1 3 8459 8460 8623
1 1 2 8464 11064
1 1 2 8477 10826
1 1 2 8493 10728
1 1 2 8495 10623
1 1 3 8524 8525 8527
1 1 3 8526 8528 8536
1 1 2 8530 10203
1 1 2 8531 10617
1 1 2 8532 10020
1 1 2 8533 8848
1 2
2 1 2 8546 10345
2 1 2 9405 10370
1 1 3 8551 9861 11163
1 1 2 8571 8572
1 1 2 8582 8584
1 1 2 8594 9654
1 1 3 8603 10806 10807
1 1 2 8629 9633
1 1 3 8643 8670 10482
1 1 3 8659 8660 8662
1 1 3 8702 8703 8704
1 1 2 8705 8706
1 1 2 8708 11247
1 1 3 8714 8715 8716
1 1 2 8721 8722
1 1 2 8729 10112
1 1 2 8732 8734
1 2
2 1 3 8748 8752 8754
2 1 2 8749 8750
1 1 2 8751 8753
1 1 2 8764 8765
1 1 2 8777 8779
1 1 3 8783 9603 11083
1 1 2 8811 8812
1 1 2 8826 11166
1 1 3 8841 8842 8843
1 1 2 8846 11117
1 1 3 8889 8890 8891
1 1 2 8896 11090
1 1 2 8897 8948
1 1 2 8904 8905
1 1 2 8914 11091
1 1 3 8920 10126 10127
1 1 2 8928 10848
1 1 2 8931 8932
1 1 3 8933 8935 8936
1 1 2 8945 10814
1 1 2 8946 8952
1 1 2 8950 9841
1 1 2 8951 9007
1 1 2 8955 8956
1 1 2 8963 8964
1 1 2 8966 10739
1 2
2 1 4 8967 8969 10824 10828
2 1 2 8968 10827
1 1 2 8970 10581
1 1 2 8971 10183
1 1 2 8974 8984
1 1 2 8983 10975
1 1 3 8991 8996 8997
1 1 2 8995 9001
1 2
2 1 3 9003 9004 9033
2 1 2 9005 10640
1 1 3 9017 9018 9022
1 2
2 1 2 9020 9057
2 1 3 9055 9056 9059
1 1 2 9023 10671
1 1 2 9026 9031
1 1 2 9027 9032
1 1 2 9039 9041
1 1 2 9048 9504
1 1 2 9052 9053
1 1 2 9065 11171
1 1 2 9071 9284
1 1 3 9074 9075 9076
1 1 2 9080 9314
1 1 3 9089 9863 10372
1 1 3 9090 9091 9096
1 1 2 9094 9095
1 1 2 9098 9099
1 1 3 9101 9102 9105
1 1 2 9115 9628
1 1 2 9121 10576
1 1 2 9122 11221
1 1 2 9130 9139
1 1 4 9132 10207 10209 10211
1 1 2 9136 9138
1 1 2 9137 9145
1 1 3 9140 9141 10985
1 1 2 9142 10266
1 1 3 9144 10258 10259
1 1 2 9152 9153
1 1 2 9170 9282
1 1 2 9190 10857
1 1 2 9191 9197
1 1 2 9198 9199
1 1 3 9208 9253 9254
1 2
2 1 2 9210 9244
2 1 3 9243 9245 9260
1 1 2 9211 9234
1 1 4 9215 9252 9265 9266
1 3
2 1 3 9219 9220 9239
2 1 2 9240 9250
2 1 2 9249 9257
1 1 2 9225 9226
1 1 3 9227 9241 9248
1 1 2 9251 9259
1 1 2 9267 9269
1 2
2 1 2 9325 9327
2 1 2 9401 11226
1 1 3 9331 9332 9333
1 1 3 9334 9336 9337
1 1 2 9366 9367
1 1 3 9391 9519 9522
1 1 4 9399 9400 9661 9662
1 1 2 9406 10384
1 1 2 9416 9417
1 1 2 9451 9684
1 1 2 9455 11009
1 1 2 9460 9461
1 1 2 9470 10906
1 1 2 9506 11207
1 1 3 9508 9509 10184
1 1 3 9510 10189 10286
1 1 2 9516 10316
1 2
2 1 3 9533 9534 9624
2 1 2 9623 9625
1 1 2 9544 9546
1 1 2 9550 9552
1 1 3 9553 9554 9557
1 1 2 9555 9556
1 1 2 9599 9600
1 1 2 9605 9606
1 1 2 9607 9626
1 1 2 9609 9616
1 1 3 9672 9673 9674
1 1 2 9675 9676
1 1 2 9677 9784
1 2
2 1 2 9678 10795
2 1 2 10448 10796
1 1 2 9679 9680
1 1 2 9685 9686
1 1 3 9687 9688 11228
1 2
2 1 2 9690 9702
2 1 2 9691 9698
1 1 3 9692 9700 9737
1 1 4 9693 9694 9699 9783
1 2
2 1 2 9701 9711
2 1 3 9703 9704 9705
1 2
2 1 2 9709 9710
2 1 2 9736 9738
1 1 3 9712 9713 10382
1 1 3 9714 9716 9833
1 2
2 1 2 9717 9718
2 1 2 9837 9838
1 1 2 9732 10418
1 1 2 9740 9804
1 1 2 9746 9747
1 1 2 9748 9754
1 1 2 9756 9785
1 1 2 9758 9759
1 1 3 9762 9763 9764
1 1 4 9794 9795 10412 10413
1 1 2 9808 9848
1 1 3 9819 9820 9865
1 1 3 9825 9826 9836
1 1 3 9830 10044 10045
1 1 2 9831 9832
1 1 3 9844 10348 10719
1 1 2 9854 11017
1 1 2 9866 9867
1 1 2 9871 9885
1 1 2 9874 9882
1 1 3 9879 9891 11036
1 1 2 9883 9951
1 1 2 9895 10002
1 1 2 9898 9950
1 1 2 9901 9905
1 1 2 9903 9904
1 1 2 9906 9975
1 1 2 9913 10346
1 1 3 9914 10821 10822
1 1 2 9916 9917
1 4
2 1 3 9929 10742 10776
2 1 2 10682 11040
2 1 3 10686 10691 10725
2 1 2 10687 10775
1 1 2 9931 9941
1 1 3 9942 9943 10791
1 1 3 9972 10147 10150
1 1 3 9989 9990 9991
1 1 4 10009 10010 10011 10091
1 1 2 10019 10644
1 1 2 10021 10616
1 1 2 10022 10202
1 1 2 10023 10094
1 1 3 10024 10027 10151
1 2
2 1 2 10030 10190
2 1 2 10031 10032
1 1 2 10039 10131
1 1 2 10040 10074
1 1 2 10048 10055
1 1 2 10051 10943
1 1 2 10097 10098
1 1 2 10103 10104
1 1 2 10113 10114
1 1 2 10132 10133
1 1 2 10135 10136
1 1 2 10140 10141
1 1 2 10142 10192
1 1 2 10145 10187
1 1 2 10146 10148
1 1 3 10171 10554 10555
1 1 2 10180 10181
1 1 2 10193 10194
1 1 2 10200 10618
1 1 2 10204 10208
1 1 2 10228 10229
1 3
2 1 2 10241 10244
2 1 2 10242 10243
2 1 2 10245 10271
1 1 2 10261 10304
1 2
2 1 2 10277 10278
2 1 3 10279 10280 10282
1 1 2 10283 10285
1 1 2 10305 10306
1 1 3 10310 10815 10816
1 1 3 10321 10325 10328
1 1 2 10329 10330
1 1 2 10331 10344
1 1 2 10339 10354
1 1 2 10347 10477
1 1 2 10366 10368
1 1 2 10435 10436
1 1 3 10440 10525 10526
1 1 2 10443 10444
1 1 2 10449 10450
1 1 2 10470 10474
1 1 2 10483 10484
1 1 2 10485 10489
1 1 2 10488 10501
1 1 2 10493 10494
1 1 2 10497 10518
1 1 2 10499 10505
1 1 3 10533 10534 10535
1 1 2 10536 10537
1 1 2 10539 10683
1 1 2 10604 10605
1 1 2 10665 11027
1 1 2 10673 10674
1 1 2 10736 10737
1 1 3 10738 10743 10744
1 1 2 10751 10754
1 1 2 10752 10760
1 1 2 10753 10762
1 1 2 10755 10758
1 1 3 10763 10805 10808
1 2
2 1 3 10766 10767 10768
2 1 2 10769 10771
1 1 2 10781 10955
1 1 2 10784 10785
1 1 2 10790 10793
1 1 2 10817 10819
1 1 2 10875 11013
1 1 2 10899 10904
1 1 2 10998 11068
