0 1447
1 4
2 1 48 0 1790 2138 2351 2655 2745 3126 3231 3434 3533 3657 4059 4076 4531 4541 5565 5609 5832 5920 6222 7207 7260 7680 7796 7862 7980 8187 8237 8246 8443 8757 8791 9029 9591 9601 9634 9639 9669 9818 10353 10473 10591 10653 10900 11001 11139 11225 11250
2 1 3 6696 8880 8881
2 1 2 9052 9053
2 1 2 10604 10605
1 5
2 1 3 1 1570 6168
2 1 4 52 4544 4545 10631
2 1 2 883 965
2 1 3 884 2954 8615
2 1 2 10331 10344
1 9
2 1 4 2 3189 10235 10238
2 1 3 4 6070 7506
2 1 3 93 977 1813
2 2
3 1 3 94 3624 8317
3 1 2 4251 6401
2 1 2 909 4254
2 2
3 1 4 1234 1566 4626 8944
3 1 2 7231 7907
2 1 2 1826 5213
2 1 2 2233 2375
2 1 4 8318 10233 10236 10237
1 5
2 1 3 3 1670 2565
2 1 2 1568 1673
2 2
3 1 2 1569 11092
3 1 2 1572 5003
2 1 2 2976 4216
2 1 2 3733 7407
1 44
2 1 14 5 120 3638 4680 5320 5880 6801 8608 8669 8678 8831 10303 10884 11179
2 2
3 1 3 6 5319 8651
3 1 3 3761 8809 8922
2 3
3 1 2 51 8491
3 1 4 846 847 4199 8578
3 1 2 3351 5363
2 1 3 113 114 115
2 1 3 116 2498 8255
2 1 3 190 192 9622
2 1 2 547 845
2 3
3 2
4 1 3 922 6431 6512
4 2
5 1 2 2898 5925
5 1 2 2901 3048
3 2
4 1 3 1077 2899 8653
4 1 2 6606 8307
3 1 3 2483 5839 9306
2 1 12 923 3462 4604 5431 5879 8640 8644 8645 8646 8648 8650 8655
2 2
3 1 2 924 8923
3 1 2 925 1601
2 4
3 1 3 1193 8656 11231
3 1 2 2172 3538
3 1 3 3285 3287 8647
3 1 4 3286 3501 4099 7423
2 1 2 1200 8912
2 3
3 1 2 1312 2848
3 1 2 2339 7664
3 1 2 3996 6529
2 1 3 1582 2758 6718
2 3
3 1 2 2184 3451
3 1 3 2757 5355 8824
3 2
4 1 2 6996 8664
4 1 2 7627 8610
2 1 2 2211 2854
2 3
3 1 3 2432 3366 8673
3 1 3 2433 6123 6389
3 1 2 4060 4062
2 2
3 1 3 2600 8925 11223
3 1 3 3454 7280 8919
2 1 2 2849 7699
2 1 3 2897 3049 5171
2 1 2 2900 9305
2 1 3 2920 8910 9279
2 3
3 1 3 3350 8726 10399
3 1 3 4200 7017 7018
3 1 2 7016 8724
2 3
3 1 3 3452 7949 8109
3 1 3 5926 6030 9304
3 1 2 6029 6795
2 1 3 3453 8821 8830
2 1 2 3711 6252
2 1 5 4052 4080 4456 8641 8926
2 1 5 4081 7158 7159 7371 9222
2 3
3 1 2 4145 8674
3 1 2 4429 8800
3 1 2 5507 6422
2 1 3 4409 6802 9202
2 1 3 4421 4455 8652
2 1 3 4864 6114 8924
2 1 2 5215 7879
2 1 2 5872 6997
2 1 2 6028 6796
2 2
3 1 2 6707 8799
3 1 3 8793 8794 8795
2 2
3 1 3 7006 9167 9168
3 1 2 9166 9169
2 3
3 1 4 8310 8679 9278 9281
3 1 3 9271 9274 9275
3 1 3 9272 9276 9280
2 1 3 8311 9273 9277
2 1 3 8365 8667 10302
2 1 2 8642 8829
2 1 3 8677 8913 8915
2 1 2 8826 11166
2 1 2 9302 9303
1 47
2 1 3 7 589 7002
2 6
3 1 2 12 815
3 1 2 13 2144
3 1 4 22 2015 3705 7620
3 2
4 1 2 24 3326
4 1 2 424 5916
3 1 3 1159 3591 3796
3 1 3 3327 3328 3783
2 3
3 1 2 14 6870
3 1 2 2643 6046
3 1 3 3712 5963 6045
2 2
3 1 3 15 9428 9731
3 1 2 2062 2213
2 1 2 16 2398
2 3
3 1 3 21 2198 8067
3 1 2 2197 4968
3 1 3 2241 4755 10546
2 1 7 53 352 829 1681 3440 10914 11079
2 1 2 65 9802
2 7
3 2
4 1 3 164 590 8979
4 1 2 3808 9803
3 1 5 244 2819 4239 4729 5079
3 3
4 1 2 302 814
4 1 3 423 3590 5767
4 1 2 1406 5414
3 1 3 359 3805 3806
3 2
4 1 3 2608 3795 8042
4 1 2 3799 4730
3 1 2 3598 3599
3 1 2 3807 5820
2 3
3 2
4 1 2 245 2252
4 1 2 2254 7911
3 2
4 1 4 309 770 772 8550
4 1 2 5019 5863
3 1 2 3781 7868
2 1 5 300 1879 4515 7706 8588
2 1 3 301 9246 11181
2 2
3 1 4 303 812 9378 10912
3 1 2 310 7377
2 2
3 1 3 304 306 11050
3 1 2 5198 10627
2 2
3 1 2 305 570
3 1 2 4967 5727
2 2
3 1 2 307 5165
3 1 2 740 4344
2 1 3 308 3401 4813
2 1 3 353 5821 9842
2 2
3 1 2 361 5243
3 1 2 582 1195
2 3
3 2
4 1 2 422 7227
4 1 2 425 4985
3 1 3 3891 4387 10690
3 1 2 10684 10703
2 2
3 1 3 462 3621 3622
3 1 3 2710 3007 10156
2 4
3 1 2 813 3784
3 2
4 1 2 1550 10961
4 1 2 6007 7415
3 1 2 3341 6594
3 1 2 3850 6237
2 5
3 1 3 879 6720 9472
3 1 2 1190 9539
3 1 3 3204 6794 9402
3 1 2 5127 6871
3 1 3 9537 9538 9668
2 2
3 1 2 1121 8633
3 1 2 1723 7876
2 1 2 1407 5712
2 1 2 1466 10734
2 2
3 1 3 1551 2816 3241
3 1 2 2091 8160
2 1 2 1552 2810
2 2
3 1 3 1560 6270 9456
3 1 4 2016 2017 3205 9404
2 1 2 1561 5696
2 1 2 1585 10915
2 2
3 1 2 1722 7542
3 1 3 3300 5984 6054
2 1 3 1871 8978 8981
2 1 2 1922 2259
2 2
3 1 4 2088 2576 4198 7849
3 1 2 2607 11011
2 2
3 1 4 2239 4245 5914 9403
3 1 5 4783 6294 9459 9471 9473
2 1 3 2266 2333 8018
2 2
3 1 2 2486 5420
3 1 2 6395 10913
2 1 3 2701 6885 10595
2 1 2 3625 6521
2 1 2 3851 4752
2 1 3 3939 8150 9868
2 1 2 4103 4479
2 1 2 4742 8746
2 1 2 4786 7092
2 2
3 1 3 5915 8074 9507
3 1 2 7118 9413
2 1 3 6751 7430 10756
1 41
2 1 3 8 10 2516
2 8
3 2
4 1 2 11 638
4 1 2 1421 5848
3 2
4 1 4 416 417 4953 6203
4 1 2 444 6821
3 1 4 502 4368 4442 8123
3 2
4 1 3 581 880 4443
4 1 3 881 882 4450
3 1 3 2585 2586 5270
3 1 2 2704 5610
3 1 2 2833 4447
3 1 2 3180 7316
2 2
3 1 2 45 3586
3 1 3 4778 5335 5874
2 2
3 1 2 178 10170
3 1 2 1907 2536
2 1 2 182 445
2 1 3 209 212 4846
2 2
3 1 4 211 698 2896 5803
3 1 3 2695 5723 7745
2 2
3 1 3 213 216 2696
3 1 4 2077 2541 4260 4444
2 2
3 2
4 1 2 214 4542
4 1 3 503 4118 7948
3 2
4 1 2 294 530
4 1 4 418 608 4436 6425
2 1 3 215 4141 7447
2 3
3 1 2 292 3332
3 1 2 442 2076
3 1 2 443 6970
2 2
3 1 3 293 1524 9567
3 1 3 420 6709 7790
2 3
3 1 2 316 3797
3 1 4 397 4446 6853 6893
3 1 3 2542 3424 5296
2 1 2 396 5601
2 2
3 1 3 415 419 3172
3 1 3 3893 7302 8172
2 3
3 1 4 505 696 700 6177
3 1 3 697 6368 6649
3 2
4 1 2 699 701
4 1 3 3661 4018 6595
2 3
3 1 4 578 3861 4348 6731
3 2
4 1 2 580 8078
4 1 2 3510 8293
3 1 2 607 10855
2 1 2 592 10960
2 4
3 1 3 603 2677 5983
3 2
4 1 3 947 1659 2662
4 1 3 1657 1660 10515
3 2
4 1 3 951 4932 10516
4 1 2 955 4415
3 1 2 1854 8710
2 3
3 1 3 604 3749 5343
3 1 2 1380 3748
3 1 2 2290 10512
2 2
3 1 3 605 840 843
3 1 3 2690 5869 7875
2 2
3 1 2 839 1144
3 1 3 1141 1142 9431
2 2
3 1 3 841 1891 3862
3 1 3 1090 1553 3700
2 1 2 878 6721
2 2
3 1 3 1020 4261 4448
3 1 3 1721 1859 5441
2 2
3 1 3 1525 1889 6717
3 1 2 6508 6509
2 1 2 1581 6291
2 1 2 1729 5308
2 1 2 2127 2130
2 1 3 2129 3314 6146
2 1 2 2419 7598
2 1 3 2508 9994 10882
2 1 3 2663 4710 6869
2 1 3 2665 6866 11140
2 2
3 1 3 2694 7121 9487
3 1 3 3191 3720 7929
2 1 3 2715 5337 6766
2 2
3 1 3 3178 3179 6774
3 1 2 6775 6909
2 1 3 3719 4748 10880
2 1 3 4369 5336 7851
2 1 2 5008 8901
2 2
3 1 2 5713 6277
3 1 3 9486 9496 9498
1 4
2 1 3 9 461 3703
2 2
3 1 2 465 6189
3 1 3 466 2572 9374
2 1 4 2341 9372 9376 9377
2 1 2 8955 8956
1 8
2 2
3 1 4 17 2024 7670 7900
3 1 3 3203 4888 8101
2 1 4 406 4603 7540 10802
2 1 3 844 2110 11182
2 1 3 1538 9312 9395
2 1 2 4845 5106
2 1 3 5295 7671 7719
2 1 2 9313 9390
2 2
3 1 2 9323 9326
3 1 2 9325 9327
1 38
2 7
3 2
4 1 2 18 811
4 1 3 670 8727 8728
3 1 5 666 2187 5749 6322 8026
3 1 2 669 2614
3 2
4 1 2 863 2188
4 1 2 1769 9097
3 2
4 1 2 1305 4384
4 1 2 3539 4383
3 1 2 2196 6251
3 1 3 6090 6321 7360
2 1 6 19 663 2391 2654 5450 7568
2 2
3 1 2 20 4294
3 1 5 514 667 2189 9111 11217
2 1 2 48 6857
2 1 6 105 4817 6570 7089 8027 8832
2 2
3 1 4 133 2177 2262 6843
3 1 2 5199 8208
2 5
3 1 2 227 10942
3 1 2 1174 2850
3 1 3 2263 6079 6986
3 1 3 2414 2495 8949
3 2
4 1 2 2853 8776
4 1 2 3282 7047
2 2
3 1 2 391 5953
3 1 2 2237 10941
2 2
3 1 2 659 6069
3 1 2 660 7090
2 4
3 1 4 661 1306 2500 6967
3 1 3 671 2170 3817
3 1 2 1304 7102
3 1 3 1743 3814 5672
2 2
3 1 2 662 2540
3 1 2 1742 2162
2 1 3 664 1087 7854
2 1 6 668 2175 5520 6089 6615 9561
2 2
3 1 3 672 673 2181
3 1 3 1725 2264 7019
2 3
3 1 3 689 6386 7971
3 1 3 690 6716 8086
3 1 3 2173 4649 9165
2 1 3 731 2151 2185
2 1 2 805 7400
2 3
3 1 4 810 2191 6859 7553
3 1 2 2190 5378
3 1 3 4385 7055 7338
2 1 2 932 2513
2 1 2 1050 7960
2 2
3 1 2 1244 4378
3 1 2 2179 4899
2 1 5 1245 2236 5134 5501 7789
2 1 3 1299 4305 6460
2 3
3 1 2 1482 3554
3 1 3 1483 4765 6023
3 1 2 2180 7477
2 3
3 1 3 1519 4263 8189
3 1 3 1887 2160 3802
3 1 2 5268 11075
2 2
3 1 5 1533 3553 5436 6714 8153
3 1 2 6713 9545
2 1 2 2101 2102
2 1 3 2118 4113 4115
2 2
3 1 2 2141 2167
3 1 2 3400 4688
2 3
3 1 2 2142 3897
3 1 2 4047 7104
3 1 3 4662 4894 6519
2 1 4 2165 2176 9106 9107
2 3
3 1 2 2168 2186
3 1 2 2171 5080
3 1 2 7171 7172
2 1 2 2344 6171
2 1 2 3537 8884
2 1 2 3815 4061
2 1 2 5641 7368
2 1 3 6005 6670 9100
2 1 2 7336 7337
1 14
2 4
3 2
4 1 2 23 2605
4 1 3 25 26 915
3 1 2 28 11198
3 1 3 2603 4895 7860
3 1 2 2604 11199
2 1 7 64 5637 6297 6928 10930 11070 11072
2 2
3 1 2 893 3043
3 1 2 894 11071
2 3
3 1 2 895 5700
3 1 3 916 10008 10809
3 1 2 1549 1562
2 2
3 1 2 1156 11069
3 1 3 5542 5543 6890
2 1 2 3042 10414
2 1 2 3109 3239
2 1 2 3960 8001
2 1 3 4320 11196 11197
2 1 3 5090 7806 10898
2 1 2 6961 8289
2 1 3 8041 8322 8323
2 1 2 8721 8722
2 1 2 9525 10919
1 2
2 1 2 27 6047
2 1 2 1118 5283
1 25
2 1 5 29 30 31 32 7043
2 5
3 3
4 1 2 170 475
4 1 2 218 5055
4 1 2 1980 3997
3 2
4 1 4 219 220 3887 5651
4 1 2 221 11030
3 1 2 224 476
3 1 4 225 2308 2310 6977
3 1 2 478 5200
2 3
3 2
4 1 2 171 1514
4 1 2 2311 4628
3 1 4 1516 4337 7939 10407
3 1 2 2279 3023
2 5
3 2
4 1 3 172 1004 3225
4 1 3 282 3226 6836
3 2
4 1 4 174 830 833 834
4 1 2 3228 6501
3 2
4 1 2 527 4837
4 1 2 1474 3224
3 1 2 832 7666
3 2
4 1 3 1003 3227 4736
4 1 3 1328 5573 5800
2 3
3 1 3 173 2378 6115
3 1 4 247 248 6580 6581
3 1 3 285 1512 1517
2 7
3 1 4 217 7378 8668 9912
3 1 4 222 223 3377 4323
3 2
4 1 2 449 4377
4 1 3 477 2379 2383
3 1 4 534 1554 2377 6914
3 1 5 1399 1513 3374 4701 8133
3 2
4 1 3 1822 4570 10481
4 1 2 5440 7485
3 1 3 2309 2376 8934
2 3
3 1 4 249 264 271 4850
3 1 2 269 270
3 1 2 272 273
2 2
3 1 3 252 6489 9531
3 1 4 276 281 283 9422
2 1 3 259 4981 4982
2 2
3 1 2 262 8170
3 1 2 278 9528
2 3
3 2
4 1 3 274 277 5878
4 1 2 831 7271
3 2
4 1 3 2615 6453 10410
4 1 2 2616 2617
3 1 2 7954 9310
2 2
3 1 3 286 3183 4915
3 1 2 5966 7725
2 1 3 535 4321 11105
2 3
3 1 2 870 4469
3 1 2 1078 2984
3 1 2 3456 9482
2 1 3 1140 6627 6629
2 1 2 1182 7286
2 2
3 1 3 1292 4412 7689
3 1 2 1293 6283
2 2
3 1 3 1396 1779 6520
3 1 3 4536 5567 9897
2 2
3 1 3 1515 9671 10637
3 1 3 5566 7041 9887
2 2
3 1 2 2207 2208
3 1 2 3288 7832
2 1 3 2381 2382 8747
2 1 3 3185 3917 3918
2 1 3 3883 4029 5292
2 1 2 5326 7345
2 1 3 6612 6613 7711
1 2
2 1 4 33 8614 11164 11190
2 1 2 3768 9060
1 4
2 1 4 34 1326 5676 5679
2 1 3 5563 5881 7224
2 1 2 5564 5902
2 1 2 5678 8514
1 5
2 1 2 35 8416
2 1 2 1506 5048
2 1 2 1508 7773
2 1 2 4229 5796
2 1 2 5088 5089
1 3
2 1 2 36 3763
2 1 3 3764 3765 5643
2 1 3 7428 7429 10016
1 1 3 37 2602 11128
1 2
2 1 2 38 10041
2 1 2 5597 6241
1 1 2 39 7510
1 1 2 40 11127
1 3
2 1 4 41 42 4668 4670
2 1 2 1324 2514
2 1 3 1345 2481 4925
1 2
2 3
3 1 2 43 10174
3 1 2 625 2649
3 1 2 10539 10683
2 2
3 1 3 161 6661 6662
3 1 3 2430 2431 10172
1 6
2 2
3 1 3 44 5934 8093
3 1 5 123 4497 7449 9421 10134
2 1 3 124 1623 5572
2 1 5 125 481 2533 5922 10811
2 1 3 4295 10149 10185
2 1 2 4296 7889
2 1 2 5854 8151
1 7
2 1 3 46 5222 5223
2 2
3 1 2 204 4912
3 1 3 1270 2884 2885
2 2
3 1 4 287 288 291 1494
3 1 2 289 1495
2 1 3 290 3881 3930
2 1 2 1049 8073
2 1 3 3709 7342 9719
2 1 3 6275 6281 6922
1 4
2 1 4 47 756 5226 8069
2 1 2 518 4007
2 1 2 3002 3535
2 1 2 3337 3338
1 12
2 2
3 1 4 49 4664 6592 8099
3 1 2 4663 6636
2 1 3 50 6232 7108
2 3
3 1 2 130 3998
3 1 3 3301 4961 5568
3 1 2 7309 7310
2 2
3 1 2 598 1505
3 1 2 7474 7901
2 2
3 1 2 1323 6691
3 1 2 4769 5020
2 2
3 1 3 1370 2828 3580
3 1 3 1376 1377 5473
2 1 2 2008 4180
2 1 2 2826 10722
2 2
3 1 2 3583 10579
3 1 2 7522 9728
2 1 2 4984 7523
2 1 2 6242 8585
2 1 2 10132 10133
1 5
2 3
3 1 5 54 55 56 3702 4048
3 1 2 57 7097
3 1 2 3701 10411
2 1 5 58 3137 7096 7549 9180
2 2
3 1 2 750 9176
3 1 2 1274 5951
2 1 3 1556 1964 4241
2 1 3 2205 5130 6126
1 2
2 1 3 59 3822 4822
2 1 4 1687 1688 6737 7967
1 1 5 60 62 3116 5490 11206
1 2
2 1 3 61 6110 7937
2 1 2 3450 4836
1 9
2 1 2 63 6269
2 2
3 1 2 1098 4901
3 1 2 4000 6734
2 1 5 1636 1639 2764 2765 5559
2 1 3 1637 3690 7169
2 1 4 1638 4451 5554 5786
2 1 2 3688 5553
2 1 3 4230 5401 7652
2 1 2 5076 9660
2 1 2 5558 5817
1 1 4 66 2661 3623 10970
1 12
2 4
3 1 5 67 71 2368 4631 4633
3 1 3 72 76 79
3 1 2 1930 2443
3 1 3 2922 3044 3899
2 4
3 1 3 68 74 10946
3 1 3 77 1191 7823
3 1 2 80 5628
3 2
4 1 2 81 6263
4 1 4 2447 3875 4485 6058
2 5
3 1 2 69 5639
3 1 3 1150 2370 4595
3 1 2 1759 6353
3 1 4 1761 1762 2369 4632
3 1 2 7715 8371
2 2
3 1 2 73 986
3 1 2 2892 8062
2 1 4 75 235 450 10858
2 2
3 1 3 78 3162 3236
3 1 3 3234 4918 6835
2 2
3 1 2 236 710
3 1 2 2552 4897
2 1 2 317 11203
2 1 4 2212 6278 6312 6313
2 1 3 2806 2890 2891
2 1 2 5000 5221
2 1 2 5220 6875
1 8
2 1 3 70 8198 10929
2 1 2 595 11201
2 1 3 1009 4660 7644
2 1 3 1578 4659 10932
2 1 5 2990 3213 7124 7125 7812
2 1 3 5949 7071 7072
2 1 2 7093 10894
2 1 2 9142 10266
1 5
2 1 2 82 3331
2 1 4 83 524 525 3114
2 2
3 1 2 84 3692
3 1 2 1264 3691
2 1 4 86 88 5698 11125
2 1 2 112 7808
1 20
2 2
3 1 3 85 1143 5733
3 1 2 4563 5831
2 1 6 144 504 5682 5683 5903 8497
2 1 4 145 1358 1946 6496
2 3
3 1 2 146 10958
3 1 2 314 5850
3 1 2 1356 1520
2 2
3 1 3 311 1890 2902
3 1 2 6494 7382
2 2
3 1 4 312 2709 5928 10657
3 1 5 334 2971 5184 6438 7739
2 1 3 336 1265 10959
2 1 2 385 6354
2 3
3 2
4 1 4 398 399 400 1426
4 1 2 401 2124
3 2
4 1 2 1357 6783
4 1 2 1901 3232
3 1 3 1527 1902 5849
2 2
3 1 2 1276 7973
3 1 3 1526 7334 7361
2 1 4 1277 1389 1439 11059
2 2
3 1 2 1438 3032
3 1 2 2125 6540
2 1 3 2658 2659 3777
2 1 3 2903 5904 7112
2 1 3 3682 4215 6782
2 1 2 4474 4543
2 2
3 1 3 4553 7925 7926
3 1 2 9573 9604
2 1 2 6231 6443
2 1 2 7445 8117
2 1 3 10569 10570 10572
1 3
2 1 3 87 9408 10801
2 1 2 752 8095
2 1 3 2749 3721 4473
1 6
2 1 11 89 978 2275 4676 5314 6187 6757 7569 10879 11109 11235
2 1 3 4816 5783 9349
2 1 3 6677 6678 8298
2 1 2 7070 8184
2 1 2 7612 10721
2 1 2 8173 9682
1 4
2 1 3 90 1828 5524
2 1 2 2199 5021
2 1 3 2200 8193 8254
2 1 2 6920 7008
1 9
2 1 2 91 7665
2 1 4 421 6135 9073 10275
2 1 3 456 3756 10455
2 1 2 464 7595
2 1 2 933 3412
2 1 2 1025 3270
2 1 3 2004 5027 6488
2 2
3 1 3 3782 3844 9383
3 1 2 6935 7278
2 1 2 5808 10566
1 4
2 1 4 92 3038 4871 4872
2 1 4 874 3037 3039 4144
2 1 3 1671 1672 3041
2 2
3 1 3 2795 3410 5958
3 1 2 2797 3040
1 4
2 1 3 95 1937 8467
2 1 2 1938 8555
2 1 3 4851 4852 6635
2 1 3 5583 7878 8361
1 6
2 2
3 2
4 1 3 96 98 4746
4 1 2 97 6369
3 1 2 4747 5344
2 1 6 848 4600 6990 7426 7490 7492
2 1 2 849 5212
2 1 3 850 2489 7655
2 1 3 851 8161 9697
2 1 3 3433 7654 7656
1 1 4 99 3610 7479 10785
1 1 5 100 1450 2238 6953 11119
1 3
2 1 3 101 730 7045
2 1 3 102 103 104
2 1 3 1768 2178 2182
1 3
2 1 2 106 10470
2 1 3 119 175 3360
2 1 2 1266 8392
1 8
2 1 3 107 5962 7915
2 2
3 1 3 631 3283 6531
3 1 2 4834 5218
2 1 3 634 3773 7642
2 2
3 1 2 635 2667
3 1 2 1176 7107
2 1 2 1379 1951
2 2
3 1 3 1755 3480 6416
3 1 3 2276 6655 8986
2 1 2 4222 6590
2 1 3 5451 5635 6657
1 1 3 108 109 1718
1 2
2 1 2 110 5103
2 1 2 3835 3836
1 4
2 1 3 111 1498 3967
2 1 2 1318 4270
2 1 2 1760 11148
2 1 2 2748 3491
1 14
2 1 2 117 9767
2 1 3 155 5362 8300
2 5
3 1 3 243 497 1199
3 1 2 653 10845
3 1 3 1996 1997 3544
3 1 2 3083 6180
3 1 2 6111 9979
2 1 4 495 4795 5372 7503
2 1 3 496 2648 9247
2 1 3 630 2969 5491
2 4
3 1 3 781 892 4119
3 1 5 946 952 4537 5804 7525
3 1 2 1198 1798
3 1 2 2857 8947
2 1 2 785 2858
2 1 4 954 1233 1564 5371
2 1 3 1567 7232 9980
2 1 3 2287 3495 6214
2 2
3 1 2 2968 6500
3 1 3 4796 9974 10666
2 1 2 4082 5982
2 2
3 1 3 4723 6309 8265
3 1 2 8264 8897
1 5
2 2
3 1 2 118 5259
3 1 2 8372 8943
2 2
3 1 3 594 1976 4721
3 1 2 837 10163
2 2
3 1 2 1231 7777
3 1 4 1339 2807 6504 7126
2 1 2 6764 8410
2 1 2 7778 9185
1 12
2 2
3 1 2 121 3264
3 1 4 3263 7156 7986 8516
2 2
3 1 4 122 8500 8505 8507
3 1 2 8501 8521
2 3
3 1 3 703 8121 8517
3 1 2 706 2692
3 1 4 707 5149 10293 10999
2 1 3 704 8286 8502
2 3
3 1 4 705 1011 1186 1663
3 1 3 2114 8515 10089
3 1 2 5147 7145
2 1 4 708 1733 7155 9161
2 1 2 1187 6568
2 2
3 1 2 3262 7146
3 1 2 6639 8281
2 2
3 1 3 3809 5145 5151
3 1 2 5146 5150
2 1 2 5148 8504
2 1 4 6565 8498 8503 8508
2 1 2 8529 9162
1 1 4 126 2601 5684 7592
1 7
2 1 3 127 128 10876
2 2
3 1 2 129 5069
3 1 2 3840 5070
2 1 3 131 3841 5894
2 1 2 778 779
2 1 2 911 7576
2 2
3 1 2 3438 4636
3 1 2 4637 7319
2 1 2 6213 7066
1 8
2 1 4 132 4571 4920 5351
2 1 4 1278 1279 1281 4035
2 1 3 1280 1283 2874
2 1 3 1282 4100 7053
2 1 2 2195 4904
2 1 2 4276 7388
2 1 2 4903 11102
2 1 2 6328 11101
1 4
2 1 3 134 941 11142
2 1 3 558 943 945
2 1 3 944 5873 8732
2 1 2 1589 2864
1 10
2 1 4 135 2079 3813 6742
2 1 3 548 10685 11034
2 4
3 1 2 1528 10340
3 1 3 1530 3916 7877
3 1 3 1531 3159 5347
3 1 2 1532 6790
2 1 2 2078 5154
2 2
3 1 2 2550 9317
3 1 2 8415 10361
2 2
3 1 2 4549 10360
3 1 2 8965 10840
2 1 3 4551 8079 10727
2 1 2 5691 8436
2 1 2 7200 10359
2 1 2 7379 9318
1 4
2 1 2 136 6194
2 1 4 138 6287 6327 6906
2 1 3 139 2964 3662
2 1 3 2528 6258 11143
1 6
2 2
3 1 2 137 1685
3 1 2 229 7196
2 1 5 167 5659 5660 6793 7436
2 2
3 1 3 567 1001 4210
3 1 2 3970 10378
2 2
3 1 3 999 1775 1864
3 1 2 1000 7160
2 2
3 1 2 2780 8551
3 1 2 3052 3053
2 1 3 3393 5183 8089
1 9
2 2
3 1 3 140 202 7332
3 1 4 5110 9806 9829 9845
2 2
3 1 3 1074 2081 2553
3 1 4 4002 4006 9847 10398
2 1 4 1686 1993 5997 11135
2 2
3 1 3 1990 2295 6767
3 1 2 4367 4794
2 1 2 1991 4013
2 1 4 1992 1994 2055 7331
2 1 2 3370 4568
2 1 2 5638 7850
2 2
3 1 2 8034 10938
3 1 2 8708 11247
1 1 4 141 3120 4015 4016
1 1 3 142 3237 5527
1 8
2 1 4 143 4779 9965 10190
2 1 4 208 6647 7528 8496
2 3
3 1 2 351 6567
3 1 2 1731 8288
3 1 2 1732 3418
2 1 3 1431 6852 9998
2 1 3 1720 2943 9997
2 1 3 1730 7154 7304
2 1 2 7122 7844
2 1 2 9996 9999
1 5
2 1 12 147 1863 2087 4142 6011 8775 9289 10770 11037 11039 11040 11043
2 2
3 1 3 1870 5352 6979
3 1 2 4921 7514
2 1 2 2774 7392
2 1 3 4327 6978 7433
2 1 2 5297 5883
1 8
2 3
3 1 3 148 618 9345
3 1 2 6384 9316
3 1 2 9775 9776
2 4
3 1 4 151 6367 6968 9347
3 2
4 1 2 195 2022
4 1 2 2019 7094
3 1 6 197 1584 1586 8186 10902 11172
3 1 4 2021 6003 6490 6815
2 2
3 1 4 479 2018 8865 10396
3 1 2 8858 8869
2 7
3 1 4 482 7662 8855 9344
3 1 2 711 712
3 2
4 1 2 714 8866
4 1 2 5472 8856
3 1 2 2300 8867
3 1 2 2960 4067
3 1 2 2961 3107
3 1 2 7659 8857
2 2
3 1 2 519 9355
3 1 5 1005 1458 3641 6383 9339
2 1 2 3020 6254
2 2
3 1 3 5026 6303 10852
3 1 2 5471 6778
2 1 3 8859 8862 8863
1 6
2 1 3 149 4708 4709
2 1 3 492 2934 7340
2 1 3 743 3090 7723
2 1 3 1253 3092 6020
2 1 3 2502 6075 7724
2 3
3 1 2 2589 3371
3 1 2 2590 6019
3 1 2 3091 7722
1 2
2 1 3 150 5917 6071
2 1 2 6207 7629
1 16
2 1 4 152 6044 7095 8217
2 2
3 1 4 226 808 1969 5574
3 1 2 3356 8201
2 1 5 231 5413 6302 10291 11209
2 1 3 566 4197 4800
2 2
3 1 4 674 1968 8163 10517
3 1 2 4234 6284
2 2
3 2
4 1 3 806 807 4381
4 1 2 4592 4593
3 1 3 809 1647 1970
2 2
3 1 3 1648 5281 7855
3 1 3 4019 7676 7677
2 2
3 1 2 1736 1737
3 1 2 2519 5282
2 2
3 1 2 2051 6458
3 1 3 2052 4096 4801
2 2
3 1 2 2265 8767
3 1 2 5834 6808
2 2
3 1 2 2406 3522
3 1 2 2407 4098
2 1 3 2685 3251 4095
2 2
3 1 3 3520 5227 11174
3 1 3 3869 5228 7894
2 1 3 3958 3959 8162
2 1 4 4379 4614 6016 8190
2 1 2 6320 8248
1 8
2 1 16 153 4743 5438 7749 7750 7843 7864 8456 8605 8845 9184 9291 10284 10656 10664 10922
2 1 3 488 7602 8387
2 1 4 489 3602 8773 11152
2 1 2 2183 3837
2 1 3 3482 3483 3484
2 1 2 4780 7751
2 1 2 6664 9104
2 1 2 9931 9941
1 11
2 2
3 1 2 154 1067
3 1 3 162 2042 3972
2 5
3 1 4 156 157 1071 1125
3 1 2 158 1137
3 1 3 1068 1138 4307
3 1 3 1070 3985 10863
3 1 4 1072 3033 3581 6561
2 3
3 1 2 159 784
3 1 2 1069 10511
3 2
4 1 3 2046 5898 10510
4 1 2 9407 10878
2 3
3 2
4 1 2 160 11088
4 1 2 1135 6886
3 1 5 1045 6980 8258 9189 10877
3 1 2 2752 6429
2 2
3 1 2 526 10844
3 1 3 10231 10232 10234
2 1 3 776 6563 6564
2 3
3 1 5 1136 3973 6142 6143 7807
3 1 3 1387 1669 4217
3 1 2 3971 10860
2 2
3 1 2 1139 9192
3 1 3 5665 9922 9924
2 1 2 1818 6144
2 1 2 3119 4697
2 1 2 6562 8982
1 9
2 1 3 163 1801 2949
2 2
3 1 2 329 10567
3 1 3 1127 6878 8587
2 1 4 626 629 1128 1129
2 1 3 627 3345 9787
2 2
3 1 4 636 1126 5155 6439
3 1 3 780 1322 5156
2 3
3 1 5 637 1802 4722 5030 6663
3 1 2 639 5357
3 1 2 1800 6345
2 1 4 3060 6611 8316 9788
2 1 2 3867 4962
2 1 3 4768 5439 6004
1 12
2 2
3 1 3 165 8268 9888
3 1 2 4063 5521
2 1 2 437 2727
2 1 2 2271 11154
2 1 2 2274 7258
2 2
3 1 4 2753 5769 5771 8164
3 1 2 4300 5770
2 1 5 2905 4027 5391 7829 7985
2 2
3 1 2 4025 5802
3 1 3 7061 7062 10871
2 1 3 4026 6641 11200
2 2
3 1 2 4248 5592
3 1 2 6865 8355
2 1 3 6572 6864 10556
2 1 2 7265 7266
2 1 3 8331 8333 9512
1 1 3 166 542 5905
1 6
2 1 3 168 7828 9565
2 2
3 1 2 684 9511
3 1 4 2248 3579 3762 9173
2 1 2 688 8879
2 1 3 1099 6048 6096
2 1 2 2249 4884
2 1 4 2789 4885 5952 9179
1 5
2 1 4 169 472 474 5101
2 1 3 470 3509 4629
2 1 3 1579 1580 8083
2 2
3 1 3 1830 2653 6769
3 1 2 4136 5913
2 2
3 1 3 4138 4140 11073
3 1 2 4139 5481
1 21
2 1 2 176 1510
2 7
3 2
4 1 5 515 585 3619 6412 8487
4 1 3 1257 2631 6819
3 1 5 1255 2059 5010 8634 10910
3 2
4 1 2 1587 4071
4 1 3 2360 2575 4069
3 2
4 1 3 2220 6820 9670
4 1 2 4460 8635
3 2
4 1 2 2633 4397
4 1 2 5167 9014
3 1 2 4070 6542
3 1 2 7259 10881
2 2
3 1 3 574 9452 9453
3 1 2 7488 9483
2 1 2 974 9505
2 1 5 1158 5113 7983 10308 10650
2 2
3 1 2 1256 10672
3 1 3 2389 4711 9666
2 3
3 1 2 1633 5895
3 1 2 3062 3677
3 1 2 4051 7216
2 3
3 1 2 1834 8275
3 1 3 2987 5649 5725
3 1 2 5671 7487
2 2
3 1 2 2089 11057
3 1 2 2090 8159
2 1 2 2156 2449
2 1 2 2283 4396
2 5
3 2
4 1 3 2736 6181 8622
4 1 3 6182 6184 8360
3 1 3 2986 5408 5488
3 2
4 1 2 3098 7982
4 1 2 4398 6183
3 1 4 5407 5409 8617 8620
3 1 2 8616 8621
2 1 4 2946 3620 4751 9457
2 2
3 1 3 2978 2979 4712
3 1 2 2981 2982
2 1 3 3128 3129 3489
2 1 2 3206 9968
2 1 2 3824 6418
2 1 4 3849 5489 5714 11008
2 2
3 1 3 4038 8113 10557
3 1 2 9854 11017
2 1 3 4969 5728 5729
2 1 2 7417 10177
1 11
2 1 8 177 344 1908 2970 3097 3798 5782 6513
2 1 2 179 576
2 1 6 181 3659 5261 7211 7632 8898
2 3
3 1 4 338 339 4445 5137
3 1 2 342 953
3 1 2 529 4787
2 2
3 2
4 1 2 340 2630
4 1 2 4227 7679
3 1 3 2418 3303 4449
2 2
3 1 3 402 6710 6738
3 1 2 404 2991
2 2
3 1 2 403 956
3 1 2 405 7212
2 1 2 2050 7625
2 1 3 4226 5652 5653
2 1 2 4293 6292
2 2
3 1 2 4352 10856
3 1 2 10838 10839
1 2
2 1 3 180 5018 10995
2 1 2 1501 9566
1 1 4 183 184 185 7076
1 2
2 1 2 186 4997
2 1 2 7824 8064
1 2
2 1 4 187 188 189 379
2 1 2 9796 9797
1 4
2 1 3 191 2656 7164
2 2
3 1 2 1823 5998
3 1 2 3983 4707
2 1 2 2393 2657
2 1 2 4726 6880
1 9
2 1 3 193 1013 2374
2 1 6 491 2330 5255 5487 7348 10028
2 2
3 1 2 597 4926
3 1 2 4364 5294
2 1 2 657 6065
2 1 2 1677 3717
2 1 4 2029 2883 2962 4927
2 2
3 1 2 2270 5858
3 1 2 5857 8035
2 1 3 2593 3715 10309
2 1 6 5423 6599 7953 8059 9493 9494
1 2
2 1 2 194 2028
2 1 2 7596 9205
1 4
2 1 4 196 3496 4534 7166
2 1 3 732 3082 7883
2 1 3 2876 3635 5166
2 1 2 5072 11234
1 12
2 1 4 198 5981 7791 8540
2 1 3 341 345 3242
2 1 4 429 2792 3767 7995
2 2
3 1 2 430 431
3 1 2 1598 5064
2 2
3 1 4 432 434 3117 6205
3 1 2 433 6206
2 1 4 436 1794 4762 5219
2 1 2 774 2551
2 2
3 1 2 1061 11255
3 1 2 1062 1675
2 2
3 1 2 1065 2598
3 1 2 7403 8116
2 1 3 1066 1131 1325
2 1 2 1132 6392
2 1 3 1600 2347 7431
1 3
2 1 3 199 3223 3790
2 1 5 641 675 3789 5871 11134
2 1 2 676 9475
1 3
2 1 5 200 2496 3422 6002 11202
2 1 3 3419 3420 7783
2 1 2 3421 4523
1 9
2 2
3 1 3 201 2559 2563
3 1 3 512 3926 7944
2 3
3 1 2 510 3563
3 1 2 513 2454
3 1 3 2561 2562 5124
2 2
3 1 4 511 3214 7244 10823
3 1 3 3215 3217 6538
2 1 3 2955 9467 9683
2 1 5 3710 6804 7174 10632 10803
2 2
3 1 3 3927 3928 8029
3 1 3 3929 6524 6792
2 1 2 4233 5946
2 1 2 5123 7119
2 1 2 6415 11029
1 4
2 1 4 203 233 2169 6747
2 1 3 232 4594 7133
2 1 2 6136 6265
2 1 2 6831 6832
1 1 3 205 206 3398
1 8
2 1 4 207 2587 3914 3933
2 1 5 702 8808 10123 11132 11138
2 1 3 859 2332 9353
2 1 4 872 5185 5186 6481
2 2
3 1 2 1702 6482
3 1 2 1703 8297
2 1 2 2006 2007
2 1 3 2158 8306 8927
2 1 2 2813 6555
1 4
2 1 5 210 1876 2005 9735 10324
2 2
3 3
4 1 2 343 528
4 1 2 531 8485
4 1 2 3096 5826
3 1 3 1120 7594 8989
2 1 3 8404 9987 10851
2 1 3 8484 8906 8907
1 5
2 1 3 228 7770 7787
2 1 2 2068 2069
2 1 3 2153 3008 9368
2 1 2 2392 8736
2 1 3 7343 8730 8737
1 6
2 1 2 230 4235
2 1 3 903 5129 10391
2 1 2 918 2020
2 1 5 1619 1620 5475 5476 11003
2 1 4 2842 2843 3031 8247
2 1 4 2844 2845 6697 11002
1 1 3 234 3838 6141
1 17
2 1 3 237 3078 8132
2 1 3 367 1112 1113
2 1 6 369 2521 2930 5600 6024 6826
2 1 5 370 2919 3070 3072 3629
2 1 2 642 3693
2 2
3 1 2 735 7518
3 1 2 2475 9779
2 1 3 917 3630 7538
2 1 5 1026 4149 5599 8543 9181
2 1 4 1105 6162 6307 7692
2 2
3 1 4 1546 1684 2325 2640
3 1 4 2326 2642 4902 5673
2 1 3 1756 3187 4148
2 1 2 1767 4257
2 1 4 2882 3149 3152 5825
2 2
3 1 2 2932 2938
3 1 2 2933 8451
2 1 2 3995 6797
2 1 2 4345 6230
2 1 3 6989 6991 7162
1 5
2 1 2 238 9135
2 1 2 1464 4359
2 1 4 2693 3906 5417 9134
2 2
3 1 2 5173 11155
3 1 3 5174 8689 9151
2 3
3 1 2 6624 7947
3 1 2 6625 7163
3 1 3 7075 7946 8483
1 1 3 239 998 9766
1 16
2 2
3 1 3 240 3617 4271
3 1 2 5805 7502
2 2
3 2
4 1 4 624 798 800 2218
4 1 2 793 795
3 1 4 802 803 3922 4866
2 1 4 792 801 1932 3921
2 2
3 1 3 794 3752 8544
3 1 2 3753 8301
2 2
3 1 2 796 6339
3 1 2 6340 6916
2 1 3 797 3920 8141
2 1 3 804 8423 8784
2 1 2 1317 10883
2 1 3 1674 2492 2493
2 2
3 1 2 1778 6449
3 1 2 1796 6341
2 1 3 1929 1931 7880
2 1 2 2494 8320
2 2
3 1 4 2599 2612 4054 4055
3 1 2 7908 8295
2 1 3 3492 3493 9399
2 1 2 3494 10873
2 1 2 4175 4867
1 2
2 1 3 241 500 3919
2 1 3 499 4735 5405
1 3
2 1 3 242 10833 10916
2 3
3 1 2 2014 10143
3 1 3 3196 7427 10468
3 1 2 4273 6337
2 1 2 6432 7691
1 11
2 1 4 246 5695 9050 10643
2 2
3 1 3 739 5045 5724
3 1 2 5044 7381
2 1 3 1368 2886 8179
2 4
3 1 2 1425 11106
3 1 2 2044 9038
3 1 3 3304 3305 5081
3 1 2 5893 9915
2 2
3 1 2 2001 4106
3 1 2 4770 6298
2 2
3 1 3 2538 2743 11186
3 1 4 6744 6818 9577 10527
2 1 2 2711 10972
2 1 3 3467 3560 10658
2 1 2 4658 11024
2 1 3 8090 10799 10800
2 1 2 9913 10346
1 7
2 1 2 250 7390
2 1 3 251 4112 6724
2 1 3 255 8171 9530
2 1 2 2775 9309
2 1 2 2776 4111
2 1 2 3925 11115
2 1 3 4883 7799 11130
1 2
2 1 3 253 254 4936
2 1 2 4423 9527
1 11
2 1 3 256 8314 9532
2 1 2 257 258
2 1 3 266 268 8494
2 1 3 267 279 9944
2 2
3 1 2 275 6940
3 1 2 5410 6941
2 1 6 284 4039 4388 7437 9078 10263
2 1 3 575 7996 10299
2 1 2 3754 3759
2 1 2 4858 9077
2 1 2 5570 6939
2 1 2 6784 11229
1 1 4 260 261 5650 7548
1 2
2 1 3 263 2097 2099
2 1 2 2098 8143
1 1 2 265 4999
1 1 2 280 11114
1 2
2 1 2 295 3541
2 1 4 296 2686 7375 8454
1 2
2 1 2 297 11232
2 1 2 2577 10371
1 7
2 1 3 298 3079 11112
2 1 2 520 1602
2 1 2 721 8607
2 2
3 1 2 931 8719
3 1 2 1603 9340
2 1 2 1604 7079
2 1 2 1605 4340
2 1 2 8780 8781
1 10
2 1 4 299 4665 7802 10778
2 1 7 825 7737 9072 9881 9894 10740 11233
2 1 2 1336 3322
2 3
3 1 3 1841 7903 9873
3 1 2 4666 9911
3 1 2 9880 9930
2 1 2 2698 7262
2 1 2 4639 9556
2 1 2 5094 10732
2 1 2 6873 10704
2 1 2 7230 8049
2 1 2 9895 10002
1 1 3 313 9373 9380
1 3
2 2
3 1 3 315 1202 8948
3 1 3 3084 4153 6925
2 1 4 1921 9960 9984 9985
2 1 4 3085 3649 8344 9959
1 9
2 2
3 1 2 318 6308
3 1 2 4554 5719
2 2
3 1 4 559 3184 5720 6380
3 1 2 6119 6329
2 1 2 858 2121
2 3
3 2
4 1 3 1104 1933 3713
4 1 2 2119 4285
3 1 2 1107 2123
3 1 3 2120 3046 5882
2 1 3 2033 2935 5801
2 1 4 2510 2937 7295 7457
2 1 3 2880 2881 7456
2 1 3 3597 3896 9560
2 1 2 6849 7455
1 5
2 1 5 319 6582 6969 9640 9642
2 1 2 4466 6238
2 1 3 6525 9641 10747
2 1 2 6526 10003
2 1 2 8686 9643
1 6
2 3
3 1 2 320 3110
3 1 2 321 2482
3 1 2 1237 5633
2 2
3 1 3 322 323 7405
3 1 2 587 6773
2 2
3 1 2 324 768
3 1 2 767 6578
2 2
3 1 3 596 1235 8054
3 1 2 1236 5661
2 3
3 1 2 765 1239
3 1 3 766 1240 5634
3 1 3 1238 4202 5996
2 2
3 1 2 2829 4465
3 1 3 7330 7621 8157
1 4
2 1 2 325 3791
2 1 2 4484 5797
2 1 3 5662 5663 5664
2 1 2 9879 9891
1 7
2 1 2 326 8903
2 1 4 330 1260 1608 7063
2 4
3 1 2 331 2436
3 1 2 332 6097
3 1 2 333 6140
3 1 2 1607 11120
2 1 3 1034 1035 5258
2 1 3 2769 2770 11121
2 1 2 5260 10629
2 1 2 6139 7064
1 1 3 327 3803 6147
1 2
2 1 3 328 5960 6150
2 1 3 2082 2083 6148
1 6
2 1 5 335 337 2257 2501 4084
2 2
3 1 3 651 2423 4165
3 1 2 7874 10453
2 2
3 1 2 838 10137
3 1 2 4910 5267
2 1 4 3312 10702 10723 10773
2 1 3 4204 6999 8302
2 1 2 4528 8628
1 1 4 346 3009 10419 10564
1 9
2 1 3 347 1884 10571
2 1 2 377 378
2 1 3 2255 6170 6715
2 2
3 1 2 2453 9092
3 1 2 8028 8352
2 2
3 1 3 3086 5112 10588
3 1 3 5111 6226 9846
2 1 5 4411 5877 6225 8390 11230
2 2
3 1 2 4677 7623
3 1 2 4678 5647
2 1 2 6224 9681
2 1 2 6705 10810
1 1 3 348 5265 7054
1 8
2 1 3 349 7466 10994
2 1 3 350 1216 1817
2 1 3 2132 4933 4934
2 1 4 3297 3678 4974 7845
2 1 2 6233 10189
2 1 2 8175 10186
2 1 3 9508 9509 10184
2 1 2 9510 10286
1 3
2 1 3 354 1440 6829
2 1 2 3352 11149
2 1 2 3354 3355
1 7
2 3
3 1 3 355 2294 7762
3 1 2 1719 5358
3 1 2 8601 8602
2 1 2 1145 9297
2 1 3 1447 1448 4727
2 1 2 5852 6428
2 1 2 6025 8235
2 1 2 6125 6536
2 1 2 7726 8534
1 3
2 2
3 1 2 356 5479
3 1 4 358 3727 3728 7989
2 2
3 1 4 357 362 1888 2063
3 1 2 1611 2917
2 2
3 1 4 2012 2240 3729 4031
3 1 3 4108 4109 8466
1 9
2 2
3 1 3 360 3339 3409
3 1 4 2951 2952 3209 8374
2 3
3 1 3 457 3757 8106
3 1 4 1962 2227 2537 2975
3 1 3 3901 4325 11227
2 1 6 460 1400 2815 7297 9013 11025
2 4
3 1 3 463 7686 11026
3 1 2 926 3804
3 1 3 2395 6446 8429
3 1 3 4552 6323 7945
2 1 4 1258 3818 3819 6363
2 2
3 1 2 2702 4037
3 1 2 4104 7979
2 2
3 1 4 2974 3299 8428 11124
3 1 3 3208 4875 7921
2 1 3 3211 10835 10847
2 1 3 5100 8928 10848
1 5
2 3
3 1 3 363 2873 5107
3 1 2 737 7359
3 1 2 1314 7912
2 1 5 563 4720 5252 7480 7913
2 2
3 1 2 1432 6912
3 1 2 2122 7838
2 2
3 1 2 1616 5675
3 1 2 8445 8446
2 1 2 8017 9258
1 2
2 1 4 364 4640 7195 9203
2 1 3 8562 9212 9268
1 7
2 1 2 365 2139
2 2
3 1 2 655 5773
3 1 2 1173 8892
2 1 4 1027 3696 4017 11194
2 1 2 1169 3695
2 1 3 2032 5013 7678
2 1 4 2140 3392 3552 6727
2 1 2 5144 6379
1 7
2 1 4 366 1617 4341 5742
2 1 2 371 4220
2 1 2 372 10253
2 1 2 373 11066
2 1 5 374 4420 5587 6553 8401
2 1 2 517 2712
2 2
3 1 2 2291 4221
3 1 3 3829 4814 4976
1 3
2 1 6 368 3150 4298 4900 7035 11046
2 1 4 8241 8250 8251 9357
2 1 2 8249 9356
1 3
2 1 2 375 10327
2 1 2 7943 8769
2 1 2 8127 9956
1 2
2 1 2 376 885
2 1 2 2281 2282
1 5
2 3
3 2
4 1 2 380 383
4 1 2 384 6824
3 1 2 381 7442
3 1 2 382 10853
2 1 3 599 1369 2437
2 1 2 782 783
2 1 5 912 1014 1015 1016 5468
2 1 2 3169 8128
1 5
2 1 3 386 3448 8405
2 1 4 387 6131 6132 8214
2 2
3 1 2 388 389
3 1 4 390 459 3447 6607
2 1 4 1656 1658 10124 10125
2 1 3 8216 10592 10593
1 2
2 1 3 392 8427 11098
2 1 2 5455 6676
1 1 4 393 963 3651 3652
1 1 2 394 395
1 3
2 1 4 407 4309 4310 7599
2 1 2 408 7918
2 1 3 3968 5942 8030
1 1 4 409 4781 6732 10846
1 4
2 1 5 410 1664 4862 7669 10832
2 2
3 1 3 413 1331 6861
3 1 2 744 4995
2 1 2 414 4250
2 1 2 5945 6658
1 3
2 1 5 411 412 5707 6414 10452
2 1 3 1878 2061 10294
2 1 4 10205 10206 10210 10276
1 4
2 2
3 1 3 426 428 8115
3 1 2 427 10939
2 1 4 623 2609 2610 8400
2 1 3 3465 4504 6352
2 1 2 7923 8788
1 2
2 1 3 435 4399 8282
2 1 2 7575 7630
1 1 3 438 4819 8357
1 3
2 1 2 439 441
2 1 2 440 1134
2 2
3 1 2 3931 6954
3 1 4 5792 6153 7123 10968
1 3
2 1 3 446 6372 10004
2 1 3 447 3957 6371
2 1 2 2112 11113
1 7
2 1 3 448 5128 7366
2 1 3 451 6895 7034
2 2
3 1 3 1662 4072 4073
3 1 2 4057 5385
2 1 2 2583 11137
2 1 2 2584 4365
2 1 3 4056 5211 5342
2 1 3 4074 4205 6318
1 12
2 2
3 1 3 452 3003 3969
3 1 2 2718 10475
2 4
3 1 2 493 6190
3 1 4 992 993 994 2225
3 1 2 3004 5506
3 1 2 3005 8840
2 1 3 709 996 4154
2 1 3 1446 3248 6370
2 2
3 1 2 2066 3540
3 1 3 2224 2480 3523
2 1 3 2070 2071 11150
2 3
3 1 3 2131 5053 5054
3 1 2 3666 5023
3 1 2 7135 8743
2 2
3 1 3 3247 3664 7646
3 1 2 3665 8735
2 1 3 3249 7288 10383
2 1 2 4155 4432
2 1 2 5433 7507
2 1 2 8462 8463
1 2
2 1 3 453 1835 2822
2 1 4 2628 2629 3882 4371
1 1 3 454 455 1708
1 11
2 3
3 2
4 1 2 458 10599
4 1 3 969 2814 10565
3 1 7 1781 1853 5207 7184 7185 7186 9009
3 1 5 2820 4924 10568 10596 10625
2 3
3 1 2 905 6472
3 1 2 906 8277
3 1 3 907 5232 8206
2 4
3 2
4 1 3 966 967 9308
4 1 3 2737 5063 9307
3 1 2 1903 10626
3 2
4 1 2 2637 7114
4 1 3 6155 6156 9425
3 1 3 4201 9426 9427
2 2
3 1 3 968 1596 7746
3 2
4 1 2 970 2738
4 1 2 5231 7800
2 1 2 2724 5709
2 1 4 2735 6471 8071 9040
2 1 4 3197 4422 8276 9036
2 1 3 3199 4334 6749
2 1 2 4880 5959
2 2
3 1 3 5242 9034 9035
3 1 2 7747 9043
2 1 3 5655 8763 9037
1 3
2 1 3 467 2526 11078
2 1 2 468 7341
2 1 3 469 4949 10541
1 2
2 1 3 471 4050 4799
2 1 2 3069 11118
1 5
2 1 3 473 4564 8711
2 1 4 1402 1814 7694 7695
2 1 3 3479 8713 11004
2 1 3 3566 3567 8406
2 1 2 3633 7305
1 1 4 480 4042 5540 11211
1 1 3 483 484 5806
1 4
2 1 3 485 2742 8993
2 1 4 658 8995 9000 11177
2 1 4 856 5972 5973 8990
2 2
3 1 2 1079 2390
3 1 2 8998 8999
1 6
2 1 3 486 5708 7651
2 1 2 2356 3293
2 1 2 2357 4647
2 1 2 4158 7896
2 1 3 4159 4160 5241
2 1 2 8136 10060
1 5
2 1 2 487 2306
2 1 3 1295 2298 2302
2 1 2 1502 1503
2 1 3 2303 2305 2307
2 1 2 6672 8778
1 3
2 1 3 490 7421 8351
2 1 2 1618 3830
2 1 2 4869 5824
1 1 2 494 588
1 5
2 1 2 498 10917
2 1 3 1920 10005 11178
2 1 3 4020 9981 9986
2 1 3 4386 7869 9982
2 1 2 6924 7740
1 7
2 1 4 501 5390 7030 10460
2 2
3 1 2 648 649
3 1 2 650 654
2 1 2 1321 10157
2 1 2 2699 9322
2 1 2 4135 10490
2 2
3 1 3 4414 10551 10553
3 1 4 10463 10464 10465 10491
2 1 2 8257 9364
1 3
2 1 3 506 1504 1590
2 1 2 507 2438
2 1 3 509 5976 6374
1 1 3 508 9002 10663
1 8
2 1 2 516 5889
2 1 3 586 5509 8486
2 1 3 600 1091 10649
2 2
3 1 2 679 2359
3 1 2 3346 11033
2 1 2 681 5921
2 1 4 958 4167 7057 7859
2 1 2 1157 7272
2 1 2 9506 11207
1 1 4 521 2965 4550 11245
1 2
2 1 3 522 5416 6149
2 1 3 4275 5412 10937
1 6
2 1 21 523 875 2722 2723 2869 3429 3505 5140 5828 7069 7120 7565 8312 8313 8368 9667 9886 10144 10164 10295 10655
2 1 2 620 621
2 1 2 1424 7990
2 1 2 5448 11253
2 2
3 1 3 9003 9004 9033
3 1 2 9005 10640
2 1 2 9831 9832
1 1 2 532 6588
1 4
2 2
3 2
4 1 2 533 3378
4 1 2 2455 7615
3 1 2 3706 8738
2 1 5 2793 4184 4186 4187 4188
2 1 3 2800 2801 6357
2 1 3 4185 6356 6523
1 2
2 1 4 536 745 5718 8886
2 1 3 746 4256 8887
1 5
2 3
3 1 3 537 3142 9434
3 1 3 685 2527 2529
3 1 2 748 2372
2 1 5 538 2247 4656 4657 7182
2 4
3 1 2 665 5012
3 1 2 751 5321
3 1 4 3870 3871 7573 8709
3 1 2 6208 9535
2 2
3 1 3 686 5656 6905
3 1 2 687 4168
2 3
3 1 2 1243 2474
3 1 2 1783 6018
3 1 2 4938 4939
1 1 3 539 1100 4283
1 9
2 1 2 540 10735
2 1 4 613 1540 3981 5845
2 1 3 1897 3961 6711
2 1 3 1898 1900 5478
2 1 3 1899 2251 3963
2 1 3 2085 2772 3962
2 1 4 2904 4749 4750 8088
2 1 2 5526 7516
2 1 2 7285 8075
1 2
2 1 2 541 1944
2 1 4 1085 1945 3486 3487
1 2
2 1 3 543 9126 11035
2 1 3 544 545 546
1 5
2 1 2 549 11058
2 1 3 550 3607 8011
2 1 4 2023 5493 6854 6855
2 1 3 5182 5494 9387
2 1 2 5492 6850
1 2
2 1 2 551 2621
2 1 2 3592 7180
1 5
2 1 2 552 2821
2 1 2 555 556
2 1 2 557 1758
2 1 2 560 1655
2 1 2 1225 1226
1 2
2 1 2 553 2231
2 1 4 5042 7201 7712 9321
1 3
2 1 2 554 8734
2 1 3 1471 2641 5456
2 1 3 4616 8731 11089
1 1 4 561 562 1947 5865
1 6
2 1 5 564 2472 4625 10794 11220
2 2
3 1 2 1319 1497
3 1 2 10788 10789
2 2
3 1 2 1689 7539
3 1 2 2646 8459
2 2
3 1 3 2034 6745 11176
3 1 3 2035 6310 7152
2 1 2 2072 10928
2 1 3 7274 8583 10212
1 9
2 1 3 565 4306 10165
2 1 3 694 5965 10787
2 1 3 695 1622 1883
2 1 2 1415 11238
2 1 2 1453 1454
2 1 2 3121 5967
2 1 3 3741 4706 8468
2 1 3 5505 6057 7974
2 1 2 10998 11068
1 4
2 1 2 568 7059
2 1 2 569 10654
2 1 2 3760 7701
2 1 2 5759 10217
1 3
2 1 3 571 1893 5666
2 1 4 5334 5533 9733 9805
2 1 3 5768 6614 7560
1 2
2 1 3 572 2652 7084
2 1 2 2651 4137
1 3
2 1 2 573 10869
2 1 2 4225 10868
2 1 2 10661 10870
1 9
2 1 5 577 3855 5108 10425 11169
2 1 5 3014 8594 8596 8597 8599
2 2
3 1 3 3015 11054 11168
3 1 2 7453 11173
2 1 6 3016 3099 7128 7129 7130 8593
2 2
3 1 2 3017 11170
3 1 2 3852 9933
2 2
3 1 2 3457 3458
3 1 2 3853 6178
2 1 2 4274 8598
2 1 3 4601 10374 11012
2 1 2 6633 6634
1 2
2 1 3 579 2856 5383
2 1 3 1975 1978 5152
1 13
2 2
3 1 5 583 1041 6050 10472 10476
3 1 3 1042 4744 7408
2 2
3 2
4 1 2 584 6884
4 1 2 1039 10812
3 1 2 10347 10477
2 2
3 1 2 976 9689
3 1 2 3459 10454
2 2
3 1 2 1007 8745
3 1 2 1008 1123
2 2
3 1 2 1122 5002
3 1 3 1745 6051 6851
2 2
3 1 3 1366 8100 10349
3 1 2 4643 5458
2 3
3 1 3 3063 9410 9650
3 1 2 9409 9652
3 1 2 9651 9653
2 2
3 1 2 4426 6963
3 1 3 5386 8359 10034
2 1 3 4803 5763 6929
2 1 4 4804 10307 10376 10377
2 1 3 4861 6052 10351
2 2
3 1 2 5159 10369
3 1 3 10108 10337 10338
2 1 3 6053 9536 10471
1 9
2 1 2 591 10544
2 1 3 601 2457 10547
2 2
3 1 3 602 1679 10456
3 1 4 2313 6218 8332 10965
2 2
3 1 3 1363 5523 5624
3 1 4 1680 2567 5621 5622
2 1 2 2566 3683
2 1 4 3545 5623 6095 10506
2 1 3 3684 4431 7603
2 2
3 1 2 4303 10545
3 1 2 4705 5522
2 1 2 5619 10966
1 2
2 2
3 1 2 593 3865
3 1 2 5787 11031
2 1 3 2762 2763 4262
1 5
2 1 5 606 1958 6838 10075 10078
2 1 3 1957 7384 8010
2 2
3 1 2 1959 11022
3 1 2 7626 8091
2 1 2 6879 10071
2 1 2 7527 9195
1 8
2 1 4 609 610 3793 4648
2 1 2 692 3240
2 1 2 2760 2761
2 1 3 2805 5285 5924
2 1 2 4940 5937
2 1 2 4943 6972
2 2
3 1 2 5370 8712
3 1 2 6973 7952
2 1 2 6608 6673
1 5
2 1 3 611 8741 8742
2 1 2 2067 8740
2 1 2 2161 3573
2 1 2 2405 3233
2 1 2 2571 7616
1 1 2 612 6945
1 2
2 1 3 614 615 616
2 1 2 2573 2671
1 4
2 1 3 617 7009 8988
2 1 2 1401 7663
2 1 2 5681 8994
2 1 4 8991 8992 8996 8997
1 7
2 1 7 619 3490 5009 6279 10559 10560 11162
2 1 4 852 1022 5083 7941
2 1 3 1030 2232 2953
2 3
3 1 3 1194 4034 5082
3 1 2 1827 6470
3 1 3 4206 4935 5737
2 3
3 1 3 1571 4610 6455
3 1 2 1752 8393
3 1 2 4947 8154
2 1 4 4945 4973 10332 10394
2 1 3 6223 9019 10642
1 2
2 1 3 622 3923 5617
2 1 3 3296 3924 5818
1 4
2 1 3 628 1388 8283
2 2
3 1 2 824 5486
3 1 2 2074 3524
2 1 3 2073 2862 6118
2 1 3 2075 5353 10630
1 1 3 632 633 3397
1 1 3 640 8506 8725
1 7
2 2
3 1 3 643 10343 10843
3 1 2 7142 10312
2 1 3 1880 6517 10341
2 2
3 1 2 2725 10319
3 1 2 7138 8837
2 1 4 5067 7139 7218 10313
2 2
3 1 2 7140 8836
3 1 3 7141 10320 10397
2 1 2 7818 11213
2 2
3 1 2 7819 8838
3 1 2 8839 10333
1 3
2 1 2 644 3954
2 1 2 3858 10342
2 1 2 10709 10710
1 2
2 1 4 645 4453 4454 6516
2 2
3 1 2 2250 8125
3 1 2 6459 8126
1 2
2 1 2 646 7803
2 1 3 1044 5398 6137
1 3
2 1 2 647 3405
2 1 3 652 10729 10954
2 1 2 7977 10953
1 2
2 1 3 656 9469 9492
2 1 4 2683 6202 9228 9476
1 2
2 1 3 677 1075 3827
2 1 2 4114 4117
1 4
2 1 4 678 982 5403 8902
2 1 3 1960 2647 6456
2 1 4 1963 2361 4195 7521
2 1 3 9844 10348 10719
1 1 3 680 10380 10469
1 5
2 1 2 682 683
2 1 2 733 5346
2 1 3 1747 6577 7441
2 1 3 2511 2672 3716
2 1 3 2940 3536 4914
1 2
2 1 2 691 6480
2 1 3 693 865 7199
1 5
2 1 3 713 8120 10967
2 1 2 934 10975
2 2
3 1 2 935 8379
3 1 2 4886 10973
2 1 3 6703 8380 8381
2 1 2 6704 8377
1 5
2 1 2 715 2595
2 2
3 1 2 1433 2410
3 1 3 5689 5690 7210
2 2
3 1 3 1434 2057 3176
3 1 2 2246 4540
2 1 2 2245 7963
2 2
3 1 2 2408 8625
3 1 3 2409 3951 8624
1 3
2 2
3 1 2 716 8081
3 1 3 5594 5595 7932
2 1 3 719 720 1220
2 1 3 4717 4718 4719
1 3
2 1 4 717 3230 7601 8717
2 1 4 1825 8149 10486 10487
2 1 2 2787 2788
1 3
2 1 2 718 4358
2 1 2 1824 6451
2 1 2 6452 8060
1 13
2 1 4 722 724 726 4492
2 2
3 1 3 1060 5532 10808
3 1 3 3575 4089 5670
2 3
3 1 3 1221 1224 4812
3 1 2 1222 2396
3 1 2 1414 3088
2 1 3 1413 3387 3742
2 2
3 1 2 1612 4490
3 1 3 4441 4489 4491
2 3
3 1 2 2104 2105
3 1 2 2285 7997
3 1 2 3349 7404
2 2
3 1 2 3058 4440
3 1 2 4771 6781
2 2
3 1 2 3089 8183
3 1 4 4488 7322 7810 8112
2 1 2 3636 8142
2 1 2 4487 8600
2 1 2 6780 8291
2 1 3 8603 10806 10807
2 1 2 10763 10805
1 6
2 2
3 1 2 723 3966
3 1 2 1894 7781
2 1 3 1351 1352 7367
2 3
3 1 3 1353 1355 2747
3 1 3 1354 2367 3181
3 1 2 7046 7910
2 1 3 1437 2260 2261
2 1 3 1892 5697 7909
2 1 4 2064 2065 2746 3964
1 2
2 1 3 725 3057 8290
2 1 2 1371 4839
1 3
2 1 2 727 729
2 1 3 728 2420 11192
2 2
3 1 3 3168 3975 3977
3 1 2 3976 8658
1 2
2 1 2 734 7454
2 1 3 736 8559 8911
1 5
2 1 4 738 5163 5164 6983
2 1 2 741 10701
2 1 2 2744 10901
2 1 3 4881 5535 10530
2 1 2 10485 10489
1 2
2 1 3 742 1089 2591
2 1 4 2243 7098 7279 8052
1 1 4 747 5177 5181 5422
1 3
2 2
3 1 3 749 4818 6959
3 1 2 1467 2726
2 1 2 1468 3956
2 2
3 1 3 1470 5615 6081
3 1 2 6082 6083
1 5
2 1 2 753 1196
2 1 2 754 8037
2 1 3 1197 6834 9389
2 1 2 5005 5762
2 1 3 6041 6042 9388
1 2
2 1 3 755 9695 9696
2 1 3 9693 9694 9783
1 3
2 1 4 757 1757 5586 7167
2 1 2 759 4336
2 1 3 3826 7325 11049
1 1 4 758 3333 3335 3336
1 2
2 1 3 760 2497 3723
2 1 3 7050 7051 7229
1 4
2 1 3 761 7065 10924
2 1 2 762 764
2 1 3 763 2226 2358
2 1 3 3386 6786 10923
1 1 3 769 2338 8421
1 1 2 771 6032
1 1 3 773 1271 7344
1 3
2 1 3 775 2504 10090
2 1 2 1080 10025
2 1 2 5463 10118
1 1 2 777 5630
1 1 2 786 8024
1 2
2 1 2 787 5348
2 1 2 4501 4502
1 1 3 788 789 10121
1 7
2 1 3 790 5807 7484
2 3
3 1 2 791 2219
3 1 2 3965 8370
3 1 2 8349 8552
2 1 2 1661 6971
2 2
3 1 2 2215 8553
3 1 2 3529 3978
2 1 2 2350 8366
2 1 2 3329 7461
2 1 2 6209 8554
1 4
2 1 4 799 2831 6518 9292
2 2
3 1 2 1055 1057
3 1 2 4266 8539
2 1 2 1058 2841
2 1 4 1059 4265 5093 7554
1 3
2 1 2 816 817
2 1 3 1511 3087 4986
2 1 2 9023 10671
1 1 3 818 819 6923
1 6
2 2
3 1 5 820 821 4032 4033 7226
3 1 2 822 7840
2 1 3 1594 5194 7801
2 2
3 1 2 1789 6243
3 1 3 1791 6060 8545
2 1 2 1941 7782
2 1 2 4966 7640
2 1 2 7015 9583
1 4
2 1 2 823 1204
2 1 2 1811 3476
2 1 2 2989 3475
2 1 2 3474 4820
1 3
2 1 4 826 7729 7730 9877
2 1 4 9910 10705 10706 10741
2 1 3 10738 10743 10744
1 4
2 2
3 1 3 827 3737 7398
3 1 3 828 2688 3736
2 1 3 3673 3731 6245
2 1 4 3674 3675 3732 3902
2 1 2 3676 3735
1 3
2 1 2 835 9663
2 1 4 2611 4389 5250 5275
2 1 3 9400 9661 9662
1 1 4 836 4486 4698 4913
1 2
2 1 2 842 2485
2 1 4 4078 5897 6157 7307
1 4
2 2
3 1 3 853 4556 9790
3 1 3 2700 5084 5480
2 1 2 2867 2973
2 2
3 1 2 2977 4110
3 1 4 6660 9789 9792 9793
2 2
3 1 2 6487 6659
3 1 2 9791 9801
1 2
2 1 2 854 10480
2 1 2 855 3334
1 1 4 857 2907 7402 9001
1 3
2 2
3 1 2 860 3694
3 1 2 2588 11161
2 1 2 1478 8005
2 1 2 4413 4909
1 7
2 1 2 861 1840
2 1 4 1741 10290 10920 11082
2 2
3 1 3 5071 5931 6919
3 1 3 8783 9603 11083
2 1 3 5929 6009 6244
2 1 2 5930 6008
2 1 3 8782 8786 8787
2 1 3 8785 10921 11081
1 2
2 1 4 862 9840 10213 11228
2 1 3 8437 9988 9989
1 1 6 864 3593 5192 7582 8878 9474
1 4
2 2
3 1 2 866 8874
3 1 2 2518 11252
2 2
3 1 2 868 8541
3 1 2 4922 9855
2 2
3 1 2 869 4004
3 1 2 4003 4005
2 2
3 1 2 4366 4572
3 1 2 5257 6789
1 1 3 867 4844 5999
1 2
2 1 3 871 873 3751
2 1 2 3455 5389
1 3
2 1 4 876 2713 2714 8522
2 1 3 1815 1816 8510
2 1 2 2847 4558
1 1 2 877 11165
1 1 2 886 888
1 5
2 2
3 1 4 887 3943 4237 5238
3 1 2 962 1148
2 1 2 889 4679
2 1 4 1149 2053 2054 3235
2 1 2 3372 7246
2 1 2 4328 5237
1 5
2 1 3 890 891 5885
2 2
3 1 2 1246 1536
3 1 3 1247 1249 5138
2 1 3 1248 6348 7509
2 2
3 1 2 2286 3898
3 1 2 5290 7357
2 1 3 3708 6528 6863
1 1 3 896 2512 5840
1 2
2 1 2 897 8438
2 1 3 899 900 902
1 1 3 898 901 7702
1 3
2 1 3 904 4620 8299
2 1 2 2137 7170
2 1 2 3380 4238
1 1 3 908 4329 4930
1 6
2 1 2 910 7127
2 3
3 1 2 1084 10400
3 1 3 2958 4223 10992
3 1 2 4494 4495
2 1 3 1873 4496 6151
2 1 5 2877 2878 6272 6273 6872
2 1 3 4179 8274 10991
2 1 2 6427 6702
1 1 3 913 914 1398
1 1 3 919 920 5339
1 10
2 1 3 921 6201 10865
2 1 3 1342 1343 1344
2 2
3 2
4 1 2 1621 1626
4 1 2 9350 9362
3 1 3 1624 1625 9354
2 2
3 1 2 1704 9346
3 1 4 5392 5393 5394 9358
2 1 3 2092 4350 4362
2 1 2 2703 9361
2 3
3 1 3 3408 9341 9342
3 1 2 7143 7144
3 1 2 9343 9352
2 1 3 4868 8219 8231
2 1 2 6498 6499
2 1 3 9351 9359 9360
1 7
2 2
3 1 3 927 6092 6693
3 1 3 2084 6094 9853
2 2
3 1 3 1207 1208 7452
3 1 2 9283 11146
2 2
3 1 2 1210 3734
3 1 2 9954 9955
2 2
3 1 4 1252 6433 6434 7080
3 1 3 4774 9079 9081
2 2
3 1 3 1496 6176 7537
3 1 2 5625 5626
2 1 2 5233 11051
2 1 2 6175 10646
1 2
2 1 3 928 2697 6549
2 1 3 5095 6391 6955
1 1 3 929 6956 8102
1 3
2 2
3 1 3 930 2470 10317
3 1 4 1021 1469 3714 6777
2 2
3 1 2 2471 4928
3 1 2 2871 3306
2 2
3 1 2 3021 5539
3 1 2 6597 7831
1 1 3 936 937 938
1 4
2 1 2 939 1693
2 1 3 1423 10362 10364
2 1 4 1695 1942 4311 7276
2 1 2 4500 5908
1 2
2 1 2 940 6776
2 1 2 2164 4772
1 1 2 942 11086
1 1 3 948 9200 10154
1 1 4 949 950 4838 7835
1 1 2 957 960
1 2
2 1 3 959 1268 9647
2 1 2 4166 5777
1 2
2 1 3 961 5384 10178
2 1 4 4459 4689 10175 10176
1 6
2 1 6 964 1839 3073 5644 7579 10049
2 1 2 1696 4955
2 1 2 2394 10050
2 1 4 3381 3650 7056 8105
2 1 3 3847 3848 6687
2 1 2 6484 10068
1 1 3 971 8043 8287
1 2
2 1 3 972 973 8326
2 1 2 5947 8325
1 2
2 1 2 975 10548
2 1 2 4041 11076
1 6
2 1 4 979 980 3947 4569
2 2
3 1 2 1172 3585
3 1 2 5730 7826
2 1 3 1408 2499 3946
2 1 3 1409 6286 6698
2 1 2 1410 7222
2 1 2 2030 2031
1 2
2 1 3 981 5819 10893
2 1 2 5948 9741
1 1 2 983 6748
1 5
2 1 2 984 10659
2 2
3 1 2 985 2345
3 1 3 1018 3611 4461
2 2
3 1 4 1019 1188 3212 4805
3 1 3 1189 6027 6358
2 1 2 2879 6026
2 1 3 7399 8373 10779
1 9
2 1 3 987 2707 2870
2 1 3 2327 9150 9371
2 3
3 1 2 2328 9147
3 1 2 8690 9146
3 1 2 9149 9154
2 1 3 2705 9132 9148
2 1 3 2706 9157 9158
2 1 3 2708 9155 9156
2 1 2 3907 9131
2 1 2 6493 8070
2 1 3 9159 9160 10927
1 3
2 2
3 1 2 988 989
3 1 2 3987 5950
2 1 3 2429 3990 7682
2 2
3 1 2 3986 3989
3 1 2 3988 3991
1 2
2 1 2 990 8262
2 1 4 4788 4789 4790 5022
1 7
2 1 3 991 1537 9760
2 1 4 1327 1329 7647 11243
2 2
3 1 2 1709 3216
3 1 2 3269 11107
2 1 3 1710 3944 3945
2 1 4 1711 1852 6800 11108
2 1 6 3170 5229 7505 8033 9849 11244
2 1 2 9808 9848
1 6
2 1 4 995 5234 5236 7821
2 1 2 1284 7257
2 1 3 2751 4535 4538
2 2
3 1 2 3250 4434
3 1 2 5235 7443
2 1 3 3468 4351 8576
2 1 3 4102 5483 5546
1 3
2 1 4 997 2293 6694 7240
2 1 3 1385 2292 7241
2 1 2 1666 7242
1 1 3 1002 10670 11159
1 4
2 1 3 1006 6360 6361
2 2
3 1 2 3011 10754
3 1 2 6216 7847
2 1 2 10751 10759
2 1 3 10753 10761 10762
1 1 2 1010 1788
1 1 3 1012 4630 7004
1 1 3 1017 2003 11188
1 2
2 1 2 1023 8461
2 1 2 6842 10713
1 11
2 3
3 1 4 1024 1808 3280 4224
3 1 2 2228 11185
3 1 2 4343 10502
2 1 2 1269 8358
2 2
3 1 2 1393 6236
3 1 3 1982 4513 7581
2 3
3 1 3 1529 4555 9782
3 1 2 4560 8321
3 1 2 5284 10503
2 1 3 1809 3915 6952
2 2
3 1 3 2229 4514 4559
3 1 2 4557 6268
2 1 3 2868 4156 10798
2 2
3 1 2 3157 8519
3 1 3 3158 8096 8518
2 2
3 1 2 3161 5126
3 1 2 8296 9743
2 2
3 1 3 3210 3755 7458
3 1 2 4169 7866
2 1 2 10449 10450
1 3
2 1 4 1028 4539 6803 7532
2 1 3 4277 4732 5726
2 1 3 4792 4793 6810
1 3
2 1 2 1029 8513
2 1 2 3980 8557
2 1 2 5680 10358
1 3
2 1 3 1031 1032 5706
2 2
3 1 2 5157 6271
3 1 3 5701 5702 6435
2 1 5 5703 5704 5705 6623 7827
1 3
2 1 3 1033 2911 10504
2 1 2 2912 8579
2 1 4 2913 2914 6708 7852
1 1 2 1036 3558
1 1 3 1037 1634 4382
1 1 2 1038 6138
1 1 2 1040 10648
1 7
2 2
3 1 2 1043 1983
3 1 2 7785 10492
2 1 2 1117 4333
2 2
3 1 2 1360 11028
3 1 2 1361 7007
2 1 5 1362 4646 5288 5827 7409
2 1 3 1364 5158 7624
2 1 2 1746 5287
2 1 4 7235 10106 10109 10110
1 3
2 1 4 1046 2318 2322 3284
2 2
3 1 2 2317 2320
3 1 2 2319 2321
2 1 3 2323 5254 9562
1 3
2 1 2 1047 10624
2 1 3 4232 10168 10552
2 1 3 6103 9047 10167
1 1 4 1048 8580 8581 11094
1 2
2 1 3 1051 5550 6282
2 1 2 3885 4252
1 2
2 1 3 1052 2397 7412
2 1 3 4874 5193 8853
1 1 3 1053 1054 4911
1 2
2 2
3 1 2 1056 1261
3 1 2 9375 10381
2 1 3 6546 6547 10059
1 2
2 1 2 1063 7668
2 1 4 1777 3543 4964 4965
1 2
2 1 3 1064 2297 6896
2 1 2 5195 11204
1 6
2 1 3 1073 3430 7303
2 4
3 1 3 2296 4315 5011
3 1 2 3431 4314
3 1 2 3884 11153
3 1 2 4316 6411
2 2
3 1 3 4157 4824 8790
3 1 3 4821 4823 6511
2 1 2 4317 6510
2 1 2 4318 4825
2 1 2 6723 8883
1 2
2 1 3 1076 6746 8877
2 1 3 2956 3877 7513
1 4
2 1 7 1081 2664 6087 6733 7193 8465 8535
2 2
3 1 3 1152 2547 3145
3 1 2 3144 8537
2 1 4 1153 1154 5317 7414
2 1 3 2216 7520 8080
1 5
2 1 4 1082 3201 5345 8885
2 1 3 1083 1936 5907
2 1 3 1101 2754 10099
2 2
3 1 2 7476 10100
3 1 3 10101 10102 11110
2 1 2 10103 10104
1 2
2 1 4 1086 1700 4619 6128
2 2
3 1 3 1697 1698 1699
3 1 2 1701 6127
1 1 4 1088 2416 2417 3395
1 1 2 1092 1093
1 4
2 2
3 1 2 1094 9324
3 1 2 1539 5556
2 1 4 1797 8202 9329 9394
2 2
3 1 2 7892 8959
3 1 2 8953 8957
2 1 2 9401 11226
1 3
2 1 3 1095 4177 11047
2 1 3 1229 1965 2009
2 1 2 2469 11246
1 2
2 1 2 1096 4395
2 1 2 1097 4394
1 1 2 1102 6343
1 2
2 1 3 1103 4280 7362
2 1 2 6267 7315
1 4
2 1 4 1106 5748 7969 9030
2 1 2 1422 11251
2 1 2 6675 7968
2 1 4 7759 7760 7761 7966
1 3
2 1 4 1108 1895 4975 11084
2 1 2 1109 1110
2 1 3 1262 1896 9386
1 5
2 2
3 1 3 1111 4957 8861
3 1 2 2918 4757
2 2
3 1 3 1627 4404 9807
3 1 3 7815 8860 9777
2 2
3 1 3 2364 8019 8021
3 1 2 8020 10392
2 2
3 1 2 2365 10563
3 1 2 4758 7814
2 1 5 4403 4759 4760 8868 10850
1 3
2 1 3 1114 6033 7117
2 1 2 2288 3577
2 1 3 4650 5616 6193
1 3
2 1 2 1115 4024
2 1 3 1116 1829 11104
2 1 2 7846 8683
1 1 3 1119 5135 7756
1 6
2 1 2 1124 9172
2 1 2 1522 9665
2 3
3 1 2 2192 9542
3 1 2 2194 8135
3 1 2 3311 6257
2 2
3 1 2 2193 3143
3 1 2 5060 6078
2 1 2 2851 6583
2 1 2 4268 6256
1 1 2 1130 4898
1 1 2 1133 6006
1 4
2 1 2 1146 4363
2 1 2 1147 1972
2 1 2 1595 1597
2 1 3 1599 3463 3466
1 2
2 1 3 1151 8363 8364
2 1 3 2428 8362 8556
1 3
2 1 4 1155 1340 1341 9659
2 1 3 2548 2549 5168
2 1 2 6552 7289
1 2
2 1 3 1160 1161 6314
2 1 3 10533 10534 10535
1 4
2 2
3 1 2 1162 1751
3 1 2 1163 1170
2 2
3 1 2 1175 7605
3 1 2 5591 6408
2 1 2 1750 10439
2 1 3 2777 4372 6858
1 4
2 2
3 1 2 1164 1166
3 1 2 1167 2997
2 1 2 2025 6319
2 2
3 1 3 2026 4756 6867
3 1 2 3026 4093
2 1 2 5230 5301
1 2
2 1 5 1165 1441 1442 1443 1444
2 1 2 1953 5560
1 4
2 1 4 1168 2201 7284 11215
2 1 2 2202 7962
2 1 2 2203 2352
2 1 2 2204 5557
1 1 4 1171 9123 9124 9125
1 1 3 1177 6548 9127
1 1 2 1178 6985
1 1 2 1179 4681
1 2
2 1 3 1180 1485 2808
2 1 4 1480 1484 3151 6643
1 2
2 1 2 1181 3792
2 1 2 1183 1481
1 3
2 1 3 1184 3439 5531
2 1 7 1542 4302 5593 7085 7959 8015 9216
2 1 2 6752 11180
1 5
2 1 2 1185 1486
2 1 3 4638 4873 5846
2 2
3 1 3 5187 5190 5303
3 1 2 5188 5189
2 1 2 6921 9563
2 1 3 7014 7363 9582
1 2
2 1 3 1192 1429 4021
2 1 3 1428 1430 4022
1 1 3 1201 4299 7600
1 1 3 1203 3308 7481
1 6
2 2
3 1 2 1205 2060
3 1 2 7283 10417
2 1 3 1206 1211 7317
2 2
3 1 2 1209 9515
3 1 2 6692 9514
2 1 3 1212 10257 11141
2 1 3 1782 3182 6061
2 1 2 6587 10446
1 1 3 1213 2691 6622
1 1 2 1214 11077
1 2
2 1 4 1215 3340 6477 8068
2 1 3 2284 6640 9862
1 3
2 1 2 1217 5896
2 1 2 3953 8239
2 1 2 8203 8240
1 2
2 1 2 1218 10281
2 1 3 1219 5368 5369
1 1 3 1223 4944 8292
1 2
2 1 2 1227 10334
2 1 3 6544 6545 9540
1 4
2 1 2 1228 10963
2 1 2 1984 8960
2 1 2 2150 9744
2 1 2 5484 5485
1 3
2 2
3 1 2 1230 3207
3 1 2 2473 5760
2 1 3 3115 3367 8560
2 1 2 3868 11126
1 3
2 2
3 1 3 1232 7798 10230
3 1 2 4214 7797
2 3
3 1 3 1565 2796 5382
3 1 2 1977 4477
3 1 2 4058 4517
2 1 3 5886 7161 11099
1 1 3 1241 1242 4970
1 2
2 1 2 1250 8441
2 1 2 1251 1445
1 4
2 1 3 1254 9899 9934
2 1 4 5359 11007 11014 11056
2 2
3 1 2 5620 11015
3 1 2 8158 10907
2 1 2 10875 11013
1 5
2 2
3 1 3 1259 4301 10558
3 1 3 1436 9843 9940
2 1 4 1435 7290 8188 9935
2 2
3 1 2 2739 6109
3 1 4 5534 7853 9936 9939
2 1 3 2846 7291 9937
2 2
3 1 2 3298 9938
3 1 2 9516 10316
1 2
2 1 3 1263 5031 9070
2 1 3 3141 9067 9068
1 2
2 1 2 1267 6798
2 1 2 1985 7895
1 2
2 1 2 1272 10698
2 1 2 3582 7475
1 1 3 1273 3302 5162
1 2
2 1 2 1275 6192
2 1 2 4690 7494
1 4
2 2
3 1 3 1285 1286 3365
3 1 2 1541 7617
2 1 4 1479 1916 3362 4634
2 1 2 3364 6785
2 1 2 7631 8176
1 3
2 1 2 1287 3845
2 1 3 1288 8103 8604
2 1 3 2859 3725 5474
1 1 2 1289 9293
1 1 2 1290 1291
1 1 2 1294 4097
1 2
2 1 2 1296 7177
2 1 2 1918 7176
1 3
2 1 4 1297 1300 1917 6671
2 1 3 1298 1303 7215
2 1 3 1301 3253 6894
1 1 2 1302 8386
1 1 2 1307 2479
1 1 2 1308 6770
1 2
2 1 6 1309 1310 3888 4228 6466 8847
2 1 2 1641 3952
1 2
2 2
3 1 2 1311 3259
3 1 2 3257 3258
2 1 3 3260 5477 10786
1 1 3 1313 3500 7209
1 12
2 3
3 1 3 1315 7251 10408
3 1 3 1473 5901 7836
3 1 3 5209 8085 10402
2 1 2 1954 1955
2 1 3 2373 6942 7250
2 1 2 3551 7444
2 1 2 4380 8512
2 1 2 4627 6227
2 3
3 1 2 6122 7243
3 1 2 6486 10404
3 1 2 10401 10409
2 1 2 6219 7906
2 1 2 6299 6937
2 1 2 6936 6938
2 1 2 6943 7743
2 1 3 10405 10406 10508
1 1 2 1316 6117
1 1 3 1320 5176 6173
1 2
2 1 3 1330 5734 7541
2 1 2 5739 7255
1 2
2 2
3 1 3 1332 1335 3828
3 1 2 1333 2442
2 1 3 1334 2441 7086
1 3
2 1 2 1337 1338
2 1 3 3872 4417 7763
2 1 2 7530 8185
1 1 2 1346 7311
1 2
2 1 2 1347 3154
2 1 2 1348 10981
1 2
2 1 2 1349 2719
2 1 2 4196 11133
1 1 3 1350 4533 8921
1 1 2 1359 11257
1 1 4 1365 3093 3094 4989
1 5
2 1 3 1367 3864 6966
2 2
3 1 2 1491 8279
3 1 2 9519 9522
2 1 2 5856 10836
2 1 3 9830 10044 10045
2 1 3 10017 10029 10139
1 2
2 1 5 1372 2206 5517 6741 7214
2 1 4 1373 7795 8107 8166
1 1 2 1374 6068
1 2
2 1 2 1375 5859
2 1 3 2839 4133 8066
1 2
2 1 2 1378 11249
2 1 3 2355 7639 9182
1 9
2 1 3 1381 5388 10056
2 2
3 2
4 1 3 1382 10057 10072
4 1 2 8053 10079
3 1 3 8051 10067 10120
2 4
3 1 2 1383 5387
3 1 2 1754 4685
3 1 2 4132 9983
3 1 2 5115 10945
2 2
3 1 2 3534 6485
3 1 2 5613 6483
2 2
3 1 4 4312 7040 10066 10080
3 1 2 5909 10052
2 3
3 1 2 4684 6331
3 1 3 5114 5612 6413
3 1 3 7219 7578 10096
2 3
3 1 3 5116 10058 10076
3 1 2 6290 7039
3 1 2 10069 10082
2 1 2 5910 5911
2 1 3 7221 8284 10373
1 1 3 1384 3195 6837
1 4
2 1 3 1386 5811 5814
2 1 3 4516 5812 5816
2 1 2 5809 5815
2 1 2 5810 5813
1 2
2 1 2 1390 8138
2 1 2 1391 8893
1 3
2 1 3 1392 7610 10562
2 1 2 8975 10561
2 1 4 8976 9780 10829 10830
1 1 3 1394 6040 6951
1 1 4 1395 8760 9612 9615
1 1 3 1397 1476 7543
1 3
2 1 3 1403 4083 10831
2 1 3 4641 4642 4802
2 1 2 4870 7834
1 2
2 1 3 1404 1405 2143
2 1 2 9412 9644
1 1 2 1411 10466
1 1 3 1412 1851 10467
1 5
2 1 3 1416 5302 10531
2 2
3 1 2 1418 10432
3 1 3 6679 7327 10431
2 2
3 1 3 1694 2794 4618
3 1 2 7470 10311
2 1 2 4617 7606
2 1 5 6467 6632 10427 10428 10429
1 4
2 2
3 1 2 1417 7149
3 1 4 2916 2992 2993 2994
2 1 3 1419 5988 6387
2 1 3 2995 10523 10532
2 1 4 4246 4247 5016 5017
1 3
2 1 3 1420 10695 10696
2 1 4 9929 10691 10742 10776
2 1 3 10688 10689 10694
1 1 2 1427 11256
1 1 2 1449 10628
1 2
2 1 3 1451 3587 5049
2 1 4 3588 3589 3646 3647
1 1 2 1452 10867
1 10
2 1 2 1455 5596
2 1 3 1456 6015 8408
2 2
3 1 4 2668 3123 3124 6637
3 1 2 3122 3125
2 2
3 1 2 3831 9814
3 1 2 8389 8402
2 1 3 5206 6014 9320
2 1 5 5674 6017 8558 9810 9811
2 1 2 6013 9813
2 1 3 6021 9809 9812
2 1 3 6022 8409 9319
2 1 4 8407 9815 9816 9817
1 2
2 1 2 1457 4470
2 1 3 4346 6229 7905
1 2
2 1 3 1459 2863 8182
2 1 4 1462 1463 3256 5823
1 1 4 1460 4977 4979 7988
1 1 2 1461 7088
1 4
2 1 4 1465 3518 10013 10014
2 1 2 3050 6468
2 2
3 1 3 3940 7223 11224
3 1 2 10015 10042
2 1 2 10612 10619
1 4
2 1 4 1472 1988 5954 9876
2 1 2 2545 5892
2 1 2 4767 9878
2 1 2 6012 7486
1 5
2 1 2 1475 9432
2 1 3 2458 2887 10222
2 1 3 3066 6566 7765
2 2
3 1 3 4882 6235 10162
3 1 2 8420 8626
2 2
3 1 2 8056 10128
3 1 2 8894 10251
1 3
2 1 3 1477 8129 8130
2 1 2 3323 7690
2 1 2 8430 8432
1 1 2 1487 1488
1 1 3 1489 5073 5074
1 2
2 1 2 1490 4028
2 1 5 2983 3238 3516 5432 8211
1 2
2 1 3 1492 1973 7780
2 1 2 1493 1877
1 5
2 2
3 1 3 1499 9207 9218
3 1 2 1500 5052
2 1 3 2619 9262 9264
2 2
3 1 4 5057 5059 9221 9235
3 1 4 9215 9223 9224 9263
2 2
3 1 2 9209 9214
3 2
4 1 3 9213 9242 9255
4 1 2 9237 9256
2 2
3 1 2 9210 9244
3 1 3 9243 9245 9260
1 1 4 1507 5715 5716 5717
1 1 4 1509 2146 2147 10874
1 3
2 1 3 1518 2834 5307
2 1 3 1874 3913 10138
2 2
3 1 3 2421 3281 5688
3 1 2 2422 5687
1 1 3 1521 6419 6962
1 1 3 1523 6043 7641
1 1 2 1534 1855
1 3
2 1 2 1535 4980
2 1 2 2371 4236
2 1 2 3310 6897
1 3
2 1 3 1543 7233 8424
2 1 2 5201 8272
2 1 3 8422 8425 8492
1 4
2 2
3 1 3 1544 3376 8252
3 1 2 3375 5118
2 1 4 2380 4467 5119 5120
2 1 2 7115 9369
2 1 2 8480 8481
1 1 3 1545 2242 9335
1 1 6 1547 3526 3527 3528 4091 8347
1 1 3 1548 6152 6680
1 1 4 1555 1646 1838 5957
1 1 2 1557 9031
1 4
2 1 3 1558 3330 6576
2 1 2 6574 9587
2 1 3 6575 9588 9590
2 1 2 9008 9585
1 1 2 1559 2811
1 2
2 1 2 1563 3100
2 1 2 2556 2625
1 6
2 1 2 1573 2116
2 1 2 2509 7976
2 1 2 2893 3730
2 1 2 4615 7577
2 1 2 6695 8119
2 1 2 7073 7975
1 1 5 1574 1848 1886 2387 7613
1 2
2 2
3 1 2 1575 1576
3 1 3 1577 2388 7614
2 1 2 5721 7675
1 2
2 1 3 1583 9102 9103
2 1 2 9101 9105
1 3
2 1 2 1588 8008
2 1 4 1793 3148 3608 4896
2 1 2 3147 10993
1 3
2 1 3 1591 4599 7496
2 1 4 5169 5977 5978 7495
2 1 3 6725 6726 7497
1 1 3 1592 4182 5312
1 5
2 1 2 1593 7927
2 1 2 3065 7886
2 1 2 3886 4581
2 1 2 5313 5888
2 1 2 5887 6217
1 1 2 1606 8180
1 3
2 1 3 1609 1610 6469
2 1 2 3578 9196
2 1 2 9191 9197
1 1 3 1613 1614 1615
1 4
2 1 6 1628 1629 1763 1764 1765 5350
2 1 3 3177 6195 8050
2 1 3 3955 7048 8977
2 1 3 6196 7020 8000
1 1 3 1630 1631 4170
1 6
2 1 2 1632 9576
2 1 3 5208 8403 9574
2 1 3 6102 9568 9571
2 1 2 6817 9570
2 1 2 9433 9479
2 1 3 9569 9572 9598
1 3
2 1 3 1635 5141 5142
2 1 2 3769 3770
2 1 2 5143 9889
1 2
2 1 3 1640 7060 7693
2 1 2 7784 9918
1 1 3 1642 7916 8131
1 1 3 1643 4297 7536
1 3
2 1 3 1644 9602 9632
2 1 5 5298 8244 9618 9631 9635
2 1 4 8271 9608 9621 9630
1 4
2 1 2 1645 8236
2 1 2 3911 8177
2 1 3 3994 8223 8226
2 1 2 4178 8222
1 2
2 1 2 1649 1654
2 1 3 1652 1653 3045
1 1 2 1650 7462
1 4
2 1 3 1651 3291 10647
2 1 3 3018 4963 5105
2 1 2 4319 6917
2 1 2 6571 8097
1 3
2 1 4 1665 2517 6448 8888
2 1 3 3202 4798 7239
2 1 3 3255 7394 9952
1 3
2 1 2 1667 1668
2 1 3 1820 5516 6447
2 1 2 1821 7165
1 5
2 1 5 1676 1909 6495 9294 11036
2 2
3 1 2 1913 7328
3 1 2 5793 5961
2 1 2 3067 9129
2 1 5 4998 7504 9295 9296 9919
2 1 2 9874 9882
1 4
2 1 3 1678 6719 10298
2 1 3 1974 3780 7237
2 2
3 1 2 1986 4879
3 1 2 7940 8014
2 1 3 2464 3559 3778
1 1 2 1682 1683
1 6
2 1 2 1690 7551
2 1 4 1691 1692 6515 7709
2 1 2 3373 7372
2 1 2 4046 10318
2 1 3 4457 5989 7707
2 1 2 4458 7708
1 1 5 1705 3246 4342 6931 9902
1 1 3 1706 6344 7134
1 3
2 1 3 1707 10447 10933
2 1 3 3634 8637 9614
2 1 2 9301 9629
1 1 4 1712 2783 2784 3521
1 2
2 1 3 1713 2999 3000
2 1 2 2998 7074
1 5
2 1 2 1714 4916
2 1 5 1715 2966 3001 4244 4917
2 1 2 4621 4622
2 1 2 6461 6462
2 1 2 6463 9429
1 3
2 2
3 1 2 1716 4292
3 1 2 1717 4291
2 2
3 1 2 2490 4370
3 1 2 3548 5875
2 1 2 2627 4877
1 4
2 1 3 1724 3307 5547
2 1 3 5867 5868 5969
2 1 3 5968 8680 8681
2 1 2 8846 11117
1 1 2 1726 3672
1 1 3 1727 1728 5514
1 1 3 1734 4416 4589
1 1 2 1735 3555
1 2
2 1 4 1738 4419 8139 10451
2 2
3 1 3 2782 6405 7978
3 1 2 4418 7314
1 3
2 2
3 1 2 1739 11080
3 1 3 1740 4713 5132
2 3
3 1 3 1857 4219 4716
3 1 2 3472 6276
3 1 2 4715 6220
2 1 4 4499 4714 5131 5861
1 3
2 1 2 1744 10950
2 1 2 4753 7187
2 1 3 7188 7189 7190
1 1 2 1748 1749
1 5
2 2
3 1 2 1753 4605
3 1 2 5986 5987
2 1 4 1805 5065 5066 5495
2 1 2 1807 8561
2 1 2 2128 4606
2 1 2 2906 4607
1 2
2 1 3 1766 3019 4483
2 1 2 2872 4734
1 2
2 1 3 1770 1771 1772
2 1 2 1773 5037
1 5
2 2
3 1 3 1774 8871 8872
3 1 2 3812 7544
2 1 4 2230 2875 5075 8870
2 1 2 3266 7168
2 1 4 3825 7277 7660 7661
2 1 3 8864 9861 11163
1 3
2 1 4 1776 2348 3071 7044
2 1 2 3618 5870
2 1 2 4958 8063
1 1 2 1780 11145
1 1 6 1784 4946 8758 8973 9620 10461
1 2
2 1 3 1785 2947 2948
2 1 2 3561 5500
1 2
2 1 2 1786 9636
2 1 2 1792 5496
1 3
2 2
3 1 2 1787 8469
3 1 3 8458 8470 8476
2 2
3 1 2 8471 8474
3 1 2 8473 8972
2 1 2 8475 8592
1 1 2 1795 11087
1 1 3 1799 5050 5305
1 1 2 1803 1804
1 3
2 1 3 1806 3275 8733
2 2
3 1 2 3274 6420
3 1 2 6423 10982
2 1 2 3276 6421
1 4
2 1 6 1810 7001 7225 7998 7999 8174
2 1 3 3464 3903 7000
2 1 3 4373 8929 8930
2 2
3 1 2 4524 8895
3 1 2 8896 11090
1 1 3 1812 3417 4045
1 2
2 1 2 1819 6974
2 1 2 6430 6975
1 1 2 1831 8165
1 12
2 2
3 2
4 1 2 1832 6648
4 1 2 1833 8697
3 1 2 8796 8802
2 3
3 2
4 1 2 3219 8111
4 1 2 3220 8698
3 1 2 3399 8797
3 1 3 6295 6915 8834
2 2
3 1 3 3485 6739 8803
3 1 2 6093 7638
2 2
3 1 5 3497 3628 4405 4406 8110
3 1 2 4407 8819
2 1 2 3626 8815
2 3
3 2
4 1 2 3627 4863
4 1 3 4865 8801 8816
3 1 2 4357 8649
3 2
4 1 3 4725 8699 8823
4 1 2 8817 8818
2 3
3 1 3 4122 5364 8833
3 1 5 4356 4731 8273 8828 8835
3 1 4 7637 8148 8810 8825
2 2
3 1 2 4408 8827
3 1 3 6812 8657 8804
2 1 3 4584 6683 8654
2 1 2 5318 8309
2 1 4 6491 7036 7037 8820
2 1 2 8813 8814
1 2
2 1 2 1836 3321
2 1 5 1987 2267 3320 6845 7446
1 2
2 1 3 1837 3080 6330
2 1 2 2931 3081
1 3
2 1 3 1842 7339 8547
2 1 2 1843 1844
2 1 2 6186 6807
1 1 3 1845 1846 7748
1 2
2 1 2 1847 5732
2 1 2 6210 6211
1 1 3 1849 1850 7349
1 1 3 1856 6987 8009
1 1 7 1858 6573 7254 7425 9971 10925 10926
1 3
2 1 3 1860 7175 7256
2 1 2 1861 2522
2 1 2 1862 6788
1 5
2 2
3 1 4 1865 1868 4174 4693
3 1 2 1869 5841
2 3
3 1 2 1866 6399
3 1 2 1867 4181
3 1 2 4692 6398
2 1 2 4090 7897
2 1 2 4194 7898
2 1 2 5842 7809
1 4
2 2
3 1 3 1872 4326 9488
3 1 2 4240 9174
2 2
3 1 2 2103 5648
3 1 2 2280 9543
2 1 2 9178 9646
2 1 2 9544 9546
1 2
2 1 2 1875 3198
2 1 3 7042 7153 9491
1 1 2 1881 3873
1 3
2 2
3 1 3 1882 8851 8852
3 1 2 7101 8850
2 1 3 3569 3570 3572
2 2
3 1 3 3571 5204 5205
3 1 2 4211 5338
1 2
2 1 3 1885 2755 3574
2 1 3 8939 8940 8941
1 2
2 1 4 1904 4437 4462 7720
2 1 5 3444 4590 5694 9061 10357
1 2
2 1 2 1905 1906
2 1 2 7930 8048
1 2
2 1 3 1910 1911 9555
2 1 2 6373 11062
1 3
2 1 5 1912 1914 5511 5747 11044
2 1 3 4797 5590 8304
2 1 2 6645 8900
1 3
2 1 3 1915 2809 9925
2 1 4 4008 4010 9890 9928
2 1 3 5862 9926 9932
1 1 3 1919 2117 4116
1 3
2 1 3 1923 3594 3596
2 1 3 1924 5764 10714
2 2
3 1 2 3164 3166
3 1 2 3165 3243
1 4
2 1 3 1925 3188 3517
2 1 2 3477 4518
2 1 2 4519 4521
2 1 2 4520 6569
1 1 2 1926 5513
1 2
2 1 2 1927 3984
2 1 2 1928 6881
1 1 3 1934 3999 10997
1 2
2 1 2 1935 5196
2 1 6 3508 6334 7370 8538 9062 10105
1 2
2 1 3 1939 2209 4724
2 1 3 1940 1979 10074
1 1 4 1943 4077 7110 7111
1 1 4 1948 3252 4691 8082
1 5
2 1 2 1949 6530
2 1 4 1950 4123 6806 10813
2 1 2 2626 5032
2 1 2 2634 7292
2 1 2 2635 10081
1 2
2 1 4 1952 3895 7775 7776
2 1 2 6086 10403
1 3
2 1 3 1956 2400 2401
2 1 2 3022 3396
2 1 3 3774 3775 6930
1 4
2 1 3 1961 3525 6457
2 1 2 2439 7774
2 1 4 3668 3671 5645 6761
2 1 3 3669 3670 6179
1 1 3 1966 10841 10842
1 2
2 1 2 1967 7572
2 1 2 2721 3846
1 1 3 1971 3012 3013
1 1 3 1981 7321 7920
1 4
2 1 2 1989 3530
2 1 2 2456 7981
2 1 2 2682 5133
2 1 2 6212 6889
1 3
2 1 2 1995 9015
2 1 2 4972 10720
2 1 3 7893 8631 8636
1 4
2 1 3 1998 3416 11183
2 1 3 2253 8586 8590
2 1 2 4784 4785
2 1 3 6846 8589 8591
1 3
2 1 5 1999 2000 8369 11191 11193
2 1 3 9714 9716 9833
2 1 2 9717 9718
1 2
2 1 3 2002 5755 6976
2 1 3 2488 5754 6787
1 1 5 2010 2011 2676 2678 2837
1 1 4 2013 7529 10479 11129
1 1 2 2027 10949
1 1 2 2036 8181
1 2
2 1 2 2037 2038
2 1 3 7157 8442 9973
1 8
2 1 2 2039 11052
2 1 3 2040 10885 10886
2 2
3 1 3 2041 10887 10896
3 1 3 2045 2047 10888
2 1 3 2043 9190 10857
2 2
3 1 2 2048 2049
3 1 2 6533 10889
2 1 3 3469 3470 10191
2 1 2 4036 9066
2 2
3 1 2 5033 10415
3 1 3 10890 10891 10892
1 1 2 2056 6450
1 9
2 1 3 2058 5980 9720
2 1 5 3101 6652 6805 10040 10542
2 2
3 1 2 3102 6620
3 1 2 3171 4948
2 1 3 3382 4833 7872
2 2
3 1 2 3383 5402
3 1 2 4954 7561
2 1 3 4575 6104 9201
2 2
3 1 3 4576 6106 6107
3 1 3 5798 6105 7033
2 1 2 6108 9064
2 1 2 6476 7526
1 4
2 1 2 2080 8108
2 1 2 2314 10749
2 1 5 3056 4030 10712 10748 10750
2 1 2 6791 10711
1 1 2 2086 6958
1 4
2 2
3 1 3 2093 4624 5435
3 1 2 2094 7424
2 2
3 1 2 2277 3108
3 1 3 2524 2525 8774
2 2
3 1 3 2386 2523 10936
3 1 2 5482 7450
2 1 2 10283 10285
1 1 4 2095 3361 5497 5499
1 1 3 2096 2687 6579
1 4
2 2
3 1 4 2100 10038 10061 10086
3 1 2 10085 10092
2 1 4 2506 3324 5778 10087
2 3
3 1 3 2507 3325 6333
3 1 2 6995 7208
3 1 2 10036 10037
2 1 2 2804 11123
1 2
2 1 3 2106 4463 6892
2 1 2 4597 6860
1 4
2 2
3 1 2 2107 4068
3 1 2 5442 5445
2 2
3 1 2 5443 9025
3 1 3 7950 9016 9021
2 2
3 1 2 5444 9024
3 1 2 5446 10660
2 1 2 9051 9058
1 1 4 2108 2109 2111 4478
1 4
2 1 3 2113 2731 5354
2 1 2 2346 2729
2 1 3 2728 2732 2734
2 1 2 2730 2733
1 2
2 1 4 2115 2778 2779 6701
2 1 3 3471 6249 9595
1 3
2 2
3 1 2 2126 4279
3 1 2 5743 10550
2 1 2 3428 7611
2 1 2 6038 7545
1 2
2 1 2 2133 4583
2 1 2 2134 4582
1 3
2 1 2 2135 8792
2 1 3 2136 2301 3740
2 1 2 2411 5007
1 1 3 2145 6589 7275
1 5
2 1 2 2148 4375
2 1 2 4376 7736
2 2
3 1 2 5836 6685
3 1 2 5935 7589
2 1 3 5837 6234 8061
2 1 2 7820 7934
1 2
2 1 3 2149 5309 7938
2 1 3 3912 5310 10543
1 1 3 2152 2154 5575
1 1 2 2155 9835
1 1 2 2157 5004
1 1 2 2159 4094
1 1 3 2163 5376 6246
1 1 4 2166 5377 7052 9298
1 3
2 2
3 1 3 2174 4876 8701
3 1 2 3218 8798
2 2
3 1 5 4687 8693 8694 8695 8696
3 1 3 8691 8692 8700
2 1 2 6765 8038
1 1 2 2210 2957
1 2
2 1 2 2214 5765
2 1 2 2217 11187
1 3
2 2
3 1 3 2221 2944 5001
3 1 2 2945 11096
2 1 4 3229 3546 8520 11136
2 1 2 9732 10418
1 1 2 2222 6887
1 2
2 1 3 2223 6827 6828
2 1 2 9963 9966
1 1 3 2234 2235 7213
1 1 2 2244 5548
1 2
2 1 3 2256 3478 10514
2 2
3 1 2 7252 7253
3 1 2 9517 9518
1 1 3 2258 2923 4562
1 1 2 2268 5693
1 1 2 2269 8350
1 1 2 2272 2273
1 1 4 2278 2399 2402 3894
1 2
2 1 2 2289 4580
2 1 3 3404 7468 7764
1 6
2 1 3 2299 3426 3427
2 1 2 2304 11218
2 1 3 2476 4613 8072
2 1 3 3744 3745 3746
2 1 2 4612 7238
2 1 2 7268 8723
1 2
2 1 4 2312 6396 10379 11055
2 1 2 4574 9706
1 1 2 2315 5614
1 1 3 2316 9892 9893
1 1 3 2324 3839 4567
1 1 3 2329 2840 5117
1 1 3 2331 3653 3654
1 4
2 1 2 2334 11241
2 1 3 7498 10633 10634
2 1 3 8951 9007 10667
2 1 2 9006 10668
1 1 3 2335 2336 7524
1 2
2 1 2 2337 4286
2 1 2 7508 7511
1 6
2 1 4 2340 3105 3106 11005
2 1 3 2773 5025 9381
2 1 2 5028 5029
2 1 2 7696 11006
2 1 2 9039 9041
2 1 2 9379 9382
1 2
2 1 4 2342 6604 6605 6992
2 1 3 4258 6900 9864
1 2
2 1 4 2343 3697 6204 6316
2 1 3 3160 5096 6315
1 13
2 1 2 2349 7811
2 1 2 2434 10983
2 1 3 3948 10578 10918
2 1 2 3949 10977
2 2
3 1 3 3950 9715 9723
3 1 3 9722 9724 9727
2 1 4 4324 4645 8630 9821
2 1 2 5640 9822
2 1 2 6347 7871
2 1 4 7116 8676 9749 9772
2 2
3 1 3 8671 9721 9755
3 1 2 8672 9769
2 1 3 9725 9750 10976
2 1 2 9726 9771
2 1 2 9753 9770
1 1 3 2353 3095 3481
1 1 2 2354 4686
1 1 2 2362 2363
1 1 3 2366 4561 5627
1 1 3 2384 4512 6638
1 3
2 1 4 2385 2491 7025 7899
2 2
3 1 3 7024 8417 11144
3 1 2 8418 8419
2 1 3 9610 9617 9619
1 1 2 2403 2404
1 1 2 2412 3167
1 2
2 1 2 2413 9627
2 1 3 4971 9363 9613
1 2
2 1 4 2415 5923 10117 10387
2 1 3 4360 10385 10386
1 6
2 1 3 2424 2425 4349
2 1 3 2426 4878 9900
2 1 3 2427 8450 11116
2 1 2 2812 8789
2 1 2 3104 7887
2 1 2 7585 10996
1 2
2 2
3 1 2 2435 3192
3 1 2 3010 10393
2 1 6 8191 8192 8194 8195 8196 8197
1 2
2 1 4 2440 4332 6088 7323
2 1 3 2825 5454 7752
1 1 4 2444 2445 2446 3876
1 1 2 2448 7478
1 3
2 2
3 1 2 2450 6059
3 1 2 3863 7583
2 2
3 1 2 2451 4272
3 1 3 2452 2894 4203
2 1 2 6326 11042
1 3
2 1 2 2459 5498
2 2
3 1 2 2461 6760
3 1 2 7147 11065
2 1 2 4207 4209
1 1 3 2460 2462 9638
1 3
2 1 2 2463 3473
2 1 3 3699 5396 6822
2 1 3 5397 6753 6908
1 2
2 1 5 2465 2466 4049 6300 6301
2 1 4 2942 3639 3747 5541
1 4
2 2
3 1 3 2467 9435 9448
3 1 3 9437 9438 9440
2 2
3 1 2 5985 10692
3 1 3 9445 9446 9447
2 1 3 9436 9442 9449
2 2
3 1 3 9439 9443 9450
3 1 3 9444 9480 9481
1 1 3 2468 3268 11248
1 3
2 1 3 2477 8447 8448
2 1 3 2478 7346 8449
2 1 2 4064 7517
1 1 2 2484 6617
1 1 3 2487 6074 7830
1 2
2 1 4 2503 10063 10064 10065
2 1 2 10062 10119
1 1 2 2505 3685
1 4
2 2
3 1 2 2515 8385
3 1 2 6055 6743
2 1 2 3614 10971
2 1 3 4661 6362 7028
2 1 3 7335 10764 10765
1 2
2 1 2 2520 7131
2 1 2 7132 8212
1 1 3 2530 2532 9875
1 1 2 2531 4079
1 3
2 2
3 1 2 2534 2535
3 1 2 9871 9885
2 1 2 6591 9872
2 1 3 7653 8707 9217
1 1 4 2539 8770 8771 8772
1 1 3 2543 2544 2785
1 1 3 2546 3743 7091
1 2
2 1 3 2554 2555 5470
2 1 2 5469 8666
1 4
2 1 3 2557 3889 7738
2 1 2 2558 10718
2 1 3 3655 3656 8065
2 1 2 3890 10715
1 3
2 2
3 1 2 2560 9012
3 1 3 5424 9010 9011
2 2
3 1 2 2818 7448
3 1 2 6689 9857
2 1 2 5843 7987
1 1 2 2564 10395
1 1 3 2568 2569 2771
1 2
2 1 2 2570 6385
2 1 4 3556 5349 5530 6381
1 3
2 1 2 2574 6809
2 2
3 1 2 2936 6228
3 1 4 2941 4672 4673 7713
2 1 2 4147 5244
1 3
2 1 4 2578 2580 3127 5964
2 1 2 2579 11032
2 1 2 2581 3698
1 3
2 1 7 2582 4427 6437 8744 9654 10047 10474
2 1 3 2972 4644 11195
2 1 2 7419 9664
1 1 5 2592 9230 9231 9232 9233
1 1 3 2594 8375 8376
1 3
2 1 4 2596 3294 7607 7608
2 1 2 3047 3292
2 1 2 3766 6293
1 1 3 2597 6668 6669
1 1 3 2606 7564 10708
1 4
2 2
3 1 2 2613 4791
3 1 2 5180 5279
2 1 5 2741 5179 5277 5280 6262
2 1 2 5085 5278
2 1 2 10113 10114
1 4
2 1 3 2618 8563 8570
2 1 3 5515 8566 9551
2 1 3 8564 8565 9269
2 1 3 8567 8568 8569
1 2
2 1 3 2620 3643 6558
2 1 2 6557 9046
1 1 2 2622 5632
1 1 3 2623 2624 4835
1 1 3 2632 8092 8146
1 1 4 2636 2638 2639 5536
1 2
2 1 3 2644 2645 3644
2 1 2 3645 4101
1 1 4 2650 6522 8962 10602
1 2
2 1 2 2660 3156
2 1 3 6324 6325 7555
1 2
2 1 4 2666 4124 4522 9462
2 1 3 3139 3140 8013
1 2
2 1 2 2669 3584
2 1 2 2670 2888
1 1 2 2673 2674
1 4
2 1 3 2675 4189 4191
2 1 3 4190 8167 10986
2 1 2 4192 4815
2 1 3 5906 6288 6289
1 3
2 1 2 2679 8499
2 1 3 5971 8477 10826
2 2
3 1 4 8967 8969 10824 10828
3 1 2 8968 10827
1 2
2 1 2 2680 2681
2 1 2 2827 3267
1 2
2 1 2 2684 4891
2 1 2 3153 4278
1 3
2 1 3 2689 7917 10988
2 1 2 5291 7434
2 1 2 7622 8002
1 3
2 2
3 1 3 2716 4782 9330
3 1 2 5375 8044
2 1 2 5328 9328
2 1 3 7351 7964 8045
1 1 3 2717 2939 3437
1 1 3 2720 3686 8094
1 1 2 2740 4700
1 3
2 1 3 2750 9578 9581
2 1 2 5333 5519
2 1 2 8916 8918
1 1 3 2756 3359 6505
1 3
2 1 3 2759 6934 9193
2 1 2 4996 7501
2 1 3 6933 7021 7022
1 1 5 2766 6185 6610 7205 7499
1 1 3 2767 6475 8178
1 4
2 1 3 2768 5956 6305
2 1 3 3388 4053 5629
2 1 3 5646 6306 11157
2 2
3 1 2 6197 6198
3 1 2 6199 6304
1 3
2 1 2 2781 9143
2 1 2 4674 7422
2 1 3 4675 7919 10289
1 4
2 1 3 2786 2790 5891
2 1 4 2921 7397 7472 9204
2 1 2 5890 9943
2 1 2 9942 10791
1 3
2 1 3 2791 8285 10529
2 1 2 10363 10528
2 1 3 10520 10521 10522
1 1 3 2798 2799 3113
1 3
2 1 2 2802 6497
2 1 3 3379 4193 4937
2 1 3 3562 10693 10726
1 1 3 2803 10083 10088
1 1 4 2817 4249 6688 6690
1 3
2 1 4 2823 2824 5938 5939
2 1 3 6492 7281 7282
2 1 2 6848 8124
1 1 3 2830 2832 11175
1 2
2 1 2 2835 11053
2 1 2 2836 5538
1 1 3 2838 3051 3605
1 1 3 2852 6756 8917
1 2
2 1 2 2855 8455
2 1 2 9423 9424
1 2
2 1 2 2860 4978
2 1 3 3724 3982 4120
1 3
2 1 3 2861 7727 10122
2 1 3 4085 4088 7418
2 1 3 4086 4087 7703
1 2
2 1 3 2865 4438 4439
2 1 2 2866 7038
1 2
2 1 2 2889 5452
2 1 2 5453 7619
1 1 2 2895 6598
1 3
2 2
3 1 2 2908 2909
3 1 2 2910 7902
2 2
3 1 2 4289 4290
3 1 2 4390 4391
2 1 4 4392 4393 6556 7535
1 2
2 1 3 2915 6166 8854
2 1 2 3603 3704
1 2
2 1 2 2924 4810
2 1 2 2925 4809
1 1 3 2926 4807 4808
1 2
2 1 2 2927 4596
2 1 2 4598 5286
1 2
2 1 2 2928 7865
2 1 2 5774 6424
1 2
2 1 2 2929 7350
2 1 2 6311 8414
1 1 3 2950 4503 7813
1 4
2 1 2 2959 5744
2 1 3 5940 7027 10095
2 1 2 5941 8076
2 1 2 6067 6332
1 1 3 2963 3892 7965
1 1 2 2967 5779
1 1 2 2980 5510
1 2
2 1 2 2985 8759
2 1 2 4092 9778
1 1 2 2988 5399
1 1 2 2996 10426
1 1 2 3006 7329
1 2
2 1 2 3024 8762
2 1 2 3025 3221
1 1 2 3027 3028
1 2
2 1 2 3029 7772
2 1 2 3030 3146
1 2
2 1 3 3034 4929 6841
2 1 3 6684 6768 11239
1 1 3 3035 3036 7023
1 1 3 3054 3055 7867
1 2
2 1 2 3059 6129
2 1 2 6130 8004
1 1 4 3061 7318 7687 7688
1 2
2 1 3 3064 7793 7794
2 1 2 9513 9649
1 1 3 3068 4361 8305
1 2
2 1 2 3074 4908
2 1 2 7191 8523
1 1 2 3075 3076
1 3
2 1 3 3077 4164 5039
2 1 2 5040 8595
2 2
3 1 2 5041 10462
3 1 2 6947 10459
1 1 4 3103 5775 6124 7735
1 1 2 3111 3112
1 1 2 3118 3859
1 1 2 3130 3131
1 1 2 3132 3133
1 2
2 1 2 3134 3135
2 1 2 7067 8327
1 1 2 3136 7376
1 2
2 1 3 3138 4548 5741
2 1 2 4435 8319
1 2
2 1 3 3155 3503 5851
2 1 2 7464 7681
1 2
2 1 2 3163 5210
2 1 2 6918 7700
1 1 3 3173 5518 7249
1 3
2 1 3 3174 6382 8213
2 1 4 5466 6285 6856 8046
2 1 2 8970 10581
1 3
2 1 2 3175 7580
2 1 2 5974 5975
2 1 2 7451 9315
1 1 7 3186 3402 3900 4105 7358 9365 10872
1 1 3 3190 6602 6603
1 1 2 3193 3194
1 1 2 3200 6049
1 1 2 3222 4623
1 1 2 3244 4565
1 2
2 1 4 3245 3604 4208 9742
2 1 2 5266 5437
1 1 3 3254 9495 9497
1 3
2 1 3 3261 8280 10116
2 1 2 4231 10084
2 1 4 8844 10077 10093 10115
1 5
2 1 6 3265 4242 9175 10589 11158 11160
2 2
3 1 2 3353 5272
3 1 2 5178 5273
2 2
3 1 2 3637 6255
3 1 2 5411 7003
2 1 2 3750 7519
2 2
3 1 3 4121 6964 11167
3 1 3 5545 8353 10897
1 1 3 3271 5970 10825
1 1 3 3272 3273 8675
1 1 4 3277 3278 3279 6274
1 1 3 3289 6596 7512
1 1 2 3290 4635
1 1 2 3295 6736
1 1 4 3309 6888 7198 8270
1 2
2 1 2 3313 4347
2 1 2 5525 7914
1 1 3 3315 3316 4889
1 1 4 3317 3612 3613 6388
1 1 4 3318 3319 7058 7269
1 3
2 1 3 3342 5576 5578
2 1 2 5577 6654
2 1 3 5579 5580 6653
1 2
2 1 3 3343 5341 5685
2 1 3 4806 8609 8632
1 1 2 3344 4573
1 2
2 1 2 3347 4831
2 1 3 4828 4832 7984
1 1 3 3348 9419 9489
1 1 3 3357 3358 6706
1 1 4 3363 6816 6946 11060
1 1 3 3368 3369 10944
1 1 3 3384 5047 10314
1 1 2 3385 8577
1 2
2 1 3 3389 3390 7087
2 1 2 4696 5740
1 5
2 2
3 1 4 3391 4703 4704 6167
3 1 2 3979 9852
2 2
3 1 4 3856 8618 9786 9839
3 1 2 9834 9836
2 1 3 4339 9739 9827
2 1 3 9045 9751 9752
2 1 3 9757 9828 9860
1 1 2 3394 6981
1 2
2 1 2 3403 4400
2 1 2 5899 5900
1 1 2 3406 9637
1 1 2 3407 4401
1 3
2 2
3 1 2 3411 8256
3 1 2 4243 9384
2 1 2 3413 9850
2 1 2 8971 10183
1 1 3 3414 3415 10590
1 1 2 3423 5421
1 1 2 3425 7491
1 2
2 1 3 3432 6759 10989
2 1 2 10752 10760
1 4
2 1 4 3435 10700 10772 10782
2 1 3 4014 10423 10675
2 3
3 1 2 4983 10783
3 1 2 6158 10707
3 1 2 10724 10746
2 1 4 10676 10697 10745 10774
1 1 2 3436 11236
1 1 3 3441 9883 9951
1 1 2 3442 9949
1 1 3 3443 3446 7077
1 1 3 3445 7183 11018
1 2
2 1 3 3449 7324 7755
2 2
3 1 2 7083 10573
3 1 3 7590 10574 10575
1 1 4 3460 8155 8156 11212
1 2
2 1 3 3461 9084 9907
2 1 4 3547 4428 5340 10033
1 1 2 3488 6259
1 1 2 3498 3499
1 4
2 1 2 3502 9773
2 1 3 4313 9958 9978
2 1 3 6390 9290 9957
2 1 4 7786 7816 8682 9970
1 1 3 3504 4146 4527
1 1 2 3506 5256
1 3
2 1 2 3507 4741
2 1 2 3606 5224
2 1 2 4740 7685
1 1 2 3511 3512
1 1 3 3513 3514 3515
1 1 2 3519 5780
1 1 2 3531 3532
1 1 3 3542 4009 6116
1 1 2 3549 10864
1 2
2 1 2 3550 7991
2 1 2 3932 10957
1 1 3 3557 7848 11100
1 1 3 3564 4827 11000
1 3
2 1 3 3565 7203 9370
2 1 2 4892 10296
2 1 3 10129 10179 10297
1 1 4 3568 5086 6630 6631
1 1 2 3576 4267
1 1 3 3595 5459 10269
1 2
2 1 2 3600 7393
2 1 2 3601 7933
1 1 2 3609 5170
1 2
2 1 2 3615 11019
2 1 2 10513 11021
1 1 4 3616 5077 8278 9187
1 1 4 3631 3632 4669 7026
1 2
2 1 3 3640 5306 8490
2 1 2 4960 10292
1 1 2 3642 10716
1 1 2 3648 5508
1 4
2 2
3 1 2 3658 8022
3 1 2 4653 5197
2 1 3 4253 5153 7287
2 1 4 4652 4654 4655 6248
2 1 3 4990 5365 6264
1 1 2 3660 7032
1 2
2 1 3 3663 8573 8574
2 1 2 8571 8572
1 1 2 3667 4919
1 1 2 3679 7931
1 1 2 3680 3681
1 2
2 1 2 3687 8718
2 1 2 9586 9589
1 1 2 3689 5427
1 2
2 1 2 3707 7858
2 1 2 5360 6240
1 2
2 1 2 3718 6844
2 1 2 10048 10055
1 1 2 3722 7206
1 1 3 3726 7961 8937
1 3
2 1 3 3738 3739 6036
2 1 2 4212 4860
2 1 2 4859 7562
1 2
2 1 3 3758 6280 10412
2 1 3 4728 7273 10834
1 2
2 1 2 3771 3772
2 1 3 7992 7993 7994
1 1 2 3776 7704
1 2
2 1 3 3779 7236 8315
2 1 2 7234 9708
1 3
2 1 4 3785 4281 4282 7300
2 1 2 3786 3787
2 1 2 3788 11095
1 1 2 3794 5761
1 1 3 3800 3801 10837
1 2
2 1 2 3810 3908
2 1 2 3811 3816
1 1 4 3820 5876 10196 10197
1 1 2 3821 10962
1 1 2 3823 10641
1 1 2 3832 3833
1 1 2 3834 11093
1 1 3 3842 3843 7113
1 2
2 1 3 3854 5191 6134
2 1 2 4959 10859
1 5
2 2
3 1 3 3857 9044 9858
3 1 2 4338 9049
2 1 3 6039 8267 9908
2 1 2 7410 10638
2 1 3 9042 10635 10636
2 1 2 10639 10652
1 3
2 1 2 3860 5269
2 1 2 4043 7857
2 1 2 7078 7856
1 1 3 3866 8980 9484
1 1 2 3874 5251
1 1 3 3878 3879 3880
1 1 2 3904 5544
1 1 2 3905 5636
1 1 3 3909 8488 10538
1 1 2 3910 6681
1 6
2 1 2 3934 9976
2 1 2 3935 3936
2 1 2 3937 10500
2 1 4 3938 8638 9977 10519
2 1 3 6960 7373 7374
2 1 2 10497 10518
1 1 2 3941 7313
1 1 2 3942 10155
1 1 2 3974 4893
1 1 3 3992 3993 11097
1 1 3 4001 5419 6174
1 1 2 4011 8345
1 4
2 1 2 4012 9236
2 1 4 5912 7099 10053 10054
2 1 2 6534 7406
2 1 2 7220 9927
1 1 3 4023 4733 7103
1 1 3 4040 6621 7308
1 1 2 4044 4452
1 1 3 4065 4066 6145
1 1 2 4075 11131
1 1 3 4107 9414 9541
1 6
2 1 2 4125 7347
2 1 2 4529 11020
2 1 2 6445 9028
2 1 4 10159 10161 10220 10225
2 1 3 10160 10214 10218
2 1 4 10215 10219 10223 10224
1 1 2 4126 4127
1 1 5 4128 4130 4131 4471 4472
1 2
2 1 2 4129 6532
2 1 2 6172 10070
1 2
2 1 3 4134 6441 8356
2 2
3 1 2 6442 8328
3 1 2 8329 8330
1 4
2 1 3 4143 9108 9113
2 1 3 6239 9110 10482
2 1 3 8134 9109 9114
2 2
3 1 2 8308 9116
3 1 2 9112 11045
1 1 2 4150 8324
1 1 2 4151 10866
1 1 2 4152 11216
1 1 2 4161 8882
1 2
2 1 3 4162 5046 8612
2 1 4 4176 5784 8613 10669
1 2
2 1 3 4163 6098 6551
2 1 3 5654 6099 6100
1 1 3 4171 4172 5581
1 1 3 4173 5087 7958
1 3
2 1 2 4183 7261
2 1 2 4481 9529
2 1 2 4482 9765
1 1 2 4213 5109
1 1 2 4218 7100
1 2
2 1 3 4255 10026 10731
2 1 3 6740 7618 10730
1 1 2 4259 9964
1 1 3 4264 7705 10934
1 1 2 4269 10430
1 1 2 4284 9948
1 1 2 4287 5457
1 1 2 4288 9800
1 1 2 4304 6404
1 3
2 1 2 4308 5677
2 1 3 6253 6539 10287
2 1 3 7683 10256 10288
1 1 3 4322 9548 9549
1 1 3 4330 6550 9188
1 1 2 4331 6215
1 1 2 4335 5847
1 1 3 4353 4354 10240
1 2
2 1 3 4355 5838 7420
2 1 2 5122 6830
1 2
2 1 4 4374 4840 4842 5799
2 1 2 4841 11074
1 1 3 4402 10549 10984
1 3
2 1 3 4410 4761 6840
2 1 3 6188 8215 9490
2 1 2 6839 8985
1 1 2 4424 4425
1 1 2 4430 9761
1 1 2 4433 6584
1 2
2 1 3 4464 8684 8688
2 1 2 8685 8687
1 1 3 4468 8755 8756
1 2
2 1 3 4475 4480 4682
2 1 3 9396 9499 9584
1 3
2 1 2 4476 8954
2 1 3 6062 8958 10797
2 1 2 6063 6064
1 2
2 1 2 4493 7500
2 1 2 6010 6656
1 1 2 4498 9575
1 2
2 1 6 4505 4506 4509 4510 5366 7395
2 1 2 4507 4508
1 1 2 4511 10498
1 1 2 4525 4526
1 1 3 4530 7718 8478
1 1 2 4532 11085
1 1 3 4546 4547 8346
1 1 4 4566 8152 9119 9120
1 2
2 1 3 4577 5884 7194
2 1 2 4578 6400
1 1 3 4579 4857 9648
1 1 2 4585 4586
1 1 2 4587 9348
1 1 2 4588 6901
1 2
2 1 3 4591 6642 11111
2 1 3 5753 9418 11240
1 1 3 4602 8144 8145
1 1 3 4608 4609 4611
1 3
2 2
3 1 3 4651 4994 6988
3 1 2 5584 7822
2 2
3 1 5 4991 4992 5603 6593 8087
3 1 2 5602 5994
2 1 3 4993 5585 7635
1 1 2 4667 10931
1 1 3 4671 7841 7842
1 1 3 4683 7005 9859
1 1 4 4694 4695 10216 10974
1 4
2 2
3 1 2 4699 6907
3 1 2 5051 7471
2 1 2 5246 8378
2 1 2 6085 6911
2 1 3 6910 10580 10600
1 1 2 4702 6056
1 1 5 4737 4738 4739 4847 4848
1 1 2 4745 11122
1 2
2 1 4 4754 4952 5860 10911
2 2
3 1 2 5092 11254
3 1 2 7928 10909
1 1 3 4763 4764 10424
1 1 2 4766 7710
1 4
2 1 3 4773 10272 10273
2 1 3 5078 10248 10254
2 1 5 10246 10247 10250 10252 10270
2 1 2 10249 10274
1 1 3 4775 4776 4777
1 1 2 4811 4856
1 2
2 1 2 4826 10458
2 1 2 5943 7380
1 1 3 4829 4830 10952
1 2
2 1 2 4843 9083
2 1 3 6037 6250 8137
1 1 2 4849 6944
1 1 4 4853 5936 6317 6609
1 1 4 4854 4855 6335 7463
1 1 2 4887 10980
1 1 2 4890 5139
1 1 3 4905 5750 7563
1 1 3 4906 4907 5995
1 1 3 4923 8768 8876
1 4
2 1 3 4931 5512 9947
2 1 2 7533 9946
2 1 2 7534 8435
2 1 3 10146 10148 10150
1 1 3 4941 5692 10662
1 1 2 4942 5549
1 1 2 4950 4951
1 3
2 1 2 4956 7769
2 1 2 5605 7150
2 1 2 5606 5781
1 2
2 1 2 4987 4988
2 1 2 7817 11067
1 1 3 5006 6541 9768
1 1 2 5014 5864
1 2
2 1 2 5015 11061
2 1 2 8899 8908
1 2
2 1 2 5024 7731
2 1 2 6296 6823
1 1 4 5034 5035 5036 7202
1 2
2 1 2 5038 7473
2 1 2 6454 8720
1 1 4 5043 9299 9300 10158
1 1 2 5056 5058
1 2
2 1 2 5061 5062
2 1 2 5631 7586
1 1 3 5068 6646 7970
1 4
2 2
3 1 2 5091 10603
3 1 2 10597 10621
2 1 3 8479 10583 10584
2 2
3 1 3 10577 10613 10614
3 1 3 10610 10615 10620
2 2
3 1 2 10582 10611
3 1 2 10594 10598
1 1 3 5097 5098 5099
1 1 4 5102 7634 8006 8007
1 2
2 1 3 5104 5772 7728
2 2
3 1 2 7657 10862
3 1 2 8983 10861
1 3
2 1 2 5121 6535
2 1 2 5722 6537
2 1 2 6600 9774
1 1 3 5125 6169 10375
1 1 4 5136 10607 10608 10609
1 1 2 5160 7833
1 1 2 5161 8909
1 1 2 5172 11222
1 1 3 5175 7438 9597
1 1 3 5202 5699 8058
1 1 2 5203 5835
1 1 2 5214 10947
1 1 2 5216 5217
1 1 2 5225 6965
1 1 3 5239 5240 7489
1 1 2 5245 10606
1 2
2 1 3 5247 5248 10496
2 1 3 5249 8057 10495
1 1 3 5253 9229 9267
1 1 4 5262 5263 5264 6031
1 1 4 5271 5465 10130 10445
1 1 3 5274 5276 11242
1 1 3 5289 5927 7270
1 2
2 1 3 5293 7081 7082
2 1 3 9085 9086 9087
1 1 3 5299 5395 9611
1 1 2 5300 6585
1 2
2 2
3 1 3 5304 5380 8575
3 1 3 5379 5381 11048
2 1 2 7588 9270
1 1 2 5311 10987
1 2
2 1 2 5315 5316
2 1 3 8889 8890 8891
1 1 4 5322 5323 5325 8489
1 2
2 1 3 5324 5833 8457
2 1 2 8055 9430
1 2
2 1 3 5327 8661 8665
2 1 2 7173 9526
1 1 2 5329 8426
1 2
2 1 4 5330 9458 9463 9468
2 1 3 9464 9465 10935
1 1 2 5331 5332
1 1 2 5356 9961
1 2
2 2
3 1 3 5361 10585 10587
3 1 2 8114 10586
2 1 3 5788 6221 10854
1 1 2 5367 7559
1 1 3 5373 5464 7870
1 2
2 1 2 5374 9206
2 1 2 9477 9478
1 1 3 5400 7440 11189
1 1 4 5404 5731 8039 9945
1 1 2 5406 7333
1 2
2 1 2 5415 10820
2 1 2 8974 8984
1 1 3 5418 9133 10198
1 1 2 5425 5426
1 1 3 5428 5429 5430
1 1 2 5434 6825
1 1 2 5447 6799
1 1 2 5449 5462
1 2
2 1 3 5460 5461 10903
2 1 2 10899 10904
1 2
2 1 2 5467 7029
2 1 2 6342 10365
1 1 3 5502 5503 11103
1 2
2 1 3 5504 10326 10433
2 1 2 6904 7792
1 1 3 5528 5529 7767
1 1 3 5537 9884 11151
1 2
2 1 2 5551 6076
2 1 2 5552 5555
1 1 3 5561 5562 5589
1 1 3 5569 8433 9261
1 1 4 5571 6164 6165 7391
1 2
2 2
3 1 2 5582 7721
3 1 2 6735 7757
2 1 3 7758 9558 9559
1 1 3 5588 10350 10356
1 1 3 5598 6410 8606
1 1 3 5604 9385 10260
1 1 3 5607 5608 6626
1 1 3 5611 10152 10948
1 1 2 5618 10416
1 3
2 1 2 5642 6686
2 1 5 6464 6762 6833 8047 9992
2 1 2 6763 9993
1 1 2 5657 5658
1 1 3 5667 5668 5669
1 1 3 5686 6113 10969
1 1 2 5710 5711
1 1 2 5735 5736
1 2
2 1 3 5738 7204 8294
2 1 3 7714 8003 8169
1 1 3 5745 5746 7649
1 1 2 5751 8961
1 1 4 5752 5955 8639 9896
1 1 3 5756 5757 5758
1 1 2 5766 6091
1 1 2 5776 6543
1 1 2 5785 7483
1 1 3 5789 5790 5791
1 1 2 5794 5795
1 1 2 5822 6729
1 1 3 5829 5830 9183
1 3
2 1 3 5844 9501 10651
2 1 3 8122 9502 9503
2 1 3 9048 9500 9504
1 2
2 1 2 5853 10255
2 1 3 10262 10264 10265
1 1 2 5855 8269
1 1 2 5866 6874
1 1 3 5918 5919 10956
1 1 3 5932 5933 10201
1 1 2 5944 7684
1 1 2 5979 11147
1 1 2 5990 7609
1 2
2 1 2 5991 11237
2 1 2 5992 8619
1 1 3 5993 6336 10434
1 1 4 6000 6001 10457 10849
1 1 2 6034 6035
1 1 2 6066 6722
1 2
2 1 2 6072 7320
2 1 2 6073 6200
1 1 2 6077 6359
1 2
2 1 2 6080 10046
2 1 3 7263 7264 7697
1 1 2 6084 7633
1 2
2 1 2 6101 7636
2 1 2 8354 8542
1 1 2 6112 10940
1 1 2 6120 6121
1 2
2 1 3 6133 7566 10007
2 1 4 10009 10010 10011 10091
1 1 2 6154 10895
1 1 2 6159 10221
1 1 4 6160 6161 9411 11214
1 1 2 6163 6397
1 1 3 6191 8938 8942
1 2
2 1 2 6247 9117
2 1 2 7942 9118
1 1 2 6260 6261
1 1 3 6266 9798 9799
1 1 2 6338 9171
1 1 4 6346 7267 7825 11016
1 1 3 6349 6350 6351
1 1 3 6355 9869 9870
1 1 3 6364 9398 9485
1 1 2 6365 8238
1 1 3 6366 8263 8266
1 1 4 6375 6376 6811 9781
1 3
2 1 2 6377 7467
2 1 2 7228 7465
2 1 2 10199 10979
1 1 2 6378 7591
1 1 2 6393 6394
1 1 2 6402 6403
1 1 3 6406 6407 10777
1 1 2 6409 7068
1 1 2 6417 9238
1 1 2 6426 7924
1 1 2 6436 8987
1 1 2 6440 10908
1 1 2 6444 10226
1 1 3 6465 7716 7717
1 1 2 6473 6474
1 1 2 6478 6479
1 2
2 1 3 6502 6503 9338
2 1 3 9334 9336 9337
1 1 2 6506 6507
1 2
2 1 2 6514 11010
2 1 3 7459 10717 10733
1 1 3 6527 10166 10905
1 1 2 6554 9441
1 2
2 1 2 6559 6957
2 1 2 6560 9824
1 1 2 6586 9851
1 1 2 6601 6984
1 1 2 6616 6712
1 1 2 6618 6619
1 1 2 6628 8434
1 1 2 6644 8084
1 1 3 6650 7604 9745
1 1 2 6651 7698
1 1 2 6665 7837
1 1 3 6666 7364 7365
1 1 2 6667 8482
1 1 3 6674 10441 10442
1 1 3 6682 7387 7396
1 1 2 6699 6700
1 1 2 6728 6913
1 1 2 6730 7178
1 1 2 6750 10300
1 2
2 1 2 6754 10367
2 1 2 6755 7881
1 1 2 6758 8098
1 1 3 6771 6772 10622
1 1 3 6779 7673 9962
1 1 3 6813 6814 8549
1 1 2 6847 10301
1 1 2 6862 7460
1 2
2 1 3 6868 9920 11219
2 1 2 9906 9975
1 1 2 6876 6877
1 1 2 6882 8611
1 1 2 6883 7296
1 1 2 6891 7672
1 2
2 1 2 6898 11205
2 1 2 6899 7888
1 1 3 6902 6903 7674
1 1 3 6926 6927 10173
1 1 2 6932 7482
1 1 2 6948 7181
1 1 3 6949 6950 9082
1 1 3 6982 7593 9069
1 1 3 6993 6994 7779
1 1 2 6998 8303
1 1 3 7010 7011 8025
1 1 2 7012 8663
1 1 2 7013 8118
1 1 3 7031 7955 7956
1 1 3 7049 8509 8511
1 1 3 7105 7106 10780
1 1 3 7109 7768 9128
1 1 3 7136 7137 7732
1 1 2 7148 7401
1 1 2 7151 7416
1 1 2 7179 8411
1 1 2 7192 9969
1 1 2 7197 8016
1 1 2 7217 7356
1 1 2 7245 9524
1 1 3 7247 7248 9564
1 1 4 7293 7742 9415 9645
1 1 2 7294 7531
1 1 3 7298 7411 7922
1 2
2 1 2 7299 9287
2 1 3 9285 9286 9288
1 1 3 7301 9163 9164
1 1 3 7306 10035 10073
1 1 3 7312 8627 11210
1 1 2 7326 10315
1 2
2 1 3 7352 7353 7355
2 1 3 7354 7597 10792
1 1 2 7369 7771
1 1 2 7383 8012
1 1 2 7385 7386
1 1 2 7389 11038
1 2
2 1 3 7413 8548 10203
2 1 2 10021 10616
1 1 3 7432 8396 8398
1 3
2 1 3 7435 7839 9093
2 1 2 8168 9088
2 1 2 9094 9095
1 3
2 1 2 7439 10679
2 1 5 9454 9734 10677 10678 10681
2 1 2 10645 10680
1 1 3 7469 9823 10227
1 2
2 2
3 1 2 7493 9596
3 1 2 9594 10990
2 1 2 9592 9593
1 1 2 7515 7863
1 1 2 7546 8766
1 1 2 7547 11041
1 1 2 7550 8391
1 1 2 7552 10524
1 1 2 7556 7557
1 3
2 1 2 7558 8218
2 1 2 7766 8234
2 1 2 8233 9420
1 1 2 7567 10951
1 1 4 7570 7571 9923 9967
1 2
2 1 2 7574 9579
2 1 3 9397 9580 11023
1 1 2 7584 7788
1 1 2 7587 11063
1 1 2 7628 7904
1 1 2 7643 7882
1 1 3 7645 10352 10355
1 1 2 7648 10601
1 1 2 7650 10043
1 1 3 7658 9547 10111
1 1 2 7667 10818
1 1 2 7733 7734
1 1 2 7741 9194
1 2
2 1 2 7744 10000
2 1 2 9995 10001
1 1 2 7753 7754
1 2
2 1 2 7804 10437
2 1 2 7805 10438
1 1 2 7861 8040
1 1 2 7873 8472
1 1 4 7884 7885 10478 10507
1 1 3 7890 10699 10784
1 1 2 7891 9856
1 1 2 7935 11156
1 1 2 7936 11208
1 1 2 7951 8104
1 1 2 7957 8739
1 3
2 1 2 7972 9655
2 1 2 9656 9657
2 1 2 9658 9707
1 1 2 8023 8140
1 3
2 1 4 8031 8032 10195 10978
2 1 2 8207 10182
2 1 2 10180 10181
1 3
2 1 2 8036 9054
2 1 2 9020 9057
2 1 3 9055 9056 9059
1 1 2 8077 9466
1 1 3 8147 9729 9730
1 1 2 8199 8200
1 1 2 8204 8205
1 1 2 8209 8210
1 1 4 8220 8221 8224 8225
1 1 4 8227 8228 8232 8242
1 1 3 8229 8230 8245
1 1 3 8243 10335 10336
1 1 3 8253 10322 10323
1 1 3 8259 8260 8261
1 1 2 8334 8348
1 2
2 2
3 1 4 8335 8337 8339 8342
3 1 2 8336 8340
2 1 3 8338 8341 8343
1 1 2 8367 10964
1 1 3 8382 8383 8384
1 1 2 8388 8761
1 1 2 8394 8395
1 1 2 8397 8399
1 1 3 8412 8413 10153
1 1 3 8431 10188 10509
1 1 2 8439 8440
1 2
2 1 2 8444 10540
2 1 2 9909 11184
1 1 2 8452 8453
1 1 2 8460 8623
1 1 2 8464 11064
1 1 2 8493 10728
1 1 2 8495 10623
1 1 3 8524 8525 8527
1 1 3 8526 8528 8536
1 3
2 1 3 8530 10022 10202
2 1 2 8531 10617
2 1 2 8532 10020
1 1 2 8533 8848
1 2
2 1 2 8546 10345
2 1 2 9405 10370
1 1 2 8582 8584
1 1 2 8629 9633
1 1 2 8643 8670
1 1 3 8659 8660 8662
1 1 3 8702 8703 8704
1 1 2 8705 8706
1 1 3 8714 8715 8716
1 1 2 8729 10112
1 3
2 1 3 8748 8752 8754
2 1 2 8749 8750
2 1 2 8751 8753
1 1 2 8764 8765
1 1 2 8777 8779
1 2
2 1 2 8805 8822
2 1 2 8806 8807
1 1 2 8811 8812
1 1 3 8841 8842 8843
1 1 2 8849 9177
1 1 2 8873 8875
1 1 2 8904 8905
1 1 2 8914 11091
1 1 3 8920 10126 10127
1 1 2 8931 8932
1 1 3 8933 8935 8936
1 1 2 8945 10814
1 1 2 8946 8952
1 1 2 8950 9841
1 1 2 8963 8964
1 1 2 8966 10739
1 1 3 9017 9018 9022
1 1 3 9026 9027 9032
1 1 3 9063 10267 10268
1 1 2 9065 11171
1 1 2 9071 9284
1 1 3 9074 9075 9076
1 1 2 9080 9314
1 1 3 9089 9863 10372
1 1 3 9090 9091 9096
1 1 2 9098 9099
1 1 2 9115 9628
1 1 2 9121 10576
1 1 2 9122 11221
1 1 2 9130 9139
1 2
2 1 2 9136 9137
2 1 2 9138 9145
1 1 3 9140 9141 10985
1 2
2 1 3 9144 10258 10259
2 1 2 10755 10758
1 1 2 9152 9153
1 1 2 9170 9282
1 1 2 9186 9921
1 1 2 9198 9199
1 1 3 9208 9253 9254
1 1 2 9211 9234
1 3
2 1 3 9219 9220 9239
2 1 2 9240 9250
2 1 2 9249 9257
1 1 2 9225 9226
1 1 3 9227 9241 9248
1 1 2 9251 9259
1 1 3 9252 9265 9266
1 1 2 9311 9953
1 1 3 9331 9332 9333
1 1 2 9366 9367
1 2
2 2
3 1 2 9391 9392
3 1 2 9520 9523
2 1 2 9393 9521
1 1 2 9406 10384
1 1 2 9416 9417
1 1 2 9451 9684
1 1 2 9455 11009
1 1 2 9460 9461
1 1 2 9470 10906
1 2
2 1 3 9533 9534 9624
2 1 2 9623 9625
1 1 2 9550 9552
1 1 3 9553 9554 9557
1 1 2 9599 9600
1 1 2 9605 9606
1 1 2 9607 9626
1 1 2 9609 9616
1 1 3 9672 9673 9674
1 1 2 9675 9676
1 1 2 9677 9784
1 2
2 1 2 9678 10795
2 1 2 10448 10796
1 1 2 9679 9680
1 1 2 9685 9686
1 1 2 9687 9688
1 2
2 1 2 9690 9702
2 1 2 9691 9698
1 3
2 2
3 1 3 9692 9699 9711
3 1 2 9700 9737
2 2
3 1 2 9701 9704
3 1 2 9703 9705
2 1 2 9709 9710
1 1 3 9712 9713 10382
1 1 2 9736 9738
1 1 2 9740 9804
1 1 2 9746 9747
1 1 2 9748 9754
1 1 2 9756 9785
1 1 2 9758 9759
1 1 3 9762 9763 9764
1 1 3 9794 9795 10413
1 1 3 9819 9820 9865
1 1 2 9825 9826
1 1 2 9837 9838
1 1 2 9866 9867
1 1 2 9898 9950
1 1 2 9901 9905
1 1 2 9903 9904
1 1 3 9914 10821 10822
1 1 2 9916 9917
1 1 2 9972 10147
1 1 2 9990 9991
1 1 2 10006 10107
1 2
2 1 2 10012 10018
2 1 2 10039 10131
1 2
2 1 2 10019 10644
2 1 2 10023 10094
1 1 3 10024 10027 10151
1 1 3 10030 10031 10032
1 1 2 10051 10943
1 1 2 10097 10098
1 1 2 10135 10136
1 2
2 1 2 10140 10141
2 1 2 10142 10192
1 1 2 10145 10187
1 1 2 10169 10239
1 1 3 10171 10554 10555
1 1 2 10193 10194
1 1 2 10200 10618
1 1 2 10204 10208
1 1 3 10207 10209 10211
1 1 2 10228 10229
1 2
2 1 2 10241 10244
2 1 2 10245 10271
1 1 2 10242 10243
1 1 2 10261 10304
1 2
2 1 3 10277 10278 10282
2 1 2 10279 10280
1 1 2 10305 10306
1 1 3 10310 10815 10816
1 1 3 10321 10325 10328
1 1 2 10329 10330
1 1 2 10339 10354
1 1 2 10366 10368
1 1 3 10388 10389 10390
1 1 3 10420 10421 10422
1 1 2 10435 10436
1 1 3 10440 10525 10526
1 1 2 10443 10444
1 1 2 10483 10484
1 1 2 10488 10501
1 1 2 10493 10494
1 1 2 10499 10505
1 1 2 10536 10537
1 1 2 10665 11027
1 1 2 10673 10674
1 2
2 1 2 10682 10775
2 1 3 10686 10687 10725
1 1 2 10736 10737
1 1 2 10757 10804
1 2
2 1 3 10766 10767 10768
2 1 2 10769 10771
1 1 2 10781 10955
1 1 2 10790 10793
1 1 2 10817 10819
