0 1682
1 1 38 0 1790 2655 3126 3231 3533 3657 4059 4076 4531 4541 5609 5880 6222 7114 7207 7260 7680 7796 7862 8187 8237 8443 9029 9601 9634 9639 9669 9850 10353 10473 10591 10653 10900 11001 11139 11225 11250
1 5
2 1 3 1 1570 6168
2 1 3 52 4545 10631
2 1 3 883 884 965
2 1 2 2954 4544
2 1 2 10331 10344
1 5
2 1 4 2 909 10237 10238
2 1 3 4 6070 7506
2 1 3 93 977 1813
2 2
3 1 2 94 3624
3 1 2 6401 8317
2 1 5 3189 4251 8318 10235 10236
1 5
2 1 3 3 1670 2565
2 1 2 1568 1673
2 1 3 1569 1572 5003
2 1 2 2976 4216
2 1 2 3733 7407
1 54
2 1 15 5 120 4680 5320 6801 7699 7949 8608 8669 8678 8824 8831 10303 10884 11179
2 2
3 1 4 18 663 811 4294
3 1 4 20 2189 2540 2654
2 3
3 1 4 19 2391 5450 7568
3 1 4 669 1304 2170 2614
3 1 2 2196 6251
2 1 5 105 2178 4604 7089 8027
2 7
3 3
4 1 2 114 2757
4 1 2 6028 6796
4 1 2 6029 6795
3 2
4 1 3 922 6431 6512
4 2
5 1 2 2898 5925
5 1 2 2901 3048
3 4
4 1 3 1077 2899 8653
4 1 2 2344 6171
4 1 2 2483 9306
4 1 2 6606 8307
3 2
4 1 2 1193 11231
4 1 2 2172 3538
3 1 3 2849 3452 8109
3 2
4 1 2 5355 6030
4 1 2 5926 9304
3 1 2 9302 9303
2 1 3 133 2177 6843
2 1 9 153 4743 7749 7750 7864 8456 9291 10284 10922
2 1 3 227 4047 10942
2 3
3 1 2 391 5953
3 1 2 805 8189
3 1 2 3730 4378
2 2
3 1 2 514 9111
3 1 2 1299 4305
2 2
3 1 2 659 6069
3 1 2 660 7090
2 3
3 1 3 661 2500 6967
3 1 3 671 3817 6519
3 1 2 1743 3814
2 1 3 662 1742 2162
2 1 3 664 1087 7854
2 4
3 2
4 1 3 666 863 6322
4 1 3 2187 5749 8026
3 2
4 1 4 670 1305 2188 4384
4 1 2 3539 4383
3 3
4 2
5 1 3 810 2191 7553
5 1 3 4385 5378 6859
4 1 2 1306 7102
4 1 2 7055 7338
3 1 3 4662 4894 7104
2 2
3 1 3 667 2176 6615
3 1 3 2165 9106 9107
2 4
3 1 4 668 2175 7477 9561
3 1 3 1482 2180 3554
3 1 3 1483 4765 6023
3 1 2 2263 5436
2 1 3 672 673 2181
2 4
3 1 2 689 7971
3 1 3 690 6716 8086
3 1 3 2173 4649 9165
3 1 2 2179 4899
2 1 3 731 2151 2185
2 1 2 932 2513
2 1 2 1174 2850
2 1 2 1244 11217
2 1 5 1245 2236 5134 5501 7789
2 2
3 1 2 1519 4263
3 1 2 2237 10941
2 1 3 1582 2758 6718
2 1 4 1725 2262 2264 7019
2 1 3 1887 2160 3802
2 1 2 2101 2102
2 1 3 2118 4113 4115
2 2
3 1 2 2141 2167
3 1 2 3400 4688
2 1 2 2142 3897
2 3
3 1 2 2168 2186
3 1 3 2171 5080 8605
3 1 2 7171 7172
2 1 2 2183 3837
2 1 4 2190 5520 6089 7400
2 1 2 2211 2854
2 1 2 2414 6986
2 1 2 2495 8949
2 1 6 2600 3451 8832 8919 8925 11223
2 2
3 1 2 2853 8776
3 1 2 3282 7047
2 1 3 2897 3049 5171
2 2
3 1 3 3245 3762 9742
3 1 2 5266 5437
2 1 3 3453 8821 8830
2 1 3 3454 6570 7280
2 1 2 3604 6079
2 1 4 3638 4864 6114 8924
2 1 3 3996 5438 6529
2 1 2 4780 7751
2 1 3 4817 6136 6265
2 1 2 5215 7879
2 1 2 5641 7368
2 1 3 6005 6670 9100
2 1 3 6090 6321 7360
2 2
3 1 2 6996 8664
3 1 2 7627 8610
1 4
2 1 14 6 923 3462 4731 5431 5879 8273 8640 8644 8645 8646 8648 8650 8655
2 1 2 3711 6252
2 1 3 4421 4455 8652
2 1 2 8642 8829
1 48
2 1 3 7 589 740
2 3
3 1 3 12 879 9402
3 1 3 24 5127 9539
3 1 4 9472 9537 9538 9668
2 11
3 3
4 1 3 13 1466 2144
4 1 3 245 3784 9378
4 1 2 308 425
3 4
4 1 4 164 423 3590 5767
4 1 3 303 359 3806
4 1 3 361 3805 5243
4 1 2 3808 9803
3 1 3 300 7706 8588
3 2
4 1 2 302 814
4 1 2 8978 8981
3 1 2 307 4344
3 1 3 309 1407 5712
3 1 2 310 7377
3 2
4 1 3 812 5420 10913
4 1 2 10912 10915
3 1 2 1195 1871
3 2
4 1 2 1406 5414
4 1 2 3598 3599
3 1 3 3807 5820 8979
2 3
3 1 2 14 6870
3 1 2 2643 6046
3 1 3 3712 5963 6045
2 2
3 1 3 15 6270 9731
3 1 3 2062 2213 9428
2 1 2 16 5727
2 1 3 21 7620 8067
2 2
3 1 2 22 3705
3 1 2 2398 3007
2 1 8 53 352 829 1681 3440 4813 10914 11079
2 1 3 61 5821 7937
2 1 2 65 9802
2 4
3 1 4 244 2252 5079 6395
3 2
4 1 2 815 2266
4 1 2 1159 3795
3 1 4 2608 3799 4730 8042
3 1 3 2819 4239 4729
2 1 3 301 9246 11181
2 3
3 1 2 304 11050
3 1 3 306 5198 10627
3 1 2 1854 8710
2 1 3 305 570 4967
2 1 3 353 4786 9842
2 2
3 1 3 422 2333 10734
3 1 2 4985 7227
2 1 3 424 3326 5916
2 2
3 1 3 462 3621 3622
3 1 3 1585 2710 10156
2 2
3 1 3 582 5019 8550
3 1 3 770 772 5863
2 2
3 1 2 590 4515
3 1 3 593 3864 3865
2 4
3 1 3 813 3341 6594
3 1 3 1550 3401 10961
3 1 2 3850 6237
3 1 2 6007 7415
2 1 2 1117 4333
2 3
3 1 2 1121 8633
3 1 2 1722 7542
3 1 2 1723 7876
2 2
3 1 7 1190 2239 4783 6294 9459 9471 9473
3 2
4 1 3 1560 2017 9456
4 1 3 2016 3205 9404
2 2
3 1 2 1258 3818
3 1 2 3891 5165
2 2
3 1 3 1496 6176 7537
3 1 2 2060 5625
2 2
3 1 3 1551 2816 3241
3 1 2 2091 8160
2 1 2 1552 2810
2 1 2 1561 5696
2 1 2 1660 2690
2 1 2 1879 7452
2 1 3 1922 2259 2607
2 2
3 1 2 2015 3328
3 1 2 3327 3783
2 1 4 2088 2576 4198 7849
2 3
3 1 2 2197 4968
3 1 2 2198 9413
3 1 3 2241 4755 10546
2 1 3 2486 3781 7868
2 2
3 1 3 2701 3804 10595
3 1 2 3614 9036
2 2
3 1 2 3204 6794
3 1 2 5915 6885
2 1 4 3211 10835 10847 10848
2 2
3 1 3 3300 6055 6743
3 1 2 5984 6054
2 1 2 3450 4836
2 1 3 3591 3796 6720
2 1 3 3939 8150 9868
2 1 3 4103 4479 7002
2 2
3 1 2 4387 10690
3 1 2 10684 10703
2 1 2 4742 8746
2 1 2 6175 10646
1 19
2 1 4 8 10 638 2516
2 6
3 1 3 11 4442 4447
3 2
4 1 2 697 6649
4 1 2 1020 4448
3 2
4 1 3 880 4443 4446
4 1 3 881 882 4450
3 1 3 2508 9994 10882
3 1 4 2694 3191 3720 7121
3 1 2 3180 7316
2 6
3 3
4 1 2 178 10170
4 1 3 294 608 1907
4 1 2 2536 4436
3 2
4 1 3 214 505 7948
4 1 3 503 4118 4542
3 2
4 1 2 216 442
4 1 4 2077 2541 4260 4444
3 2
4 1 3 397 3424 6893
4 1 2 2542 5296
3 2
4 1 2 605 843
4 1 3 840 5869 7875
3 1 2 2419 7598
2 1 3 215 4141 7447
2 1 3 396 5601 10960
2 6
3 1 5 416 4953 6203 6821 6853
3 2
4 1 2 417 8123
4 1 2 419 6709
3 1 3 444 502 3862
3 1 2 955 4415
3 2
4 1 2 2585 4368
4 1 2 2586 5270
3 1 2 2704 5610
2 1 3 420 1421 5848
2 1 3 696 4369 7851
2 1 2 878 6721
2 1 3 1090 1553 3700
2 1 5 1721 1859 4261 5441 7929
2 1 2 1729 5308
2 1 2 2696 2833
2 1 3 2715 5337 6766
2 2
3 1 3 3178 3179 6774
3 1 2 6775 6909
2 1 2 3314 6146
2 2
3 1 3 3719 4748 10880
3 1 2 9487 9496
2 1 2 4778 5335
2 2
3 1 2 5713 6277
3 1 2 9486 9498
1 4
2 1 2 9 461
2 2
3 1 2 465 6189
3 1 3 466 2572 9374
2 1 2 8955 8956
2 1 3 9372 9376 9377
1 5
2 2
3 1 4 17 2024 7670 7900
3 1 3 3203 4888 8101
2 3
3 1 4 293 1524 7540 9567
3 1 3 406 4603 9326
3 1 3 844 2110 11182
2 1 2 2630 9395
2 1 3 5295 7671 7719
2 1 2 9313 9390
1 14
2 3
3 1 5 23 25 26 2604 11199
3 1 2 28 11198
3 1 3 2603 4895 7860
2 1 7 64 6297 9189 10809 10930 11070 11072
2 2
3 1 2 893 3043
3 1 4 916 1549 1562 10008
2 1 2 894 11071
2 1 2 895 5700
2 1 2 915 2605
2 2
3 1 2 1156 11069
3 1 3 5542 5543 6890
2 1 2 3042 10414
2 1 2 3109 3239
2 1 2 3960 8001
2 1 3 4320 11196 11197
2 1 3 5090 7806 10898
2 1 2 6961 8289
2 1 3 8041 8322 8323
1 2
2 1 2 27 6047
2 1 2 1118 5283
1 21
2 1 5 29 30 31 32 7043
2 4
3 1 5 170 475 1980 3997 5055
3 3
4 1 2 171 1514
4 1 2 252 6489
4 1 2 2311 4628
3 1 5 173 2378 3183 6115 6580
3 1 4 1516 4337 7939 10407
2 6
3 1 3 172 1004 3225
3 1 2 282 1003
3 2
4 1 2 527 7345
4 1 2 1474 3224
3 1 2 832 7666
3 2
4 1 3 1328 4736 5800
4 1 2 5573 6520
3 2
4 1 2 3226 4837
4 1 2 3227 6836
2 2
3 1 3 174 830 834
3 1 3 833 3228 6501
2 7
3 1 4 217 3377 8668 9912
3 1 4 449 477 2379 4377
3 1 5 534 1078 2383 6914 7378
3 4
4 1 2 1396 1779
4 1 2 2381 8747
4 1 2 4536 5567
4 1 2 5566 7041
3 2
4 1 3 1399 1513 3374
4 1 3 2308 4701 8133
3 1 4 1515 9671 9887 10637
3 1 4 1822 2309 2376 8934
2 5
3 1 3 218 478 5200
3 3
4 1 3 219 220 3887
4 1 2 221 11030
4 1 2 223 5651
3 1 3 222 4323 9897
3 2
4 1 3 224 225 476
4 1 2 2310 6977
3 1 2 1554 2377
2 2
3 1 3 247 248 6581
3 1 3 285 1512 1517
2 7
3 2
4 1 2 249 271
4 1 4 264 272 273 4850
3 2
4 1 2 269 1293
4 1 2 270 9531
3 1 3 274 277 2208
3 1 4 276 283 9422 9944
3 1 3 281 6283 7689
3 1 3 286 4915 5326
3 1 2 5966 7725
2 1 3 259 4981 4982
2 2
3 1 2 262 8170
3 1 2 278 9528
2 1 3 831 5878 7271
2 1 3 870 2984 4469
2 1 3 1140 6627 6629
2 1 3 2207 3288 7832
2 2
3 1 3 2615 6453 10410
3 1 2 2616 2617
2 1 3 3185 3917 3918
2 1 3 3883 4029 5292
2 1 4 3894 10405 10406 10508
2 2
3 1 2 4570 10481
3 1 2 5440 7485
2 1 3 6612 6613 7711
2 1 2 7954 9310
1 2
2 1 4 33 8614 11164 11190
2 1 2 3768 9060
1 4
2 1 4 34 1326 5676 5679
2 1 3 5563 5881 7224
2 1 2 5564 5902
2 1 2 5678 8514
1 5
2 2
3 1 2 35 8416
3 1 2 1508 7773
2 1 2 1506 5048
2 1 3 2070 5433 7507
2 1 2 4229 5796
2 1 2 5088 5089
1 3
2 1 2 36 3763
2 1 3 3764 3765 5643
2 1 3 7428 7429 10016
1 8
2 1 2 37 2602
2 1 3 1381 5388 10056
2 3
3 1 4 1382 8053 10057 10079
3 1 2 7040 10066
3 1 2 8051 10080
2 2
3 1 3 1754 4685 10072
3 1 2 4132 10945
2 2
3 1 2 3534 6485
3 1 2 5613 6483
2 3
3 1 3 4312 5116 5909
3 1 2 6290 7039
3 1 3 10069 10076 10082
2 1 2 5910 5911
2 1 2 10067 10120
1 3
2 1 3 38 7980 10041
2 1 2 897 8438
2 1 3 6779 7673 9962
1 1 2 39 7510
1 1 2 40 11127
1 6
2 1 4 41 42 4668 4670
2 1 2 1324 2514
2 1 2 1345 6597
2 1 3 2481 2482 4925
2 1 2 2883 2962
2 1 2 4927 5672
1 4
2 2
3 1 2 43 10174
3 1 3 625 2649 5627
2 2
3 1 3 161 6661 6662
3 1 3 2430 2431 10172
2 1 2 6213 6214
2 1 2 10539 10683
1 2
2 1 3 44 5934 8093
2 1 2 7217 7356
1 1 2 45 3586
1 6
2 1 2 46 5222
2 2
3 1 2 204 4912
3 1 3 1270 2884 2885
2 2
3 1 4 287 288 291 1494
3 1 2 289 1495
2 1 3 290 3881 3930
2 1 2 1049 8073
2 1 4 2940 6275 6281 6922
1 4
2 1 4 47 756 5226 8069
2 1 2 518 4007
2 1 2 3002 3535
2 1 2 3337 3338
1 1 3 48 4155 6857
1 9
2 2
3 1 4 49 2826 3580 10722
3 1 2 4984 7523
2 1 5 50 1439 4226 6232 7108
2 2
3 1 4 130 6242 6592 8585
3 1 3 4663 4664 6636
2 1 2 598 1505
2 2
3 1 2 1323 6691
3 1 2 4769 5020
2 1 2 2008 4180
2 2
3 1 4 3301 3998 4961 5568
3 1 2 7309 7310
2 2
3 1 3 3583 8099 10579
3 1 2 7522 9728
2 1 2 7474 7901
1 6
2 1 2 51 8491
2 1 2 547 845
2 1 4 846 847 4199 8578
2 1 3 3350 8726 10399
2 1 2 3351 5363
2 2
3 1 3 4200 7017 7018
3 1 2 7016 8724
1 4
2 1 5 54 55 56 3702 4048
2 1 2 57 7097
2 1 5 58 3137 7096 7549 9180
2 2
3 1 3 1556 1964 4241
3 1 2 3701 10411
1 11
2 1 2 59 3822
2 2
3 1 3 140 202 7332
3 1 4 5110 9806 9829 9845
2 2
3 1 3 1074 2081 2553
3 1 4 4002 4006 9847 10398
2 1 3 1686 5997 11135
2 1 5 1687 1688 4822 6737 7967
2 2
3 1 2 1990 6767
3 1 3 2055 4367 4794
2 1 2 1991 4013
2 1 2 1992 1993
2 1 3 1994 4568 7331
2 1 2 8034 10938
2 1 2 8708 11247
1 2
2 1 4 60 62 3116 5490
2 1 2 4036 11206
1 7
2 1 2 63 6269
2 2
3 1 2 1098 4901
3 1 2 4000 6734
2 1 5 1636 1639 2764 2765 5559
2 1 3 1637 3690 7169
2 1 4 1638 4451 5554 5786
2 1 2 3688 5553
2 1 2 5558 5817
1 1 4 66 2661 3623 10970
1 6
2 3
3 1 4 67 71 2922 4631
3 1 2 1930 2443
3 1 2 2368 4633
2 2
3 1 2 69 5639
3 1 2 317 11203
2 3
3 2
4 1 2 72 3899
4 1 2 791 2219
3 1 4 1150 2370 3044 4595
3 1 2 7715 8371
2 2
3 3
4 1 2 76 79
4 1 2 77 1191
4 1 2 80 5628
3 2
4 1 3 78 3162 3236
4 1 3 3234 4918 6835
2 1 2 236 5221
2 2
3 1 4 1761 1762 2369 4632
3 1 2 4679 5237
1 5
2 2
3 1 2 68 74
3 1 3 81 2212 6263
2 2
3 1 2 73 986
3 1 3 2892 7853 8062
2 1 4 75 235 450 10858
2 1 4 2447 3875 4485 6058
2 1 3 2806 2890 2891
1 6
2 1 3 70 8198 10929
2 2
3 1 3 1009 4660 7644
3 1 2 4659 10932
2 2
3 1 2 2990 7812
3 1 3 4306 7124 7125
2 1 3 5949 7071 7072
2 1 2 7093 10894
2 1 2 9142 10266
1 5
2 1 2 82 3331
2 1 4 83 524 525 3114
2 2
3 1 2 84 3692
3 1 2 1264 3691
2 1 4 86 88 5698 11125
2 1 2 112 7808
1 22
2 1 3 85 1143 5733
2 1 4 144 5683 6438 8497
2 1 5 145 1358 1946 5682 6496
2 3
3 1 2 146 10958
3 1 2 314 5850
3 1 2 1356 1520
2 1 3 311 592 2902
2 2
3 1 4 312 2709 5928 10657
3 1 2 10569 10570
2 1 3 334 5184 7739
2 1 2 336 10959
2 1 2 385 6354
2 3
3 2
4 1 4 398 399 400 1426
4 1 2 401 2124
3 2
4 1 2 1357 6783
4 1 2 1901 3232
3 1 3 1527 1902 5849
2 1 2 504 1265
2 2
3 1 2 1276 7973
3 1 3 1526 7334 7361
2 1 3 1277 4553 7926
2 2
3 1 4 1389 1438 3033 11059
3 1 3 2125 3032 6540
2 2
3 1 3 1525 1889 6717
3 1 2 6508 6509
2 1 3 1890 6494 7382
2 1 3 2658 2659 3777
2 1 3 2903 5904 7112
2 1 2 2971 5903
2 1 3 3682 4563 5831
2 1 2 6231 6443
2 1 2 7445 8117
1 3
2 1 3 87 9408 10801
2 1 3 752 3560 4710
2 1 2 5008 8901
1 3
2 1 10 89 2275 4676 5314 6187 6757 7569 10879 11109 11235
2 1 3 6677 6678 8298
2 1 2 7070 8184
1 1 4 90 1828 5524 10589
1 10
2 3
3 1 5 91 457 3901 4325 11227
3 1 3 1400 7297 11025
3 1 3 3757 7665 8106
2 3
3 1 5 357 362 1888 2063 2240
3 3
4 1 2 358 4556
4 1 2 1611 3727
4 1 2 3728 7989
3 2
4 1 3 2012 3729 4031
4 1 3 4108 4109 8466
2 1 5 360 3339 3409 3819 4037
2 1 4 421 5481 9073 10275
2 1 5 456 3756 5100 5808 10455
2 1 2 464 7595
2 5
3 1 3 933 2917 3412
3 1 3 3411 8256 9383
3 1 3 3413 4243 9384
3 2
4 1 2 3782 3844
4 1 2 6935 7278
3 1 2 8971 10183
2 1 2 1025 3270
2 2
3 1 3 1962 2227 3703
3 1 2 2537 2975
2 1 3 2004 5027 6488
1 4
2 1 4 92 3038 4871 4872
2 1 4 874 3037 3039 4144
2 1 3 1671 1672 3041
2 2
3 1 3 2795 3410 5958
3 1 2 2797 3040
1 4
2 1 3 95 1937 8467
2 1 2 1938 8555
2 1 3 4851 4852 6635
2 1 3 5583 7878 8361
1 6
2 1 4 96 98 7426 8161
2 1 3 97 4746 6369
2 1 5 848 4600 6990 7490 7492
2 1 2 849 5212
2 1 4 850 2489 7654 7655
2 1 2 4747 5344
1 1 4 99 3610 7479 10785
1 1 5 100 1450 2238 6953 11119
1 3
2 1 3 101 730 7045
2 1 3 102 103 104
2 1 2 1768 2182
1 3
2 1 3 106 175 10470
2 1 3 119 176 3360
2 1 2 1266 8392
1 5
2 1 2 107 7915
2 1 2 1989 3530
2 1 2 2456 7981
2 1 2 2682 5133
2 1 2 6212 6889
1 1 3 108 109 1718
1 2
2 1 2 110 5103
2 1 2 3835 3836
1 2
2 1 2 111 3967
2 1 2 1498 3965
1 1 2 113 115
1 1 3 116 2498 8255
1 11
2 1 3 117 1567 9767
2 2
3 1 5 243 653 1997 4119 10845
3 1 4 1199 3083 3544 6180
2 1 4 495 4795 5372 7503
2 2
3 1 2 496 2648
3 1 2 497 2857
2 2
3 1 3 630 2969 5491
3 1 2 2968 6500
2 3
3 1 3 781 892 7525
3 1 5 946 952 4537 5804 8947
3 1 2 1198 1798
2 1 3 785 5982 9974
2 1 3 954 1233 1564
2 1 3 2287 3495 4082
2 1 2 4796 10666
2 1 2 7232 9980
1 12
2 4
3 1 3 118 7907 8944
3 1 4 1234 2858 4626 7231
3 1 3 1566 8372 8943
3 1 2 2796 5382
2 6
3 2
4 1 2 154 1067
4 1 3 776 6563 6564
3 2
4 1 4 156 157 1125 6561
4 2
5 1 2 158 1137
5 1 3 1070 1138 10863
3 2
4 1 2 159 784
4 1 2 1069 9323
3 2
4 1 2 162 11088
4 1 2 1068 4307
3 1 3 1071 6562 8982
3 3
4 1 2 1072 3581
4 1 3 1135 6429 6886
4 1 2 3971 10860
2 4
3 2
4 1 2 160 2752
4 1 3 1045 6980 8258
3 2
4 1 3 1136 3973 6143
4 1 2 1387 4217
3 1 2 1818 6144
3 1 2 6142 7807
2 2
3 1 2 526 10844
3 1 4 10231 10232 10233 10234
2 1 3 594 1976 4721
2 2
3 1 4 837 1565 2530 10163
3 1 3 1977 4477 4517
2 1 2 1139 9192
2 2
3 1 2 1231 7777
3 1 4 1339 2807 6504 7126
2 2
3 1 3 1232 7798 10230
3 1 2 4214 7797
2 5
3 1 6 2042 2046 2663 3972 10511 10516
3 1 2 2050 7625
3 1 2 2290 10510
3 1 2 3060 10512
3 1 3 5898 9407 10878
2 1 2 6764 8410
2 1 2 7778 9185
1 12
2 1 5 121 3263 3264 7156 7986
2 3
3 1 4 122 8500 8505 8507
3 1 4 6565 8498 8503 8508
3 1 3 8501 8504 8521
2 3
3 1 2 351 6567
3 1 3 971 8043 8287
3 1 2 7844 8516
2 4
3 1 2 703 1659
3 1 4 706 707 5149 10293
3 1 3 3262 6639 8281
3 1 2 8121 8517
2 1 3 704 8286 8502
2 2
3 1 3 705 1186 1663
3 1 2 1011 10999
2 1 4 708 1733 7155 9161
2 1 2 1187 6568
2 1 3 2114 8515 10089
2 2
3 1 3 3809 5145 5151
3 1 2 5146 5150
2 1 2 5147 5148
2 1 2 8529 9162
1 3
2 1 5 123 4497 7449 9421 10134
2 1 3 125 481 10811
2 1 3 1623 5572 5922
1 3
2 2
3 1 2 124 2533
3 1 2 5854 8151
2 1 3 4295 10149 10185
2 1 2 4296 7889
1 1 4 126 2601 5684 7592
1 4
2 1 3 127 128 10876
2 2
3 1 2 129 5069
3 1 2 3840 5070
2 1 3 131 911 7576
2 1 3 778 779 11108
1 5
2 1 4 132 4571 4920 5351
2 1 4 1278 1279 1281 4035
2 1 3 1280 1283 2874
2 2
3 1 3 1282 4100 7053
3 1 2 4903 11102
2 1 2 2195 4904
1 4
2 1 4 134 941 11142 11143
2 1 3 558 943 945
2 1 3 944 5873 8732
2 1 2 1589 2864
1 5
2 2
3 1 2 135 6742
3 1 2 2078 4166
2 1 2 1528 10340
2 1 2 1529 3813
2 3
3 1 3 1530 3916 7877
3 1 2 1531 5347
3 1 2 1532 6790
2 1 2 2079 5154
1 2
2 1 2 136 6194
2 1 3 139 2964 3662
1 5
2 2
3 1 3 137 167 6793
3 1 2 1685 7436
2 2
3 1 3 229 4210 7196
3 1 2 1001 3969
2 2
3 1 3 999 1775 1864
3 1 2 1000 7160
2 3
3 1 2 2780 8551
3 1 2 3052 3053
3 1 2 3265 11160
2 1 3 3393 5183 8089
1 5
2 1 3 138 6287 6327
2 1 3 168 7828 9565
2 1 4 536 745 5718 8886
2 1 2 688 8879
2 1 3 746 4256 8887
1 1 4 141 3120 4015 4016
1 1 3 142 3237 5527
1 6
2 1 3 143 1730 7122
2 1 4 208 1876 6647 8496
2 1 3 1431 6852 9998
2 1 3 1720 2943 9997
2 1 3 4779 9965 10190
2 1 2 9996 9999
1 2
2 1 14 147 1863 2087 4142 5590 6011 6495 7388 8775 9289 10770 11037 11039 11040
2 1 2 5297 5883
1 9
2 2
3 1 3 148 618 9345
3 1 2 9775 9776
2 1 4 151 6968 9347 10396
2 1 3 195 2022 6367
2 1 6 197 1584 1586 8186 10902 11172
2 2
3 1 2 479 10852
3 1 3 5026 5471 6778
2 2
3 1 3 2018 5472 8865
3 1 2 8859 8862
2 1 3 2019 7094 8863
2 1 3 2021 6490 6815
2 1 3 6003 6384 9316
1 7
2 1 3 149 4708 4709
2 1 2 1253 3090
2 1 3 1677 2589 3371
2 1 3 2502 6075 7724
2 2
3 1 2 2590 6019
3 1 2 3091 7722
2 1 3 3092 6020 7723
2 1 2 7768 9128
1 2
2 1 3 150 5917 6071
2 1 2 6207 7629
1 2
2 1 3 152 6044 8217
2 1 2 2520 7095
1 1 3 155 5362 8300
1 9
2 1 3 163 1801 2949
2 2
3 1 2 329 10567
3 1 2 639 5357
2 2
3 1 3 626 6611 9788
3 1 3 627 1129 3345
2 2
3 1 2 629 6439
3 1 2 3867 4962
2 2
3 1 4 636 780 5155 5156
3 1 2 1126 1322
2 3
3 1 3 637 1800 6345
3 1 3 1128 1802 4722
3 1 2 5030 6663
2 1 3 1127 6878 8316
2 1 3 4768 5439 6004
2 1 3 7066 8421 8587
1 11
2 3
3 1 2 165 9888
3 1 3 4025 8331 8333
3 1 2 4063 5521
2 1 4 1784 8758 9620 10872
2 1 2 2271 11154
2 1 2 2274 7258
2 1 2 2382 8268
2 2
3 1 4 2753 5769 5771 8164
3 1 2 4300 5770
2 1 5 2905 4027 5391 7829 7985
2 2
3 1 3 4026 6641 11200
3 1 4 5802 7061 7062 10871
2 2
3 1 2 4248 5592
3 1 2 6865 8355
2 1 3 6572 6864 10556
2 1 2 7265 7266
1 1 3 166 542 5905
1 5
2 1 2 169 472
2 1 3 470 474 5101
2 2
3 1 2 572 7843
3 1 2 2652 7084
2 1 2 2651 4137
2 1 2 3509 4629
1 10
2 2
3 1 3 177 344 2970
3 1 2 4293 6292
2 1 3 179 445 576
2 4
3 1 3 181 7632 8898
3 1 3 338 339 10856
3 1 2 342 953
3 1 4 402 529 3659 5261
2 2
3 1 3 340 1908 3303
3 1 3 581 2418 4449
2 1 4 415 3097 3172 8172
2 1 3 3893 6513 7302
2 1 2 4227 7679
2 1 3 4352 10838 10839
2 1 3 4445 4787 5137
2 1 2 5652 5653
1 1 3 180 5018 10995
1 4
2 2
3 1 3 182 8906 8907
3 1 2 8404 8484
2 1 6 210 460 2005 8928 9735 10324
2 2
3 1 5 343 528 531 3096 5826
3 1 3 1120 7594 8989
2 1 4 418 530 6425 8485
1 1 4 183 184 185 7076
1 2
2 1 2 186 4997
2 1 2 7824 8064
1 2
2 1 4 187 188 189 379
2 1 3 377 9796 9797
1 2
2 1 5 190 192 2848 9622 10925
2 1 6 1858 6573 7254 7425 9971 10926
1 4
2 1 3 191 2656 7164
2 2
3 1 2 1823 5998
3 1 2 3983 4707
2 1 2 2393 2657
2 1 2 4726 6880
1 2
2 1 3 193 1013 9874
2 1 2 492 2840
1 4
2 1 2 194 2028
2 1 2 2029 3110
2 1 2 2030 2031
2 1 2 7596 9205
1 3
2 1 5 196 3496 3635 4534 7166
2 1 4 732 3082 7443 7883
2 1 2 5072 11234
1 8
2 5
3 1 3 198 5981 8540
3 1 3 430 1598 5064
3 1 2 431 434
3 2
4 1 2 432 3117
4 1 2 433 6206
3 1 2 6205 7791
2 3
3 1 2 345 1675
3 1 4 436 4762 5000 5219
3 1 3 1061 7611 11255
2 1 4 429 2792 3767 7995
2 1 3 774 1132 2551
2 1 2 1065 2598
2 1 2 1066 1325
2 1 2 1131 6392
2 1 2 7403 8116
1 1 3 199 3223 3790
1 3
2 1 5 200 2496 3422 6002 11202
2 1 3 3419 3420 7783
2 1 2 3421 4523
1 9
2 2
3 1 3 201 2559 2563
3 1 3 512 3926 7944
2 3
3 1 2 510 3563
3 1 2 513 2454
3 1 3 2561 2562 5124
2 2
3 1 4 511 3214 7244 10823
3 1 3 3215 3217 6538
2 1 3 2955 9467 9683
2 1 5 3710 6804 7174 10632 10803
2 1 3 3929 6524 6792
2 1 2 4233 5946
2 1 2 5123 7119
2 1 2 6415 11029
1 3
2 1 4 203 233 2169 6747
2 1 3 232 4594 7133
2 1 2 6831 6832
1 2
2 1 3 205 206 3398
2 1 3 2339 5587 7664
1 8
2 2
3 1 3 207 859 9353
3 1 2 2158 8306
2 1 2 212 5336
2 1 2 213 7790
2 1 4 702 10123 11132 11138
2 1 4 872 5185 5186 6481
2 2
3 1 2 1702 6482
3 1 4 1703 2332 8297 8927
2 1 2 2006 2007
2 1 3 2587 3914 3933
1 2
2 1 2 209 4846
2 1 2 4845 5106
1 4
2 1 3 211 5803 11140
2 1 2 698 7745
2 2
3 1 2 699 701
3 1 2 4018 6595
2 2
3 1 2 700 3661
3 1 2 6177 6368
1 9
2 2
3 1 4 226 808 1969 5574
3 1 2 3356 8201
2 1 5 231 566 5413 6302 8767
2 3
3 1 4 674 2519 6016 10517
3 1 2 1968 8163
3 1 2 4234 6284
2 2
3 1 3 806 807 4381
3 1 2 4592 4593
2 1 4 809 1647 1970 5282
2 2
3 1 3 1648 5281 7855
3 1 3 4019 7676 7677
2 2
3 1 2 2051 6458
3 1 3 2052 4096 4801
2 1 2 2685 3251
2 2
3 1 2 3520 4379
3 1 2 4614 8190
1 5
2 1 3 228 7770 7787
2 1 3 1736 1737 11209
2 1 2 2068 2069
2 1 3 2153 3008 9368
2 1 3 2392 8736 8737
1 2
2 1 2 230 4235
2 1 2 8849 9177
1 1 3 234 3838 6141
1 10
2 1 3 237 5599 7518
2 2
3 1 4 369 2521 2930 6024
3 1 2 3995 6797
2 1 3 370 2919 8543
2 1 2 735 2475
2 1 3 1026 4149 9181
2 2
3 1 3 1546 1684 2325
3 1 4 2326 2642 4902 5673
2 1 3 1756 3187 4148
2 1 2 2640 3072
2 1 2 3070 3629
2 1 3 6162 6307 7692
1 1 2 238 9135
1 1 3 239 998 9766
1 12
2 2
3 1 3 240 3617 4271
3 1 3 1932 4175 4867
2 3
3 1 4 624 798 803 2218
3 1 2 793 795
3 1 2 804 8423
2 2
3 1 3 792 1317 10883
3 2
4 1 2 797 3920
4 1 2 801 3921
2 2
3 1 3 794 3752 8544
3 1 2 3753 8301
2 1 2 796 8141
2 2
3 1 2 800 2612
3 1 3 802 3922 4866
2 1 4 1674 2492 2493 10873
2 2
3 1 3 1796 3492 6341
3 1 3 3493 3494 9399
2 1 2 2494 8320
2 1 5 2599 4054 4055 7908 8295
2 1 2 3618 5870
2 1 2 5805 7502
1 2
2 1 3 241 500 3919
2 1 3 499 4735 5405
1 3
2 1 3 242 10833 10916
2 1 2 6724 7593
2 1 2 6982 9069
1 6
2 1 4 246 5695 9050 10643
2 2
3 1 2 739 2538
3 1 4 5044 5045 5724 7381
2 1 4 1368 3304 3305 5081
2 1 4 1425 2044 9038 9915
2 1 2 2711 10972
2 1 2 4658 11024
1 5
2 1 2 250 7390
2 2
3 1 3 251 4112 8171
3 1 2 255 9530
2 1 2 2775 9309
2 1 2 2776 4111
2 1 3 4883 7799 11130
1 2
2 1 3 253 254 4936
2 1 2 4423 9527
1 4
2 1 3 256 8314 9532
2 1 3 257 267 279
2 1 2 266 268
2 1 2 4858 9077
1 3
2 1 2 258 11115
2 1 2 3296 3925
2 1 3 3923 3924 5818
1 2
2 1 2 260 7548
2 1 2 261 5650
1 2
2 1 3 263 2097 2099
2 1 2 2098 8143
1 1 3 265 2464 4999
1 5
2 2
3 1 3 275 5920 6940
3 1 2 5410 6941
2 1 6 284 4388 7437 8494 9078 10263
2 1 3 575 7996 10299
2 1 2 3754 3759
2 1 2 6784 11229
1 1 2 280 11114
1 2
2 1 2 292 3332
2 1 3 443 5782 6970
1 3
2 1 2 295 3541
2 1 4 296 2686 7375 8454
2 1 2 2571 7616
1 2
2 1 2 297 11232
2 1 2 2577 10371
1 3
2 1 3 298 3079 11112
2 1 2 721 8607
2 1 2 8780 8781
1 6
2 1 4 299 4665 7802 10778
2 1 8 825 6873 7737 9072 9881 9894 10740 11233
2 1 2 1336 3322
2 2
3 2
4 1 2 1841 7903
4 1 2 9873 9911
3 1 3 4666 9880 9930
2 1 2 2698 7262
2 1 2 9895 10002
1 2
2 1 3 313 9373 9380
2 1 3 2340 3105 11005
1 4
2 1 3 315 1202 8344
2 2
3 1 2 498 10917
3 1 2 3085 6924
2 1 6 1921 3084 4153 6925 9960 9985
2 1 3 3649 9959 9984
1 5
2 1 2 316 3798
2 1 3 571 1893 5666
2 1 2 3797 8018
2 1 4 5334 5533 9733 9805
2 1 3 5768 6614 7560
1 6
2 1 3 318 6308 7457
2 2
3 1 2 559 6380
3 1 2 6849 7455
2 1 3 2880 2881 7456
2 1 3 2935 3184 5720
2 1 2 4554 5719
2 1 2 6119 6329
1 3
2 2
3 1 3 319 6969 9643
3 1 3 6582 9640 9642
2 2
3 1 3 4466 6238 8686
3 1 2 6525 9641
2 1 2 6526 10003
1 6
2 2
3 1 4 320 321 1237 5633
3 2
4 1 3 322 324 768
4 1 2 767 6578
2 2
3 1 4 323 587 6773 7405
3 1 2 1239 4465
2 3
3 1 3 596 1235 8054
3 1 2 765 1176
3 1 2 1236 5661
2 1 3 766 5634 5962
2 1 3 1238 1240 4202
2 1 3 5451 5635 6657
1 5
2 1 2 325 3791
2 1 2 4484 5797
2 1 3 5662 5663 5664
2 1 3 5665 9922 9924
2 1 3 9879 9891 11036
1 7
2 1 2 326 8903
2 1 5 330 1260 1608 5259 7063
2 4
3 1 2 331 2436
3 1 2 332 6097
3 1 2 333 6140
3 1 2 1607 11120
2 1 3 1034 1035 5258
2 1 3 2769 2770 11121
2 1 2 5260 10629
2 1 2 6139 7064
1 1 3 327 3803 6147
1 2
2 1 3 328 5960 6150
2 1 3 2082 2083 6148
1 2
2 1 5 335 337 2257 2501 4084
2 1 2 838 10137
1 1 2 341 3242
1 2
2 1 2 346 10419
2 1 2 3009 10564
1 6
2 1 4 347 1884 10571 10588
2 1 3 378 6224 9681
2 2
3 1 2 2453 9092
3 1 2 8028 8352
2 1 5 3086 5111 5112 6226 9846
2 1 5 4411 5877 6225 8390 11230
2 1 2 6705 10810
1 1 3 348 5265 7054
1 6
2 1 3 349 7466 10994
2 1 4 350 1216 1817 2692
2 2
3 1 2 2132 10184
3 1 2 9508 9509
2 1 4 3297 3678 4974 7845
2 1 2 6233 10189
2 1 2 8175 10186
1 3
2 1 3 354 1440 6829
2 1 2 3352 11149
2 1 2 3354 3355
1 4
2 1 3 355 8601 8602
2 1 3 1447 1448 4727
2 1 5 1719 2294 2745 5358 7762
2 1 2 5852 6428
1 2
2 1 4 356 1538 4068 9312
2 1 2 2150 9744
1 3
2 2
3 1 4 363 737 2873 5107
3 1 2 1314 7912
2 1 5 563 4720 5252 7480 7913
2 2
3 1 2 1432 6912
3 1 2 2122 7838
1 2
2 1 5 364 4640 7195 7359 9203
2 1 3 8562 9212 9268
1 3
2 1 2 365 3593
2 1 7 864 4154 5192 6826 7582 8878 9474
2 1 3 1107 3078 8132
1 8
2 1 4 366 1617 4341 5742
2 1 2 367 858
2 1 2 371 4220
2 1 2 372 10253
2 1 2 373 11066
2 1 3 374 4420 6553
2 1 2 1112 1113
2 2
3 1 2 2291 4221
3 1 3 3829 4814 4976
1 3
2 1 7 368 3150 4298 4900 6015 7035 11046
2 1 4 8241 8250 8251 9357
2 1 2 8249 9356
1 3
2 1 2 375 10327
2 1 2 7943 8769
2 1 2 8127 9956
1 2
2 1 2 376 885
2 1 2 2281 2282
1 5
2 3
3 2
4 1 2 380 383
4 1 2 384 6824
3 1 2 381 7442
3 1 2 382 10853
2 1 3 599 1369 2437
2 1 2 782 783
2 1 5 912 1014 1015 1016 5468
2 1 2 3169 8128
1 4
2 2
3 1 2 386 3448
3 1 2 387 8216
2 1 4 388 389 390 3447
2 1 3 459 6607 8405
2 2
3 1 3 1656 1658 2662
3 1 2 10124 10125
1 2
2 1 3 392 8427 11098
2 1 2 5455 6676
1 1 4 393 963 3651 3652
1 1 2 394 395
1 3
2 2
3 1 3 403 956 4838
3 1 2 405 7212
2 2
3 1 2 404 2991
3 1 2 6710 6738
2 1 2 9831 9832
1 3
2 1 4 407 4309 4310 7599
2 1 2 408 7918
2 1 3 3968 5942 8030
1 1 4 409 4781 6732 10846
1 3
2 1 4 410 1664 7669 10832
2 1 2 414 4250
2 1 2 5945 6658
1 3
2 1 6 411 412 5707 6414 10452 10966
2 1 3 2061 10206 10294
2 1 3 10205 10210 10276
1 3
2 1 3 413 1331 6861
2 1 2 560 1655
2 1 2 744 4995
1 3
2 2
3 1 3 426 428 8115
3 1 2 427 10939
2 2
3 1 2 623 8400
3 1 2 2609 2610
2 1 2 7923 8788
1 2
2 1 3 435 4399 8282
2 1 2 7575 7630
1 1 2 437 2727
1 1 3 438 4819 8357
1 4
2 1 2 439 441
2 1 3 440 1134 11106
2 1 2 3931 6954
2 1 4 5792 6153 7123 10968
1 3
2 1 3 446 6372 10004
2 1 3 447 3957 6371
2 1 2 2112 11113
1 7
2 1 3 448 5128 7366
2 1 2 451 6895
2 2
3 1 3 1662 4072 4073
3 1 2 4057 5385
2 1 2 2583 11137
2 1 2 2584 4365
2 1 3 4056 5211 5342
2 1 3 4074 4205 6318
1 8
2 2
3 1 2 452 8791
3 1 2 3248 6190
2 1 2 493 3665
2 1 4 992 993 994 2225
2 1 2 1446 6370
2 1 3 2131 5053 5054
2 1 3 2718 8246 10475
2 1 3 3003 3004 5506
2 1 3 3005 4432 8840
1 2
2 1 3 453 1835 2822
2 1 4 2628 2629 3882 4371
1 1 3 454 455 1708
1 8
2 3
3 1 4 458 970 2738 7747
3 1 2 968 1596
3 1 2 5231 7800
2 3
3 1 2 905 7746
3 1 4 2735 6471 8071 9040
3 1 4 5242 9034 9035 9043
2 2
3 1 2 906 8277
3 1 4 907 5232 6472 10658
2 5
3 1 4 966 2737 5063 9307
3 1 2 967 9427
3 1 3 1600 1903 10626
3 1 4 2637 6155 6156 9425
3 1 3 4201 9308 9426
2 4
3 2
4 1 2 969 10599
4 1 2 2814 10565
3 1 5 1781 1853 5207 7184 7185
3 1 4 2820 10568 10596 10625
3 1 3 4924 7186 9009
2 1 2 2724 5709
2 1 4 3197 4422 8276 10971
2 2
3 1 3 3199 4334 6749
3 1 3 5655 8763 9037
1 5
2 1 3 463 2815 11026
2 1 3 2395 6446 8429
2 1 3 2702 4104 7979
2 2
3 1 3 2974 8428 11124
3 1 2 4875 7921
2 2
3 1 2 4552 6323
3 1 2 7686 7945
1 3
2 1 2 467 1848
2 1 2 1574 7613
2 1 2 1886 2387
1 2
2 1 2 468 7341
2 1 3 469 2526 11078
1 2
2 1 3 471 4050 4799
2 1 2 3069 11118
1 3
2 1 3 473 4564 8711
2 1 3 3479 8713 11004
2 1 2 3633 7305
1 1 4 480 4042 5540 11211
1 5
2 2
3 1 4 482 714 8856 8866
3 1 3 7662 8855 9344
2 4
3 1 2 1774 7168
3 1 2 3266 3825
3 1 3 3812 7544 8871
3 1 2 5075 8872
2 2
3 1 4 2230 2875 8858 8870
3 1 2 7659 8857
2 1 3 2300 8864 8867
2 1 3 7277 7660 7661
1 1 3 483 484 5806
1 4
2 1 3 485 2742 8993
2 2
3 1 3 658 8995 11177
3 1 2 2896 9000
2 1 4 856 5972 5973 8990
2 2
3 1 2 1079 2390
3 1 2 8998 8999
1 4
2 3
3 1 2 486 5708
3 1 2 2356 3293
3 1 2 2357 4647
2 2
3 1 2 3978 4160
3 1 2 4159 5241
2 1 2 4158 7896
2 1 2 8136 10060
1 5
2 1 2 487 2306
2 1 3 1295 2298 4276
2 1 2 1502 1503
2 1 3 2303 2305 2307
2 1 2 6672 8778
1 2
2 1 3 488 7602 8387
2 1 3 3602 7131 9665
1 1 3 489 8773 11152
1 4
2 1 3 490 1225 1226
2 1 2 1618 3830
2 1 2 4869 5824
2 1 2 7421 8351
1 4
2 1 6 491 2330 5255 5487 7348 10028
2 2
3 1 2 2270 5858
3 1 2 5857 8035
2 1 4 2374 2593 3717 10309
2 1 5 3715 5423 6599 7953 9493
1 1 2 494 588
1 7
2 1 4 501 1852 5390 7030
2 1 3 991 1537 9760
2 1 3 1327 1329 11243
2 1 3 1709 3216 11107
2 1 3 1710 3944 3945
2 3
3 1 4 1711 6800 8233 8234
3 1 2 7558 8218
3 1 2 7766 9420
2 1 2 8257 9364
1 5
2 1 3 506 1504 1590
2 1 2 507 2438
2 1 2 554 8734
2 1 2 1471 5456
2 1 3 2641 4616 11089
1 3
2 1 3 508 9002 10663
2 1 2 7379 9318
2 1 3 8079 10360 10727
1 5
2 1 2 509 6374
2 1 2 939 1693
2 1 3 1423 10362 10364
2 1 3 1695 1942 4311
2 1 2 4500 5908
1 23
2 4
3 1 5 515 585 3619 6412 8487
3 1 3 1257 2631 6819
3 2
4 1 2 2633 4069
4 1 2 5167 9014
3 1 2 4397 5489
2 2
3 1 3 574 9452 9453
3 1 2 7488 9483
2 1 4 1158 5113 10308 10650
2 1 5 1255 2059 5626 7216 8634
2 3
3 1 3 1256 8617 10672
3 1 2 2986 5488
3 1 3 4711 9505 9666
2 1 2 1510 4969
2 1 3 1587 2575 4071
2 1 3 1834 5671 7487
2 3
3 1 2 2089 8159
3 1 2 2090 2360
3 1 3 3849 5714 11008
2 3
3 1 3 2220 4070 6542
3 1 2 4460 9670
3 1 2 6820 8635
2 3
3 2
4 1 3 2283 4396 5407
4 1 2 3206 5408
3 1 4 2736 3098 5409 8622
3 1 4 6181 8616 8620 8621
2 1 4 2389 2987 5649 5725
2 1 4 2946 3620 4751 9457
2 1 3 3128 3129 3489
2 1 2 3824 6418
2 2
3 1 2 4038 10557
3 1 2 4398 6183
2 1 3 5623 10506 10910
2 1 2 5728 5729
2 1 3 6182 6184 8360
2 1 2 7259 10881
2 1 3 7417 10177 11057
2 1 2 7982 7983
2 1 2 8275 9968
1 1 5 516 586 5509 8486 11207
1 1 2 517 2712
1 3
2 1 2 519 9355
2 1 5 1005 1458 3641 6383 9339
2 1 2 2876 5166
1 6
2 2
3 1 3 520 1602 4340
3 1 2 1604 7079
2 1 4 1168 2201 7284 11215
2 1 2 1173 8892
2 1 2 2202 7962
2 1 2 2203 2352
2 1 2 2204 5557
1 4
2 1 2 521 6673
2 1 2 2965 11245
2 1 2 4549 10840
2 1 2 4550 4551
1 3
2 1 3 522 5416 6149
2 1 2 4275 10937
2 1 2 5412 11178
1 2
2 1 20 523 875 2722 2723 2869 3505 5140 5828 7069 7120 7565 8312 8313 8368 9667 9886 10144 10164 10295 10655
2 1 2 620 621
1 1 2 532 6588
1 3
2 2
3 1 5 533 2800 2801 3378 4187
3 1 2 3706 8738
2 2
3 1 4 2793 4184 4185 6523
3 1 2 4188 6357
2 1 2 4186 6356
1 4
2 2
3 1 2 535 5591
3 1 3 1172 3946 7222
2 1 4 979 980 3947 4569
2 2
3 1 2 1408 3585
3 1 2 1410 2499
2 1 2 5730 7826
1 7
2 2
3 1 4 537 3142 5656 6906
3 1 3 685 748 2527
2 2
3 1 3 538 684 6905
3 1 2 2249 4884
2 3
3 1 2 665 751
3 1 4 3870 3871 7573 8709
3 1 3 5012 6208 9535
2 1 4 686 687 4168 6386
2 1 4 2247 4656 4657 7182
2 1 3 2474 4938 4939
2 1 3 2528 2529 5321
1 1 3 539 1100 4283
1 1 3 540 5723 10735
1 2
2 1 2 541 1944
2 1 4 1085 1945 3486 3487
1 4
2 2
3 1 3 543 6625 11035
3 1 2 546 7947
2 1 2 544 545
2 2
3 1 2 5367 7559
3 1 3 6624 7075 7946
2 1 3 6667 8482 8483
1 2
2 1 4 548 3208 10685 11034
2 1 2 5691 8436
1 5
2 1 2 549 11058
2 1 3 550 3607 8011
2 1 4 2023 5493 6854 6855
2 1 3 5182 5494 9387
2 1 2 5492 6850
1 2
2 1 2 551 2621
2 1 2 3592 7180
1 4
2 1 2 552 2821
2 1 2 555 556
2 1 3 557 1758 8401
2 1 2 1605 8731
1 2
2 1 2 553 2231
2 1 4 5042 7201 7712 9321
1 1 4 561 562 1947 5865
1 1 5 564 2472 4625 10794 11220
1 8
2 1 3 565 3213 10165
2 1 3 694 5965 10787
2 1 3 695 1622 1883
2 1 2 1415 11238
2 1 2 1453 1454
2 1 2 3121 5967
2 1 3 5505 6057 7974
2 1 2 10998 11068
1 5
2 1 3 567 4193 4937
2 1 2 2455 8615
2 1 2 2802 6497
2 2
3 1 2 3379 10726
3 1 2 3562 10693
2 1 3 3927 3928 8029
1 3
2 1 5 568 569 6445 7059 10654
2 1 2 3760 7701
2 1 2 5759 10217
1 3
2 1 2 573 10869
2 1 2 4225 10868
2 1 2 10661 10870
1 9
2 1 4 577 3855 5108 10877
2 1 5 3014 8594 8596 8597 8599
2 1 4 3015 11054 11168 11169
2 1 5 3016 3099 7128 7130 8593
2 2
3 1 2 3017 11170
3 1 2 3852 9933
2 2
3 1 2 3457 3458
3 1 2 3853 6178
2 1 2 4274 8598
2 1 2 6363 10425
2 1 2 6633 6634
1 4
2 1 4 578 3861 4348 6731
2 2
3 1 3 580 8078 8293
3 1 2 3510 5874
2 1 2 607 10855
2 1 2 5893 9013
1 2
2 1 3 579 2856 5383
2 1 3 1975 1978 5152
1 11
2 2
3 1 3 583 4744 10476
3 1 3 1041 6050 10472
2 2
3 1 2 976 9689
3 1 2 3459 10454
2 3
3 1 2 1007 8745
3 1 2 1008 1123
3 1 2 1122 6851
2 2
3 1 2 1042 7408
3 1 2 1745 4803
2 2
3 1 2 1043 1983
3 1 2 7785 10492
2 3
3 2
4 1 2 1360 5288
4 1 2 1362 5287
3 1 3 1746 4646 7409
3 1 2 7235 8206
2 3
3 1 2 1361 7007
3 1 2 1364 11028
3 1 2 5158 7624
2 1 2 4083 6051
2 1 2 4643 5458
2 1 2 6053 8359
2 1 3 10106 10109 10110
1 3
2 2
3 1 2 584 6884
3 1 3 1039 10347 10812
2 2
3 1 2 5159 10369
3 1 3 10108 10337 10338
2 2
3 1 3 9409 9651 9653
3 1 3 9410 9650 9652
1 2
2 1 2 591 5853
2 1 4 10255 10262 10264 10265
1 1 2 595 11201
1 2
2 1 2 597 4926
2 1 2 4364 5294
1 5
2 1 3 600 1091 3683
2 1 3 601 2457 10547
2 1 3 2313 2566 6218
2 1 3 3684 4431 7603
2 1 2 4303 10545
1 4
2 2
3 1 2 602 10544
3 1 2 1679 10456
2 1 3 1363 5523 8332
2 1 3 1680 4705 5522
2 1 5 2567 5619 5621 5622 5624
1 2
2 1 3 603 5983 10572
2 1 2 4528 8628
1 4
2 1 2 604 3749
2 1 2 606 5343
2 1 2 1380 3748
2 1 3 2666 4124 9462
1 3
2 1 3 609 610 3793
2 1 3 692 3240 6608
2 1 2 2760 5937
1 4
2 1 3 611 8741 8742
2 1 2 2067 8740
2 1 2 2161 3573
2 1 2 2405 3233
1 1 2 612 6945
1 3
2 1 2 613 614
2 1 2 615 616
2 1 2 2573 2671
1 4
2 1 3 617 7009 8988
2 1 2 1401 7663
2 1 2 5681 8994
2 1 4 8991 8992 8996 8997
1 6
2 1 5 619 6279 10559 10560 11162
2 1 4 852 1022 5083 7941
2 1 3 1030 2232 2953
2 3
3 1 3 1194 4034 5082
3 1 2 1827 6470
3 1 3 4206 4935 5737
2 3
3 1 3 1571 4610 6455
3 1 2 1752 8393
3 1 2 4947 8154
2 1 4 4945 4973 10332 10394
1 1 2 622 5617
1 4
2 1 3 628 1388 8283
2 1 2 824 5371
2 2
3 1 4 2073 2862 5486 6118
3 1 2 2074 3524
2 1 3 2075 5353 10630
1 3
2 1 3 631 3283 6531
2 1 4 634 635 2667 7107
2 1 2 1379 1951
1 2
2 1 3 632 633 3397
2 1 2 4834 5218
1 1 3 640 8506 8725
1 3
2 1 2 641 675
2 1 2 676 9475
2 1 3 3789 5871 11134
1 6
2 1 2 642 3693
2 2
3 1 3 1865 1868 4174
3 1 3 1869 4693 5841
2 1 3 1866 1867 6399
2 1 2 4090 7897
2 1 3 4181 4692 6398
2 1 2 4194 7898
1 7
2 2
3 1 3 643 7142 10843
3 1 2 7140 10312
2 1 3 1880 6517 10341
2 2
3 1 2 2725 10319
3 1 2 7138 8837
2 1 4 5067 7139 7218 10313
2 2
3 1 2 7141 10397
3 1 2 8836 10320
2 1 2 7818 11213
2 2
3 1 2 7819 8838
3 1 2 8839 10333
1 3
2 1 2 644 3954
2 1 2 3858 10342
2 1 2 10709 10710
1 2
2 1 4 645 4453 4454 6516
2 2
3 1 2 2250 8125
3 1 2 6459 8126
1 2
2 1 2 646 7803
2 1 3 1044 5398 6137
1 3
2 1 2 647 3405
2 1 3 652 10729 10954
2 1 2 7977 10953
1 2
2 1 2 648 649
2 1 2 650 654
1 2
2 1 3 651 2423 4165
2 1 2 7874 10453
1 6
2 2
3 1 2 655 3552
3 1 2 2140 5773
2 1 3 1027 3696 11194
2 1 2 1169 3695
2 1 4 1409 4017 6286 6698
2 1 3 2032 5013 7678
2 1 5 2139 3392 5144 6379 6727
1 2
2 1 3 656 9476 9494
2 1 2 9469 9492
1 1 2 657 6065
1 2
2 1 3 677 1075 3827
2 1 2 4114 4117
1 3
2 1 4 678 982 5403 8902
2 1 3 1960 2647 6456
2 1 4 1963 2361 4195 7521
1 2
2 1 3 679 2359 5889
2 1 2 3346 11033
1 1 3 680 10380 10469
1 1 2 681 5921
1 3
2 1 2 682 683
2 1 3 733 3716 5346
2 2
3 1 2 1747 6577
3 1 2 6303 7441
1 2
2 1 2 691 6480
2 1 3 693 865 7199
1 1 2 709 996
1 1 3 710 2552 4897
1 3
2 1 2 711 712
2 1 2 2960 4067
2 1 2 2961 3107
1 5
2 1 3 713 8120 10967
2 1 2 934 10975
2 2
3 1 2 935 8379
3 1 2 4886 10973
2 1 3 6703 8380 8381
2 1 2 6704 8377
1 1 2 715 5017
1 4
2 2
3 1 2 716 8081
3 1 3 5594 5595 7932
2 1 3 719 1824 1825
2 1 2 720 1220
2 1 3 4717 4718 4719
1 3
2 1 4 717 3230 7601 8717
2 1 2 2787 2788
2 1 3 8149 10486 10487
1 3
2 1 2 718 4358
2 1 3 3726 7961 8937
2 1 3 6785 7631 8176
1 1 5 722 724 726 4492 8142
1 1 3 723 1894 7781
1 2
2 1 3 725 3057 8290
2 1 2 1371 4839
1 3
2 1 3 727 728 729
2 1 3 3168 3975 3977
2 1 3 3976 7651 8658
1 2
2 1 2 734 7454
2 1 3 736 8559 8911
1 6
2 2
3 1 2 738 6983
3 1 2 5163 5164
2 1 2 741 10701
2 1 2 2744 10901
2 1 3 3299 4881 10566
2 1 2 5535 10530
2 1 2 10485 10489
1 3
2 1 3 742 7230 8049
2 1 3 743 2243 7109
2 1 4 2591 7098 7279 8052
1 2
2 1 4 747 5177 5181 5422
2 1 2 5178 5273
1 4
2 1 2 749 4197
2 2
3 1 2 1467 2726
3 1 2 4818 6959
2 1 2 1468 3956
2 2
3 1 2 1470 6081
3 1 2 6082 6083
1 2
2 1 3 750 5951 9176
2 1 3 1274 3064 9175
1 4
2 1 3 753 5005 5762
2 1 2 754 8037
2 1 4 1196 1197 6834 9389
2 1 3 6041 6042 9388
1 3
2 1 2 755 9697
2 1 3 851 3477 9696
2 2
3 1 2 9693 9695
3 1 2 9694 9783
1 3
2 1 3 757 1757 7167
2 1 2 759 4336
2 1 3 3826 7325 11049
1 1 4 758 3333 3335 3336
1 2
2 1 3 760 2497 3723
2 1 3 7050 7051 7229
1 4
2 1 3 761 7065 10924
2 1 2 762 764
2 2
3 1 2 763 2226
3 1 2 2358 7823
2 1 3 3386 6786 10923
1 1 2 769 2338
1 1 2 771 6032
1 1 3 773 1271 7344
1 3
2 1 3 775 2504 10090
2 1 2 1080 10025
2 1 2 5463 10118
1 1 2 777 5630
1 1 2 786 8024
1 2
2 1 2 787 5348
2 1 2 4501 4502
1 2
2 1 2 788 10121
2 1 2 789 3067
1 1 3 790 5807 7484
1 4
2 1 3 799 6518 9292
2 2
3 1 2 1055 1057
3 1 2 4266 8539
2 1 2 1058 2841
2 1 4 1059 4265 5093 7554
1 3
2 1 2 816 817
2 1 3 1511 3087 4986
2 1 2 9023 10671
1 1 3 818 819 6923
1 5
2 2
3 1 5 820 821 4032 4033 7226
3 1 2 822 7840
2 1 3 1594 5194 7801
2 2
3 1 2 1789 6243
3 1 3 1791 6060 8545
2 1 2 1941 7782
2 1 2 4966 7640
1 4
2 1 2 823 1204
2 1 2 1811 3476
2 1 2 2989 3475
2 1 2 3474 4820
1 3
2 1 4 826 7729 7730 9877
2 1 4 9910 10705 10706 10741
2 1 3 10738 10743 10744
1 4
2 2
3 1 3 827 3737 7398
3 1 3 828 2688 3736
2 1 3 3673 3731 6245
2 1 4 3674 3675 3732 3902
2 1 2 3676 3735
1 3
2 1 2 835 9663
2 1 4 2611 4389 5250 5275
2 1 3 9400 9661 9662
1 1 4 836 4486 4698 4913
1 2
2 1 2 839 1144
2 1 3 1141 1142 9431
1 1 3 841 1891 7347
1 2
2 1 2 842 2485
2 1 4 4078 5897 6157 7307
1 2
2 1 4 853 3854 5191 6134
2 1 2 4959 10859
1 3
2 2
3 1 2 854 7458
3 1 2 855 3334
2 2
3 1 2 1392 10562
3 1 2 8975 10561
2 1 4 8976 9780 10829 10830
1 1 4 857 2907 7402 9001
1 2
2 1 3 860 2588 11161
2 1 2 4413 4909
1 8
2 1 2 861 1840
2 1 4 1741 10290 10920 11082
2 2
3 1 3 5071 5931 6919
3 1 3 8783 9603 11083
2 1 3 5929 6009 6244
2 1 2 5930 6008
2 1 2 8782 8784
2 1 3 8785 10921 11081
2 1 2 8786 8787
1 2
2 1 4 862 9840 10213 11228
2 1 3 8437 9988 9989
1 4
2 2
3 1 2 866 8874
3 1 2 2518 11252
2 2
3 1 2 868 8541
3 1 2 4922 9855
2 2
3 1 2 869 4004
3 1 2 4003 4005
2 2
3 1 2 4366 4572
3 1 2 5257 6789
1 1 3 867 4844 5999
1 2
2 1 3 871 873 3751
2 1 2 3455 5389
1 3
2 1 5 876 1815 1816 2713 8510
2 1 3 2714 3429 8522
2 1 2 2847 4558
1 1 2 877 11165
1 1 2 886 888
1 5
2 1 3 887 4237 5238
2 1 3 889 1149 3943
2 1 2 962 1148
2 1 3 2053 2054 3235
2 1 3 3372 4328 7246
1 2
2 1 3 890 891 5885
2 1 3 3708 6528 6863
1 1 3 896 2512 5840
1 1 3 898 901 7702
1 2
2 1 2 899 900
2 1 2 902 4359
1 5
2 1 3 903 2427 5129
2 1 3 2424 2425 4349
2 2
3 1 2 2426 9900
3 1 2 2812 8789
2 1 2 7585 10996
2 1 2 8450 11116
1 3
2 1 3 904 4620 8299
2 1 2 2137 7170
2 1 2 3380 4238
1 1 3 908 4329 4930
1 6
2 1 3 910 2958 7127
2 2
3 1 2 1084 10400
3 1 3 4179 8274 10991
2 1 3 1873 4496 6151
2 1 5 2877 2878 6272 6273 6872
2 2
3 1 2 4223 10992
3 1 2 4494 4495
2 1 2 6427 6702
1 1 3 913 914 1398
1 1 3 917 3630 7538
1 1 2 918 2020
1 1 3 919 920 5339
1 5
2 1 3 921 6201 10865
2 1 4 1704 7144 9346 9358
2 2
3 1 3 2092 4350 5392
3 1 2 5393 5394
2 3
3 1 4 3408 7143 9341 9342
3 1 2 9343 9352
3 1 3 9351 9359 9360
2 1 2 6498 6499
1 4
2 2
3 1 2 924 8923
3 1 2 925 1601
2 2
3 1 2 8309 9278
3 1 3 8310 8679 9281
2 1 3 9271 9274 9275
2 1 3 9272 9276 9280
1 3
2 1 3 926 6326 11042
2 2
3 1 2 2450 6059
3 1 2 3863 7583
2 2
3 1 2 2451 4272
3 1 3 2452 2894 4203
1 4
2 1 3 927 6092 6693
2 2
3 1 2 1207 1208
3 1 2 9283 11146
2 1 3 2084 6094 9853
2 1 2 5233 11051
1 3
2 1 3 928 2697 6549
2 1 2 5094 10732
2 1 3 5095 6391 6955
1 1 3 929 6956 8102
1 3
2 2
3 1 4 930 1021 1469 6777
3 1 2 2470 10317
2 1 4 2471 3714 4928 5600
2 1 3 2871 3306 7831
1 2
2 1 2 931 8719
2 1 2 1603 9340
1 1 3 936 937 938
1 2
2 1 2 940 6776
2 1 2 2164 4772
1 1 2 942 11086
1 2
2 1 3 947 1657 10515
2 1 2 951 4932
1 1 3 948 9200 10154
1 1 3 949 950 7835
1 7
2 1 2 957 960
2 1 3 958 7057 7859
2 1 5 959 1268 4167 5777 9647
2 3
3 1 2 961 5002
3 1 3 4459 10175 10178
3 1 3 4689 5384 10176
2 1 3 1157 7272 10649
2 1 3 1393 6236 7581
2 1 3 1982 4513 7610
1 1 9 964 1839 3073 5644 6105 7579 9184 10049 10664
1 2
2 1 3 972 973 8326
2 1 2 5947 8325
1 2
2 1 3 974 975 10548
2 1 2 4041 11076
1 2
2 1 3 978 2636 5536
2 1 2 2638 2639
1 2
2 1 3 981 5819 10893
2 1 2 5948 9741
1 1 2 983 6748
1 6
2 1 2 984 10659
2 1 3 985 3575 3611
2 1 3 1018 1019 4461
2 1 2 1188 4805
2 1 4 1189 3212 6027 6358
2 1 2 2879 6026
1 9
2 1 2 987 8690
2 2
3 1 2 1464 3907
3 1 2 9131 9148
2 3
3 1 2 2327 9156
3 1 2 2705 2870
3 1 3 2707 2708 9155
2 1 3 2328 9150 9371
2 1 3 2706 9157 9158
2 1 2 6493 8070
2 1 2 9146 9159
2 1 3 9147 9149 9154
2 1 2 9160 10927
1 4
2 2
3 1 2 988 989
3 1 2 3987 5950
2 1 3 2429 3986 3989
2 1 2 3988 3991
2 1 2 3990 7682
1 2
2 1 2 990 8262
2 1 4 4788 4789 4790 5022
1 3
2 1 3 995 5234 5236
2 1 3 3468 4351 8576
2 1 2 5235 7821
1 3
2 1 3 997 6694 7240
2 1 3 1385 2292 7241
2 1 3 1666 2293 7242
1 1 3 1002 10670 11159
1 4
2 1 3 1006 6360 6361
2 2
3 1 2 3011 10754
3 1 2 6216 7847
2 1 2 10751 10759
2 1 3 10753 10761 10762
1 1 2 1010 1788
1 1 3 1012 4630 7004
1 1 3 1017 2003 11188
1 2
2 1 2 1023 8461
2 1 2 6842 10713
1 4
2 1 2 1024 6135
2 1 2 1808 3280
2 1 3 2228 4343 11185
2 1 2 4224 10502
1 3
2 1 4 1028 4539 6803 7532
2 1 3 4277 4732 5726
2 1 3 4792 4793 6810
1 3
2 1 2 1029 8513
2 1 2 3980 8557
2 1 2 5680 10358
1 3
2 1 3 1031 1032 5706
2 2
3 1 2 5157 6271
3 1 3 5701 5702 6435
2 1 4 5703 5705 6623 7827
1 3
2 1 3 1033 5565 10504
2 2
3 1 3 2911 2913 2914
3 1 2 6708 7852
2 1 2 2912 8579
1 1 2 1036 3558
1 1 3 1037 1634 4382
1 1 2 1038 6138
1 1 2 1040 10648
1 3
2 2
3 1 2 1046 3284
3 1 2 2318 2322
2 2
3 1 2 2317 2320
3 1 2 2319 2321
2 1 3 2323 5254 9562
1 3
2 1 2 1047 10624
2 1 3 4232 10168 10552
2 1 3 6103 9047 10167
1 1 4 1048 8580 8581 11094
1 1 2 1050 7960
1 2
2 1 3 1051 5550 6282
2 1 2 3885 4252
1 2
2 1 3 1052 2397 7412
2 1 3 4874 5193 8853
1 1 3 1053 1054 4911
1 2
2 2
3 1 2 1056 1261
3 1 2 9375 10381
2 1 3 6546 6547 10059
1 10
2 2
3 1 3 1060 4491 5532
3 1 2 4089 5670
2 2
3 1 4 1221 1222 1224 4812
3 1 2 1414 3088
2 1 3 1413 3387 3742
2 2
3 1 2 1612 4490
3 1 2 4441 4489
2 1 2 2104 2105
2 1 2 2285 7997
2 2
3 1 2 3058 4440
3 1 2 4771 6781
2 2
3 1 2 3089 8183
3 1 2 3349 7404
2 1 2 4487 8600
2 1 4 4488 7322 7810 8112
1 5
2 1 2 1062 9446
2 2
3 1 3 2467 9435 9448
3 1 3 9437 9438 9440
2 2
3 1 2 5985 10692
3 1 2 9445 9447
2 1 3 9436 9442 9449
2 2
3 1 3 9439 9443 9450
3 1 3 9444 9480 9481
1 2
2 1 2 1063 7668
2 1 4 1777 3543 4964 4965
1 2
2 1 3 1064 2297 6896
2 1 2 5195 11204
1 6
2 1 3 1073 3430 7303
2 1 3 2295 6723 8883
2 4
3 1 3 2296 4315 5011
3 1 2 3431 4314
3 1 2 3884 11153
3 1 2 4316 6411
2 2
3 1 3 4157 4824 8790
3 1 3 4821 4823 6511
2 1 2 4317 6510
2 1 2 4318 4825
1 2
2 1 3 1076 6746 8877
2 1 3 2956 3877 7513
1 4
2 1 8 1081 2664 5637 6087 6733 7193 8465 8535
2 2
3 1 3 1152 2547 3145
3 1 2 3144 8537
2 1 4 1153 1154 5317 7414
2 1 3 2216 7520 8080
1 5
2 1 4 1082 3201 5345 8885
2 1 3 1083 1936 5907
2 1 3 1101 2754 10099
2 2
3 1 2 7476 10100
3 1 3 10101 10102 11110
2 1 2 10103 10104
1 2
2 2
3 1 2 1086 6128
3 1 2 1700 4619
2 2
3 1 3 1697 1698 1699
3 1 2 1701 6127
1 2
2 1 3 1088 2416 2417
2 1 2 3395 7642
1 3
2 1 2 1089 3773
2 1 3 2644 2645 3644
2 1 2 3645 4101
1 1 2 1092 1093
1 5
2 1 3 1094 1984 8960
2 2
3 1 2 1539 5556
3 1 3 8202 9329 9394
2 1 2 1797 8959
2 1 3 5479 7892 9324
2 1 2 8953 8957
1 3
2 1 3 1095 4177 11047
2 1 3 1229 1965 2009
2 1 2 2469 11246
1 2
2 1 2 1096 4395
2 1 2 1097 4394
1 2
2 1 4 1099 6048 6096 9511
2 1 3 2248 3579 9173
1 1 2 1102 6343
1 2
2 1 3 1103 4280 7362
2 1 2 6267 7315
1 3
2 1 2 1104 1105
2 1 2 2570 6385
2 1 4 3556 5349 5530 6381
1 4
2 1 4 1106 5748 7969 9030
2 1 2 1422 11251
2 1 2 6675 7968
2 1 4 7759 7760 7761 7966
1 2
2 1 5 1108 1895 4975 7145 11084
2 2
3 1 2 1109 1110
3 1 3 1262 1896 9386
1 5
2 2
3 1 3 1111 8868 10850
3 1 3 2918 4757 4957
2 2
3 1 3 1627 4404 8869
3 1 4 7815 8860 9777 9807
2 3
3 1 2 2364 8861
3 1 2 8019 8021
3 1 2 8020 10392
2 2
3 1 3 2365 4758 10563
3 1 2 4403 7814
2 1 2 4759 4760
1 3
2 1 3 1114 6033 7117
2 1 4 1533 3553 6714 8153
2 2
3 1 3 2288 3577 5616
3 1 2 4650 6193
1 3
2 1 3 1115 4024 7846
2 1 3 1116 8683 11104
2 1 3 1829 1830 6769
1 1 3 1119 5135 7756
1 1 2 1124 9172
1 1 2 1130 4898
1 1 2 1133 6006
1 2
2 1 3 1145 5267 9297
2 1 3 6025 6125 6536
1 3
2 2
3 1 4 1146 1147 1599 3463
3 1 2 1972 3466
2 1 3 1595 1597 4363
2 1 3 3465 4504 6352
1 2
2 1 3 1151 8363 8364
2 1 3 2428 8362 8556
1 3
2 1 4 1155 1340 1341 9659
2 1 3 2548 2549 5168
2 1 2 6552 7289
1 2
2 1 3 1160 1161 6314
2 1 3 10533 10534 10535
1 3
2 2
3 1 2 1162 7605
3 1 3 1170 1175 6408
2 1 5 1163 1182 1751 6858 7286
2 2
3 1 2 1750 10439
3 1 2 2777 4372
1 4
2 2
3 1 2 1164 1166
3 1 2 1167 2997
2 1 2 2025 6319
2 2
3 1 3 2026 4756 6867
3 1 3 3026 4093 9434
2 1 2 5230 5301
1 3
2 1 5 1165 1441 1442 1443 1444
2 1 2 1953 5560
2 1 2 1954 1955
1 1 4 1171 9123 9124 9125
1 1 3 1177 6548 9127
1 1 2 1178 6985
1 1 2 1179 4681
1 2
2 1 3 1180 1485 2808
2 1 4 1480 1484 3151 6643
1 2
2 1 2 1181 3792
2 1 2 1183 1481
1 3
2 1 3 1184 3439 5531
2 1 7 1542 4302 5593 7085 7959 8015 9216
2 1 2 6752 11180
1 5
2 1 2 1185 1486
2 1 3 4638 4873 5846
2 2
3 1 3 5187 5190 5303
3 1 2 5188 5189
2 1 2 6921 9563
2 1 3 7014 7363 9582
1 2
2 1 3 1192 1429 4021
2 1 3 1428 1430 4022
1 2
2 1 2 1200 8912
2 1 3 1312 8913 8915
1 1 3 1201 4299 7600
1 1 3 1203 3308 7481
1 6
2 3
3 1 3 1205 1209 1782
3 1 2 3182 6061
3 1 2 7283 10417
2 1 4 1206 1210 1211 7317
2 1 3 1212 10257 11141
2 1 3 3734 9954 9955
2 1 2 6587 10446
2 1 3 6692 9514 9515
1 1 3 1213 2691 6622
1 1 2 1214 11077
1 2
2 1 4 1215 3340 6477 8068
2 1 3 2284 6640 9862
1 3
2 1 2 1217 5896
2 1 2 3953 8239
2 1 2 8203 8240
1 2
2 1 2 1218 10281
2 1 3 1219 5368 5369
1 1 3 1223 4944 8292
1 2
2 1 2 1227 10334
2 1 3 6544 6545 9540
1 2
2 1 2 1228 10963
2 1 2 9325 9327
1 3
2 1 2 1230 3868
2 1 3 2473 3207 5760
2 1 3 3115 3367 8560
1 1 3 1241 1242 4970
1 2
2 1 3 1243 1783 6018
2 1 2 8727 8728
1 3
2 1 2 1246 1536
2 1 3 1247 1249 5138
2 1 3 1248 6348 7509
1 2
2 1 2 1250 8441
2 1 2 1251 1445
1 3
2 2
3 1 2 1252 4774
3 1 3 6433 6434 7080
2 1 2 9079 9081
2 1 2 9080 9314
1 1 3 1254 9899 9934
1 6
2 2
3 1 3 1259 4301 10558
3 1 3 1436 9843 9940
2 1 4 1435 7290 8188 9935
2 1 5 2739 5534 6109 9936 9939
2 1 3 2846 7291 9937
2 1 2 3298 9938
2 1 3 9512 9516 10316
1 2
2 1 3 1263 5031 9070
2 1 3 3141 9067 9068
1 2
2 1 3 1267 5827 6798
2 1 2 1985 7895
1 2
2 1 2 1269 8358
2 1 3 1809 3915 6952
1 2
2 1 2 1272 10698
2 1 2 3582 7475
1 1 3 1273 3302 5162
1 2
2 1 2 1275 6192
2 1 2 4690 7494
1 6
2 1 2 1284 7257
2 1 3 1285 3364 3365
2 1 3 1286 2595 3362
2 1 3 1479 1916 4634
2 1 2 1541 7617
2 1 3 4102 5483 5546
1 3
2 1 2 1287 3845
2 1 3 1288 8103 8604
2 1 3 2859 3725 5474
1 1 2 1289 9293
1 1 2 1290 1291
1 2
2 2
3 1 2 1292 4412
3 1 2 9086 9087
2 2
3 1 2 5293 7082
3 1 2 7081 9085
1 1 2 1294 4097
1 2
2 2
3 1 2 1296 7176
3 1 2 1918 2116
2 1 2 6460 7177
1 3
2 1 3 1297 1300 6671
2 1 2 1298 1917
2 1 2 1303 7215
1 2
2 1 3 1301 5497 6388
2 1 3 3317 3612 3613
1 1 2 1302 8386
1 1 2 1307 2479
1 1 2 1308 6770
1 2
2 1 6 1309 1310 3888 4228 6466 8847
2 1 2 1641 3952
1 2
2 2
3 1 2 1311 3259
3 1 2 3257 3258
2 1 3 3260 5477 10786
1 1 3 1313 3500 7209
1 11
2 1 3 1315 7251 10408
2 1 3 1473 5901 7836
2 1 2 2373 7250
2 1 2 4380 8512
2 1 2 4627 6227
2 1 3 5209 8085 10402
2 3
3 1 2 6122 7243
3 1 2 6486 10404
3 1 2 10401 10409
2 1 2 6219 7906
2 1 2 6299 6937
2 1 2 6936 6938
2 1 3 6942 6943 7743
1 1 2 1316 6117
1 3
2 1 3 1318 1794 4270
2 1 2 1760 11148
2 1 2 2748 3491
1 5
2 2
3 1 2 1319 1497
3 1 2 10788 10789
2 2
3 1 2 1689 7539
3 1 2 2646 8459
2 1 5 2034 2035 6310 6745 11176
2 1 2 2072 10928
2 1 4 7274 8583 9787 10212
1 1 3 1320 5176 6173
1 4
2 1 2 1321 10157
2 1 2 4135 10490
2 1 3 4414 10551 10553
2 1 4 10463 10464 10465 10491
1 2
2 1 3 1330 5734 7541
2 1 2 5739 7255
1 2
2 2
3 1 3 1332 1335 3828
3 1 2 1333 2442
2 1 3 1334 2441 7086
1 3
2 1 2 1337 1338
2 1 3 3872 4417 7763
2 1 2 7530 8185
1 1 3 1342 1343 1344
1 1 2 1346 7311
1 2
2 1 2 1347 3154
2 1 2 1348 10981
1 2
2 1 2 1349 2719
2 1 2 4196 11133
1 1 3 1350 4533 8921
1 5
2 1 3 1351 1352 7367
2 3
3 1 3 1353 1355 2747
3 1 3 1354 2367 3181
3 1 2 7046 7910
2 1 3 1437 2260 2261
2 2
3 1 2 1892 7909
3 1 2 3966 5697
2 1 4 2064 2065 2746 3964
1 1 2 1359 11257
1 1 4 1365 3093 3094 4989
1 1 3 1366 8100 10349
1 2
2 2
3 1 3 1367 6966 10017
3 1 2 10029 10139
2 2
3 1 2 1491 8279
3 1 2 3119 4697
1 3
2 1 2 1370 2828
2 1 2 1376 5473
2 1 2 1377 11126
1 2
2 1 5 1372 2206 5517 6741 7214
2 1 4 1373 7795 8107 8166
1 1 2 1374 6068
1 2
2 1 2 1375 5859
2 1 3 2839 4133 8066
1 2
2 1 2 1378 11249
2 1 3 2355 7639 9182
1 2
2 1 3 1383 4130 4471
2 1 3 4128 4131 4472
1 1 3 1384 3195 6837
1 4
2 1 3 1386 5811 5814
2 1 4 4516 4934 5812 5816
2 1 2 5809 5815
2 1 2 5810 5813
1 2
2 1 2 1390 8138
2 1 2 1391 8893
1 1 3 1394 6040 6951
1 1 4 1395 8760 9612 9615
1 1 3 1397 1476 7543
1 1 3 1402 1814 7694
1 3
2 1 4 1403 1404 1405 2143
2 1 2 4169 7866
2 1 2 9412 9644
1 1 2 1411 10466
1 1 3 1412 1851 10467
1 5
2 1 3 1416 5302 10531
2 2
3 1 2 1418 7606
3 1 2 2794 4618
2 1 3 4617 7470 10311
2 1 5 6467 6632 10427 10428 10429
2 1 4 6679 7327 10431 10432
1 3
2 2
3 1 2 1417 7149
3 1 4 2916 2992 2993 2994
2 1 4 1419 5016 5988 6387
2 1 3 2995 10523 10532
1 3
2 1 3 1420 10695 10696
2 1 4 9929 10691 10742 10776
2 2
3 1 2 10688 10689
3 1 2 10694 10704
1 1 3 1424 5448 11253
1 1 2 1427 11256
1 3
2 2
3 1 2 1433 2410
3 1 3 5689 5690 7210
2 1 3 1434 2057 7963
2 2
3 1 3 2408 3951 8624
3 1 2 2409 8625
1 1 2 1449 10628
1 2
2 1 3 1451 3587 5049
2 1 4 3588 3589 3646 3647
1 1 3 1452 1669 10867
1 8
2 1 2 1455 5596
2 1 3 1456 1616 5675
2 2
3 1 3 2668 8408 9817
3 1 3 8407 9815 9816
2 2
3 1 2 3831 9814
3 1 2 8389 8402
2 1 3 5206 6014 9320
2 2
3 1 5 5674 6017 8558 9810 9811
3 1 3 6022 8409 9319
2 1 2 6013 9813
2 1 3 6021 9809 9812
1 3
2 1 2 1457 4470
2 1 3 3152 4345 6230
2 1 3 4346 6229 7905
1 2
2 1 3 1459 2863 8182
2 1 4 1462 1463 3256 5823
1 1 4 1460 4977 4979 7988
1 1 2 1461 7088
1 4
2 1 4 1465 3518 10013 10014
2 1 2 3050 6468
2 2
3 1 3 3940 7223 11224
3 1 2 10015 10042
2 1 2 10612 10619
1 4
2 1 4 1472 1988 5954 9876
2 1 2 2545 5892
2 1 2 4767 9878
2 1 2 6012 7486
1 2
2 1 2 1475 9432
2 1 2 1478 8005
1 3
2 1 3 1477 8129 8130
2 1 2 3323 7690
2 1 2 8430 8432
1 1 2 1487 1488
1 1 3 1489 5073 5074
1 2
2 1 2 1490 4028
2 1 5 2983 3238 3516 5432 8211
1 3
2 1 2 1492 7780
2 1 2 1493 1877
2 1 2 1973 2695
1 6
2 1 3 1499 9207 9218
2 1 2 1500 5052
2 1 3 2619 9262 9264
2 2
3 1 4 5057 5059 9221 9235
3 1 4 9215 9223 9224 9263
2 3
3 1 2 9209 9214
3 1 2 9213 9255
3 1 3 9237 9242 9256
2 2
3 1 2 9210 9244
3 1 3 9243 9245 9260
1 1 2 1501 9566
1 1 4 1507 5715 5716 5717
1 2
2 1 2 1509 2146
2 1 2 2147 10874
1 3
2 1 3 1518 2834 5307
2 1 2 1874 2422
2 1 4 2421 3281 5687 5688
1 1 3 1521 6419 6962
1 4
2 1 2 1522 3311
2 2
3 1 2 2192 9542
3 1 2 2194 8135
2 1 4 2193 3143 5060 6257
2 1 2 4268 6256
1 1 3 1523 6043 7641
1 1 3 1534 1855 2372
1 3
2 1 2 1535 4980
2 1 2 2371 4236
2 1 2 3310 6897
1 7
2 1 4 1540 2772 3981 5845
2 1 3 1897 3961 6711
2 1 3 1898 1900 5478
2 1 3 1899 2251 3963
2 1 3 2085 3962 8088
2 1 3 2904 4749 4750
2 1 2 7285 8075
1 3
2 1 3 1543 7233 8424
2 1 2 5201 8272
2 1 3 8422 8425 8492
1 3
2 2
3 1 3 1544 3376 8252
3 1 2 3375 5118
2 2
3 1 4 2380 4467 5119 5120
3 1 2 8480 8481
2 1 2 7115 9369
1 1 3 1545 2242 9335
1 1 6 1547 3526 3527 3528 4091 8347
1 1 3 1548 6152 6680
1 2
2 1 3 1555 1838 5957
2 1 3 1646 1769 9097
1 1 2 1557 9031
1 3
2 1 3 1558 3330 4058
2 1 5 6574 6576 9008 9585 9587
2 1 3 6575 9588 9590
1 1 2 1559 2811
1 2
2 1 2 1563 3100
2 1 2 2556 2625
1 4
2 1 2 1573 6695
2 1 3 2509 7975 7976
2 2
3 1 2 2893 8119
3 1 2 4615 7577
2 1 3 6664 9104 11174
1 2
2 2
3 1 2 1575 1576
3 1 3 1577 2388 7614
2 1 2 5721 7675
1 3
2 1 2 1578 8083
2 1 2 1579 1580
2 1 2 1581 6291
1 2
2 1 3 1583 9102 9103
2 1 2 9101 9105
1 3
2 1 2 1588 8008
2 1 4 1793 3148 3608 4896
2 1 2 3147 10993
1 3
2 1 4 1591 4599 7495 7496
2 1 4 5169 5976 5977 5978
2 1 3 6725 6726 7497
1 1 3 1592 4182 5312
1 5
2 1 2 1593 7927
2 1 2 3065 7886
2 1 2 3886 4581
2 1 2 5313 5888
2 1 2 5887 6217
1 1 2 1606 8180
1 3
2 1 3 1609 1610 6469
2 1 2 3578 9196
2 1 2 9191 9197
1 1 3 1613 1614 1615
1 2
2 2
3 1 3 1619 2842 5476
3 1 3 1620 5475 11003
2 2
3 1 5 2843 2844 2845 6697 11002
3 1 2 3031 8247
1 3
2 2
3 1 2 1621 1626
3 1 2 9350 9362
2 1 3 1624 1625 9354
2 1 2 2703 9361
1 4
2 1 5 1628 1629 1764 1765 5350
2 1 2 1763 7048
2 1 3 3955 7020 8977
2 1 2 6196 8000
1 1 3 1630 1631 4170
1 1 2 1632 9576
1 1 3 1633 4051 5895
1 3
2 1 3 1635 5141 5142
2 1 2 3769 3770
2 1 2 5143 9889
1 1 3 1640 7060 7693
1 1 3 1642 7916 8131
1 1 3 1643 4297 7536
1 3
2 1 3 1644 9602 9632
2 1 5 5298 8244 9618 9631 9635
2 1 4 8271 9608 9621 9630
1 2
2 2
3 1 2 1645 8222
3 1 2 4178 8236
2 1 3 3994 8223 8226
1 2
2 1 2 1649 1654
2 1 3 1652 1653 3045
1 1 2 1650 7462
1 4
2 1 2 1651 10647
2 1 3 3018 4963 5105
2 1 2 4319 6917
2 1 2 6571 8097
1 5
2 1 3 1661 6971 7461
2 2
3 1 2 1776 3071
3 1 3 3329 6209 8554
2 1 4 1778 3291 6449 7044
2 1 2 2215 8370
2 1 3 3529 8349 8553
1 3
2 1 4 1665 2517 6448 8888
2 1 3 3202 4798 7239
2 1 2 3255 9952
1 2
2 2
3 1 2 1667 1821
3 1 2 1668 7165
2 1 3 1820 5516 6447
1 3
2 1 5 1676 1909 9294 9919 11043
2 1 5 4998 7504 9295 9296 9882
2 1 2 6328 11101
1 4
2 1 3 1678 6719 10298
2 1 3 1974 3780 7237
2 1 2 3559 3778
2 1 2 7940 8014
1 1 2 1682 1683
1 6
2 1 2 1690 7551
2 1 4 1691 1692 6515 7709
2 1 2 3373 7372
2 1 2 4046 10318
2 1 3 4457 5989 7707
2 1 2 4458 7708
1 3
2 1 3 1694 10363 10528
2 1 3 2791 8285 10529
2 1 3 10520 10521 10522
1 3
2 1 2 1696 4955
2 1 4 3381 3650 7056 8105
2 1 3 6484 10058 10068
1 1 6 1705 3246 3269 4342 6931 9902
1 1 3 1706 6344 7134
1 3
2 1 4 1707 7211 10447 10933
2 1 3 3634 8637 9614
2 1 2 9301 9629
1 1 4 1712 2783 2784 3521
1 2
2 1 3 1713 2999 3000
2 1 2 2998 7074
1 5
2 1 2 1714 4916
2 1 4 1715 2966 4244 4917
2 1 3 3001 6461 6462
2 1 2 4621 4622
2 1 2 6463 9429
1 3
2 2
3 1 2 1716 4292
3 1 2 1717 4291
2 2
3 1 2 2490 4370
3 1 2 3548 5875
2 1 2 2627 4877
1 4
2 1 3 1724 3307 5547
2 1 3 5867 5868 5969
2 1 3 5968 8680 8681
2 1 2 8846 11117
1 1 2 1726 3672
1 1 3 1727 1728 5514
1 3
2 1 2 1731 8288
2 1 2 1732 3418
2 1 2 7154 7304
1 1 3 1734 4416 4589
1 1 3 1735 3555 10291
1 2
2 1 4 1738 4419 8139 10451
2 2
3 1 3 2782 6405 7978
3 1 2 4418 7314
1 3
2 1 2 1739 11080
2 1 3 1740 4713 5132
2 1 4 4499 4714 5131 6220
1 3
2 1 2 1744 10950
2 1 2 4753 7187
2 1 3 7188 7189 7190
1 1 2 1748 1749
1 5
2 2
3 1 2 1753 4605
3 1 2 5986 5987
2 1 4 1805 5065 5066 5495
2 1 2 1807 8561
2 2
3 1 2 2127 2130
3 1 2 2128 2129
2 1 3 2906 4606 4607
1 3
2 1 2 1755 3480
2 1 2 2276 6416
2 1 3 6655 8986 10542
1 2
2 1 3 1759 6353 8048
2 1 2 7034 7930
1 2
2 1 3 1766 3019 4483
2 1 3 1767 2872 4734
1 2
2 1 3 1770 1771 1772
2 1 2 1773 5037
1 1 3 1780 7990 11145
1 2
2 2
3 1 2 1785 2345
3 1 2 2947 2948
2 1 2 3561 5500
1 2
2 1 2 1786 9636
2 1 2 1792 5496
1 4
2 2
3 1 2 1787 8469
3 1 3 8458 8470 8476
2 1 4 2138 8473 8972 8973
2 1 2 8471 8474
2 1 2 8475 8592
1 1 2 1795 11087
1 1 4 1799 5050 5305 7740
1 1 4 1803 1804 4878 7615
1 5
2 1 3 1806 3275 8733
2 1 2 3274 6420
2 1 2 3276 6421
2 1 2 5839 8677
2 1 2 6423 10982
1 5
2 1 2 1810 8929
2 1 3 3464 3903 7000
2 1 2 4373 8174
2 2
3 1 3 4524 8896 11090
3 1 2 8895 8930
2 1 4 7001 7225 7998 7999
1 1 3 1812 3417 4045
1 2
2 1 2 1819 6974
2 1 2 6430 6975
1 2
2 1 2 1826 5213
2 1 2 2233 2375
1 1 2 1831 8165
1 8
2 1 3 1832 1833 8697
2 3
3 1 3 3219 5318 8111
3 1 2 3626 8815
3 1 3 4356 8828 8835
2 2
3 1 3 3220 3399 8797
3 1 3 6295 6915 8834
2 3
3 2
4 1 2 3497 6648
4 1 2 4725 8110
3 1 4 3628 4405 4406 4408
3 1 2 4407 8819
2 2
3 1 4 3627 4357 4863 8801
3 1 2 4865 8148
2 1 4 6491 7036 7037 8820
2 1 4 8649 8699 8816 8823
2 1 2 8817 8818
1 2
2 1 2 1836 3321
2 1 5 1987 2267 3320 6845 7446
1 2
2 1 3 1837 3080 6330
2 1 2 2931 3081
1 3
2 1 3 1842 7339 8547
2 1 2 1843 1844
2 1 2 6186 6807
1 1 3 1845 1846 7748
1 2
2 1 2 1847 5732
2 1 2 6210 6211
1 1 3 1849 1850 7349
1 1 3 1856 6987 8009
1 1 3 1857 4219 4716
1 3
2 1 3 1860 7175 7256
2 1 2 1861 2522
2 1 2 1862 6788
1 2
2 1 4 1870 5352 6979 7514
2 2
3 1 2 4327 4921
3 1 2 6978 7433
1 4
2 2
3 1 3 1872 4326 9488
3 1 2 4240 9174
2 2
3 1 2 2103 5648
3 1 2 2280 9543
2 1 2 9178 9646
2 1 2 9544 9546
1 2
2 1 2 1875 3198
2 1 3 7042 7153 9491
1 2
2 1 3 1878 3811 3816
2 1 2 3810 3908
1 1 2 1881 3873
1 3
2 2
3 1 3 1882 8851 8852
3 1 2 7101 8850
2 1 3 3569 3570 3572
2 2
3 1 3 3571 5204 5205
3 1 2 4211 5338
1 2
2 1 3 1885 2755 3574
2 1 3 8939 8940 8941
1 3
2 1 3 1904 5694 7720
2 1 4 3444 4590 9061 10357
2 1 3 4437 4462 7647
1 1 2 1905 1906
1 2
2 1 3 1910 1911 9555
2 1 2 6373 11062
1 4
2 2
3 1 2 1912 1914
3 1 2 5511 5747
2 2
3 1 3 1913 7328 8304
3 1 2 5793 5961
2 1 2 4797 11044
2 1 2 6645 8900
1 3
2 1 3 1915 2809 9925
2 1 4 4008 4010 9890 9928
2 1 3 5862 9926 9932
1 1 3 1919 2117 4116
1 4
2 2
3 1 2 1920 10005
3 1 3 4020 9981 9986
2 1 4 1996 4386 7869 9982
2 1 7 3170 5229 5832 7505 8033 9849 11244
2 1 2 9808 9848
1 3
2 2
3 1 2 1923 3594
3 1 2 3165 3596
2 1 3 1924 5764 10714
2 1 3 3164 3166 3243
1 3
2 1 3 1925 3188 3517
2 1 3 4518 4519 4521
2 1 2 4520 6569
1 1 2 1926 5513
1 2
2 1 2 1927 3984
2 1 2 1928 6881
1 2
2 1 2 1929 7880
2 1 3 1931 2347 7431
1 3
2 2
3 1 3 1933 3713 4535
3 1 2 2119 4285
2 2
3 1 2 2120 3046
3 1 2 2123 5882
2 1 2 2121 2934
1 1 3 1934 3999 10997
1 2
2 1 2 1935 5196
2 1 7 3508 6334 7370 8538 8845 9062 10105
1 1 5 1939 1940 1979 2209 4724
1 1 4 1943 4077 7110 7111
1 1 4 1948 3252 4691 8082
1 4
2 1 3 1949 2634 6530
2 1 4 1950 4123 6806 10813
2 1 2 2626 5032
2 1 2 2635 10081
1 2
2 1 4 1952 3895 7775 7776
2 1 2 6086 10403
1 4
2 1 3 1956 2400 2401
2 1 3 2279 3023 3775
2 1 2 3022 3396
2 1 2 3774 6930
1 4
2 1 3 1957 7384 8010
2 1 4 1958 6838 10075 10078
2 2
3 1 2 1959 11022
3 1 2 7626 8091
2 1 2 6879 10071
1 4
2 1 3 1961 3525 6457
2 1 2 2439 7774
2 1 4 3668 3671 5645 6761
2 1 3 3669 3670 6179
1 2
2 1 4 1966 8965 10841 10842
2 2
3 1 2 1967 7572
3 1 2 2721 3846
1 1 3 1971 3012 3013
1 1 3 1981 7321 7920
1 2
2 1 3 1986 6038 7545
2 2
3 1 2 2126 4279
3 1 2 5743 10550
1 3
2 1 2 1995 9015
2 1 2 4972 10720
2 1 3 7893 8631 8636
1 1 3 1998 3416 11183
1 3
2 1 5 1999 2000 8369 11191 11193
2 1 3 9714 9716 9833
2 1 2 9717 9718
1 2
2 1 2 2001 4106
2 1 2 4770 6298
1 2
2 1 3 2002 5755 6976
2 1 3 2488 5754 6787
1 2
2 1 3 2010 2677 2678
2 1 3 2011 2676 2837
1 2
2 1 3 2013 10480 11129
2 1 4 7528 7529 9987 10479
1 3
2 2
3 1 2 2014 10143
3 1 3 3196 7427 10468
2 1 2 4273 6337
2 1 2 6432 7691
1 1 2 2027 10949
1 1 2 2033 5801
1 1 2 2036 8181
1 1 2 2037 2038
1 8
2 1 3 2039 2049 11052
2 1 3 2040 10885 10886
2 2
3 1 3 2041 9066 10896
3 1 4 2045 2047 10887 10888
2 1 3 2043 9190 10857
2 1 3 2048 6533 10889
2 1 3 3469 3470 10191
2 1 2 5033 10415
2 1 3 10890 10891 10892
1 1 2 2056 6450
1 2
2 1 4 2058 5798 6108 7033
2 1 3 4576 6106 6107
1 2
2 1 2 2066 8248
2 1 3 2224 2480 3523
1 1 2 2071 11150
1 1 4 2076 3504 4146 4527
1 1 3 2080 5660 8108
1 1 2 2086 6958
1 2
2 1 4 2093 4624 5435 5482
2 1 2 2094 7424
1 1 3 2095 3361 5499
1 1 3 2096 2687 6579
1 4
2 2
3 1 4 2100 10038 10061 10086
3 1 2 10085 10092
2 1 4 2506 3324 5778 10087
2 3
3 1 3 2507 3325 6333
3 1 2 6995 7208
3 1 2 10036 10037
2 1 2 2804 11123
1 2
2 1 3 2106 4463 6892
2 1 2 4597 6860
1 4
2 1 5 2107 5443 7950 9016 9021
2 1 2 3985 5445
2 1 3 5442 5444 9024
2 2
3 1 2 5446 10660
3 1 2 9051 9058
1 1 4 2108 2109 2111 4478
1 4
2 1 3 2113 2731 5354
2 1 2 2346 2729
2 1 3 2728 2732 2734
2 1 2 2730 2733
1 3
2 1 4 2115 2778 2779 6701
2 1 3 3471 6249 9595
2 1 2 4321 11105
1 2
2 1 2 2133 4583
2 1 2 2134 4582
1 3
2 1 2 2135 8792
2 1 3 2136 2301 3740
2 1 2 2411 5007
1 1 3 2145 6589 7275
1 6
2 1 2 2148 4375
2 1 2 4376 7736
2 1 2 5836 6685
2 1 3 5837 6234 8061
2 1 2 5935 7589
2 1 2 7820 7934
1 3
2 1 3 2149 5309 7938
2 1 2 2245 5310
2 1 2 3912 10543
1 1 4 2152 2154 5575 6320
1 1 2 2155 9835
1 3
2 1 2 2156 2449
2 1 3 2978 2979 4712
2 1 2 2981 2982
1 1 2 2157 5004
1 1 2 2159 4094
1 1 3 2163 5376 6246
1 1 4 2166 5377 7052 9298
1 5
2 1 4 2174 3218 4876 8701
2 1 3 4687 8693 8694
2 1 2 6765 8038
2 1 3 8691 8692 8700
2 1 3 8695 8696 8698
1 1 3 2184 4525 4526
1 3
2 1 2 2199 5021
2 1 3 2200 8193 8254
2 1 2 6920 7008
1 3
2 1 3 2205 5130 6126
2 1 3 3744 3745 3746
2 1 2 4612 7238
1 1 2 2210 2957
1 2
2 1 2 2214 5765
2 1 2 2217 11187
1 3
2 2
3 1 3 2221 2944 5001
3 1 2 2945 11096
2 1 4 3229 3546 8520 11136
2 1 2 9732 10418
1 1 2 2222 6887
1 2
2 1 3 2223 6827 6828
2 1 2 9963 9966
1 4
2 1 3 2229 3210 4514
2 1 2 3161 5126
2 1 2 4555 9782
2 1 3 4557 4559 6268
1 1 3 2234 2235 7213
1 1 2 2244 5548
1 1 3 2246 3176 4540
1 4
2 1 3 2253 8586 8590
2 1 2 2254 7911
2 1 2 4784 4785
2 1 3 6846 8589 8591
1 1 4 2255 6170 6715 7276
1 2
2 1 3 2256 3478 10514
2 2
3 1 2 7252 7253
3 1 2 9517 9518
1 1 3 2258 2923 4562
1 2
2 1 3 2265 2406 3522
2 1 2 2407 4098
1 1 2 2268 5693
1 1 3 2269 4827 8350
1 1 2 2272 2273
1 4
2 1 3 2277 2525 3108
2 1 4 2386 2523 7450 10936
2 1 2 2524 8774
2 1 2 10283 10285
1 1 3 2278 2399 2402
1 2
2 1 3 2286 3898 9129
2 1 2 5290 7357
1 2
2 1 2 2289 7764
2 1 2 4580 9591
1 4
2 1 3 2299 3426 3427
2 1 3 2304 4613 11218
2 1 3 2476 4257 8072
2 1 2 7268 8723
1 2
2 1 3 2302 3153 4278
2 1 2 2684 4891
1 2
2 1 5 2312 6396 10379 10965 11055
2 1 2 4574 9706
1 3
2 1 3 2314 5659 10749
2 1 5 3056 4030 10712 10748 10750
2 1 3 6791 10343 10711
1 1 2 2315 5614
1 1 3 2316 9892 9893
1 1 3 2324 3839 4567
1 2
2 1 3 2329 5117 11128
2 1 2 2394 10050
1 1 3 2331 3653 3654
1 2
2 1 3 2334 10634 11241
2 2
3 1 3 7498 10633 10667
3 1 2 9006 10668
1 1 3 2335 2336 7524
1 2
2 1 2 2337 4286
2 1 2 7508 7511
1 5
2 1 2 2341 10461
2 1 3 2773 5025 9381
2 1 3 3106 5526 7516
2 1 2 5028 5029
2 1 2 9379 9382
1 2
2 1 4 2342 6604 6605 6992
2 1 3 4258 6900 9864
1 2
2 1 4 2343 3697 6204 6316
2 1 3 3160 5096 6315
1 1 3 2348 2350 8366
1 1 3 2349 2351 7811
1 1 3 2353 3095 3481
1 1 2 2354 4686
1 1 2 2362 2363
1 2
2 1 4 2366 4561 9247 11158
2 1 2 7013 8118
1 1 3 2384 4512 6638
1 3
2 1 4 2385 2491 7025 7899
2 2
3 1 3 7024 8417 11144
3 1 2 8418 8419
2 1 3 9610 9617 9619
1 2
2 1 3 2396 10388 10389
2 1 2 10390 10391
1 1 2 2403 2404
1 1 3 2412 3167 6928
1 2
2 1 2 2413 9627
2 1 3 4971 9363 9613
1 2
2 1 4 2415 5923 10117 10387
2 1 3 4360 10385 10386
1 1 2 2420 11192
1 3
2 1 3 2432 3366 8673
2 1 3 2433 6123 6389
2 1 2 8311 9273
1 12
2 1 3 2434 8757 10983
2 1 3 3948 10578 10918
2 1 2 3949 10977
2 2
3 1 3 3950 9715 9723
3 1 3 9722 9724 9727
2 1 4 4324 4645 8630 9821
2 1 2 5640 9822
2 1 2 6347 7871
2 1 4 7116 8676 9749 9772
2 2
3 1 3 8671 9721 9755
3 1 2 8672 9769
2 1 3 9725 9750 10976
2 1 2 9726 9771
2 1 2 9753 9770
1 2
2 2
3 1 2 2435 3192
3 1 2 3010 10393
2 1 6 8191 8192 8194 8195 8196 8197
1 3
2 1 2 2440 7323
2 1 3 2825 5454 7752
2 1 3 3545 4332 6088
1 2
2 1 3 2444 2445 3876
2 1 2 2446 8552
1 1 2 2448 7478
1 4
2 1 2 2458 2887
2 1 3 3066 6566 10222
2 2
3 1 3 4882 6235 10162
3 1 2 8420 8626
2 2
3 1 2 8056 10128
3 1 2 8894 10251
1 3
2 1 2 2459 5498
2 2
3 1 2 2461 6760
3 1 2 7147 11065
2 1 2 4207 4209
1 1 3 2460 2462 9638
1 3
2 1 2 2463 3473
2 1 3 3699 5396 6822
2 1 3 5397 6753 6908
1 2
2 1 5 2465 2466 4049 6300 6301
2 1 4 2942 3639 3747 5541
1 1 3 2468 3268 11248
1 3
2 1 3 2477 8447 8448
2 1 3 2478 7346 8449
2 1 3 4064 4946 7517
1 1 2 2484 6617
1 1 3 2487 6074 7830
1 2
2 1 4 2503 10063 10064 10065
2 1 2 10062 10119
1 1 2 2505 3685
1 3
2 1 2 2510 2937
2 1 2 3597 7295
2 1 2 3896 9560
1 1 2 2511 2672
1 3
2 1 2 2515 8385
2 1 3 4661 6362 7028
2 1 3 7335 10764 10765
1 1 2 2531 4079
1 1 2 2532 9875
1 3
2 2
3 1 2 2534 2535
3 1 2 9871 9885
2 1 2 6591 9872
2 1 3 7653 8707 9217
1 1 4 2539 8770 8771 8772
1 1 3 2543 2544 2785
1 1 3 2546 3743 7091
1 2
2 1 2 2550 9317
2 1 2 8415 10361
1 2
2 1 3 2554 2555 5470
2 1 2 5469 8666
1 4
2 1 3 2557 3656 3889
2 1 2 2558 10718
2 1 2 3655 8065
2 1 3 3890 7738 10715
1 2
2 2
3 1 2 2560 9012
3 1 3 5424 9010 9011
2 2
3 1 2 2818 7448
3 1 2 6689 9857
1 1 2 2564 10395
1 1 3 2568 2569 2771
1 2
2 1 3 2574 5244 6809
2 1 3 2882 3149 5825
1 3
2 1 4 2578 2580 3127 5964
2 1 2 2579 11032
2 1 2 2581 3698
1 4
2 1 7 2582 4427 6437 8744 9654 10047 10474
2 1 3 2972 4644 11195
2 1 2 4870 7834
2 1 2 7419 9664
1 2
2 1 5 2592 9230 9231 9232 9233
2 1 3 2683 6202 9228
1 1 3 2594 8375 8376
1 2
2 1 4 2596 3294 7607 7608
2 1 2 3047 3292
1 1 3 2597 6668 6669
1 2
2 1 3 2606 7564 10708
2 1 2 8074 9507
1 4
2 2
3 1 2 2613 4791
3 1 2 5180 5279
2 1 5 2741 5179 5277 5280 6262
2 1 2 5085 5278
2 1 2 10113 10114
1 5
2 1 3 2618 8563 8570
2 1 3 5515 8566 9551
2 1 2 8017 9258
2 1 3 8564 8565 9269
2 1 3 8567 8568 8569
1 2
2 1 3 2620 3643 6558
2 1 2 6557 9046
1 1 2 2622 5632
1 1 3 2623 2624 4835
1 1 3 2632 8092 8146
1 1 4 2650 6522 8962 10602
1 3
2 1 3 2653 4136 5913
2 1 3 4138 4139 7695
2 1 2 4140 11073
1 2
2 1 2 2660 3156
2 1 3 6324 6325 7555
1 1 2 2665 6866
1 2
2 1 2 2669 3584
2 1 2 2670 2888
1 1 2 2673 2674
1 4
2 1 3 2675 4189 4191
2 1 3 4190 8167 10986
2 1 2 4192 4815
2 1 3 5906 6288 6289
1 4
2 1 2 2679 8499
2 1 3 5971 8477 10826
2 1 3 6869 8968 10827
2 1 4 8967 8969 10824 10828
1 2
2 1 2 2680 2681
2 1 2 2827 3267
1 3
2 1 3 2689 7917 10988
2 1 2 5291 7434
2 1 2 7622 8002
1 4
2 1 4 2693 3906 5417 9134
2 1 2 5173 11155
2 1 3 5174 8689 9151
2 1 2 7163 9126
1 1 2 2699 9322
1 3
2 3
3 1 2 2700 9790
3 1 3 2867 2973 5084
3 1 2 4110 5480
2 2
3 1 2 2977 6660
3 1 3 9789 9792 9793
2 2
3 1 2 6487 6659
3 1 2 9791 9801
1 3
2 2
3 1 3 2716 4782 9330
3 1 2 5375 8044
2 1 2 5328 9328
2 1 3 7351 7964 8045
1 1 3 2717 2939 3437
1 1 3 2720 3686 8094
1 1 2 2740 4700
1 3
2 1 3 2743 10527 11186
2 1 2 5787 11031
2 1 3 6744 6818 9577
1 2
2 1 3 2749 3721 4473
2 1 2 4474 4543
1 3
2 1 3 2750 9578 9581
2 1 2 5333 5519
2 1 2 8916 8918
1 1 2 2751 4538
1 1 4 2756 3159 3359 6505
1 3
2 1 4 2759 2761 6934 9193
2 1 2 4996 7501
2 1 3 6933 7021 7022
1 2
2 1 3 2762 2763 4262
2 1 2 5856 10836
1 2
2 1 3 2766 6610 7205
2 1 2 6185 7499
1 1 3 2767 6475 8178
1 4
2 1 3 2768 5956 6305
2 1 3 3388 4053 5629
2 1 3 5646 6306 11157
2 2
3 1 2 6197 6198
3 1 2 6199 6304
1 1 2 2774 7392
1 3
2 1 2 2781 9143
2 1 2 4674 7422
2 1 3 4675 7919 10289
1 3
2 1 4 2786 2790 5890 5891
2 1 4 2921 7397 7472 9204
2 1 3 9942 9943 10791
1 1 4 2789 4885 5952 9179
1 1 3 2798 2799 3113
1 1 3 2803 10083 10088
1 3
2 1 2 2805 5285
2 1 2 4943 6972
2 1 2 5924 10662
1 1 2 2813 6555
1 1 4 2817 4249 6688 6690
1 1 4 2823 2824 5938 5939
1 1 4 2829 7330 7621 8157
1 1 3 2830 2832 11175
1 1 2 2831 6751
1 2
2 1 2 2835 11053
2 1 2 2836 5538
1 1 3 2838 3051 3605
1 1 3 2851 6583 7073
1 1 3 2852 6756 8917
1 2
2 1 2 2855 8455
2 1 2 9423 9424
1 2
2 1 2 2860 4978
2 1 3 3724 3982 4120
1 3
2 1 3 2861 7727 10122
2 1 2 5061 5062
2 1 4 7293 7742 9415 9645
1 2
2 1 3 2865 4438 4439
2 1 2 2866 7038
1 1 3 2868 4156 10798
1 1 2 2886 8179
1 2
2 1 2 2889 5452
2 1 2 5453 7619
1 1 2 2895 6598
1 4
2 1 2 2900 9305
2 1 2 3485 6739
2 1 4 6093 7638 8805 8822
2 1 3 8803 8806 8807
1 3
2 2
3 1 2 2908 2909
3 1 2 2910 7902
2 2
3 1 2 4289 4290
3 1 2 4390 4391
2 1 4 4392 4393 6556 7535
1 2
2 1 3 2915 6166 8854
2 1 2 3603 3704
1 1 3 2920 8910 9279
1 2
2 1 2 2924 4810
2 1 2 2925 4809
1 1 3 2926 4807 4808
1 2
2 1 2 2927 4596
2 1 2 4598 5286
1 2
2 1 2 2928 7865
2 1 2 5774 6424
1 3
2 1 2 2929 7350
2 1 2 5076 9660
2 1 2 6311 8414
1 2
2 1 2 2932 2938
2 1 2 2933 8451
1 2
2 1 2 2936 6228
2 1 4 2941 4672 4673 7713
1 1 3 2950 4503 7813
1 1 4 2951 2952 3209 8374
1 4
2 1 2 2959 5744
2 1 3 5940 7027 10095
2 1 2 5941 8076
2 1 2 6067 6332
1 1 3 2963 3892 7965
1 1 2 2967 5779
1 1 2 2980 5510
1 2
2 1 2 2985 8759
2 1 2 4092 9778
1 1 2 2988 5399
1 1 2 2996 10426
1 1 2 3006 7329
1 1 2 3020 6254
1 1 2 3021 5539
1 2
2 1 2 3024 8762
2 1 2 3025 3221
1 1 2 3027 3028
1 2
2 1 3 3029 4648 7772
2 1 2 3030 3146
1 2
2 1 3 3034 4929 6841
2 1 3 6684 6768 11239
1 1 3 3035 3036 7023
1 1 3 3054 3055 7867
1 2
2 1 2 3059 6129
2 1 2 6130 8004
1 1 4 3061 7318 7687 7688
1 1 3 3062 3063 3677
1 1 3 3068 3694 8305
1 2
2 1 2 3074 4908
2 1 2 7191 8523
1 1 2 3075 3076
1 2
2 1 2 3077 4164
2 1 3 5039 5040 8595
1 8
2 1 3 3101 7561 10040
2 1 3 3102 6620 6652
2 1 3 3171 4948 6805
2 1 3 3382 4833 7872
2 1 3 3383 4954 5402
2 1 4 4575 6104 9064 9201
2 1 2 5980 9720
2 1 2 6476 7526
1 1 4 3103 5775 6124 7735
1 1 2 3104 7887
1 1 2 3111 3112
1 1 2 3118 3859
1 2
2 1 2 3122 3124
2 1 3 3123 3125 6637
1 1 2 3130 3131
1 1 2 3132 3133
1 2
2 1 2 3134 3135
2 1 2 7067 8327
1 1 2 3136 7376
1 2
2 1 3 3138 4548 5741
2 1 3 4435 8319 11092
1 2
2 1 2 3139 4522
2 1 2 3140 8013
1 2
2 1 3 3155 3503 5851
2 1 2 7464 7681
1 2
2 1 2 3157 8519
2 1 3 3158 8096 8518
1 2
2 1 2 3163 5210
2 1 2 6918 7700
1 1 3 3173 5518 7249
1 3
2 1 3 3174 6382 8213
2 1 4 5466 6285 6856 8046
2 1 2 8970 10581
1 3
2 1 2 3175 7580
2 1 2 5974 5975
2 1 2 7451 9315
1 1 3 3177 6195 8050
1 1 7 3186 3402 3404 3900 4105 7358 9365
1 2
2 1 2 3190 9818
2 1 2 6602 6603
1 1 2 3193 3194
1 1 2 3200 6049
1 1 2 3222 4623
1 1 2 3244 4565
1 2
2 2
3 1 2 3247 8735
3 1 2 3664 7646
2 1 3 4800 7343 8730
1 2
2 1 4 3249 6258 7288 10383
2 1 2 3970 10378
1 1 3 3250 4095 4434
1 1 2 3253 6894
1 1 3 3254 9495 9497
1 3
2 1 3 3261 8280 10116
2 1 2 4231 10084
2 1 4 8844 10077 10093 10115
1 1 3 3271 5970 10825
1 1 3 3272 3273 8675
1 1 4 3277 3278 3279 6274
1 2
2 1 3 3285 3287 8647
2 1 4 3286 3501 4099 7423
1 1 3 3289 6596 7512
1 1 2 3290 4635
1 1 2 3295 6736
1 1 4 3309 6888 7198 8270
1 1 5 3312 10700 10702 10723 10773
1 2
2 1 2 3313 4347
2 1 2 5525 7914
1 1 3 3315 3316 4889
1 1 5 3318 3319 6871 7058 7269
1 3
2 1 3 3342 5576 5578
2 1 2 5577 6654
2 1 3 5579 5580 6653
1 2
2 1 3 3343 5341 5685
2 1 3 4806 8609 8632
1 1 2 3344 4573
1 2
2 1 2 3347 4831
2 1 3 4828 4832 7984
1 1 3 3348 9419 9489
1 3
2 1 2 3353 5272
2 1 2 3637 6255
2 1 2 5411 7003
1 1 3 3357 3358 6706
1 1 4 3363 6816 6946 11060
1 1 2 3368 10944
1 1 2 3369 3370
1 1 3 3384 5047 10314
1 1 2 3385 8577
1 2
2 1 3 3389 3390 7087
2 1 2 4696 5740
1 7
2 3
3 1 4 3391 4703 4704 6167
3 1 2 3979 9852
3 1 2 9757 9828
2 1 4 3434 4339 9739 9827
2 2
3 1 3 3856 8618 9049
3 1 3 9786 9834 9839
2 2
3 1 4 3857 9751 9858 9860
3 1 4 4338 6039 9044 9045
2 1 2 7410 10638
2 1 3 9042 10635 10636
2 1 2 10639 10652
1 1 2 3394 6981
1 2
2 1 2 3403 4400
2 1 2 5899 5900
1 1 2 3406 9637
1 1 3 3407 4401 6991
1 1 3 3414 3415 10590
1 1 2 3423 5421
1 1 2 3425 7491
1 3
2 1 2 3428 4879
2 1 2 6754 10367
2 1 2 6755 7881
1 3
2 1 3 3432 6759 10989
2 1 2 3433 7656
2 1 2 10752 10760
1 1 3 3435 10772 10782
1 1 2 3436 11236
1 2
2 1 2 3438 4636
2 1 2 4637 7319
1 1 3 3441 9883 9951
1 1 2 3442 9949
1 1 3 3443 3446 7077
1 1 3 3445 7183 11018
1 2
2 1 3 3449 7324 7755
2 2
3 1 2 7083 10573
3 1 3 7590 10574 10575
1 1 2 3456 9482
1 2
2 1 3 3460 9506 11212
2 1 2 8155 8156
1 3
2 1 3 3461 4426 9907
2 1 3 3547 4428 5340
2 1 2 9084 10033
1 2
2 1 3 3467 10799 10802
2 1 2 8090 10800
1 2
2 1 2 3472 6276
2 1 2 4715 5861
1 1 3 3482 3483 3484
1 1 2 3488 6259
1 1 2 3490 5704
1 1 2 3498 3499
1 4
2 1 2 3502 9773
2 1 4 4313 9958 9970 9978
2 1 3 6390 9290 9957
2 1 4 7786 7816 8682 9983
1 1 2 3506 5256
1 3
2 1 3 3507 4740 7685
2 1 2 3606 5224
2 1 2 4039 4741
1 1 2 3511 3512
1 1 3 3513 3514 3515
1 1 2 3519 5780
1 1 2 3531 3532
1 2
2 1 2 3536 4914
2 1 2 3537 8884
1 2
2 1 3 3540 3666 5023
2 1 2 7135 8743
1 1 3 3542 4009 6116
1 1 2 3549 10864
1 2
2 1 2 3550 7991
2 1 2 3932 10957
1 2
2 1 2 3551 7444
2 1 2 7648 10601
1 1 3 3557 7848 11100
1 1 2 3564 11000
1 3
2 1 4 3565 7146 7203 9370
2 1 2 4892 10296
2 1 3 10129 10179 10297
1 1 3 3566 3567 8406
1 2
2 1 2 3568 5086
2 1 3 6630 6631 8113
1 1 2 3576 4267
1 1 3 3595 5459 10269
1 2
2 1 2 3600 7393
2 1 2 3601 7933
1 1 2 3609 5170
1 2
2 1 3 3615 11019 11020
2 1 2 10513 11021
1 1 4 3616 5077 8278 9187
1 1 2 3625 6521
1 1 4 3631 3632 4669 7026
1 2
2 1 3 3636 4176 5784
2 1 5 4162 5046 8612 8613 10669
1 2
2 1 3 3640 5306 8490
2 1 2 4960 10292
1 1 2 3642 10716
1 1 2 3648 5508
1 4
2 2
3 1 2 3658 8022
3 1 2 4653 5197
2 1 3 4253 5153 7287
2 1 4 4652 4654 4655 6248
2 1 3 4990 5365 6264
1 1 2 3660 7032
1 2
2 1 3 3663 8573 8574
2 1 2 8571 8572
1 1 2 3667 4919
1 1 2 3679 7931
1 1 2 3680 3681
1 2
2 1 2 3687 8718
2 1 2 9586 9589
1 1 2 3689 5427
1 2
2 1 2 3707 7858
2 1 2 5360 6240
1 1 3 3709 7342 9719
1 2
2 1 2 3718 6844
2 1 2 10048 10055
1 1 2 3722 7206
1 3
2 1 4 3738 3739 6036 7394
2 1 2 4212 4860
2 1 2 4859 7562
1 1 3 3741 4706 8468
1 3
2 1 2 3750 7519
2 1 4 4121 6964 8353 11167
2 1 3 4242 5545 10897
1 2
2 1 2 3755 4642
2 1 3 4641 4802 10831
1 2
2 1 3 3758 6280 10412
2 1 3 4728 7273 10834
1 2
2 1 2 3761 8809
2 1 2 5319 8922
1 1 2 3766 6293
1 2
2 1 2 3771 3772
2 1 3 7992 7993 7994
1 1 2 3776 7704
1 2
2 1 3 3779 7236 8315
2 1 2 7234 9708
1 3
2 1 4 3785 3786 4281 4282
2 1 2 3787 7300
2 1 2 3788 11095
1 1 2 3794 5761
1 1 3 3800 3801 10837
1 2
2 1 2 3815 4061
2 1 2 4060 4062
1 1 4 3820 5876 10196 10197
1 1 2 3821 10962
1 1 2 3823 10641
1 1 2 3832 3833
1 1 2 3834 11093
1 1 2 3841 5894
1 1 3 3842 3843 7113
1 1 3 3847 3848 6687
1 1 2 3851 4752
1 3
2 1 2 3860 5269
2 1 2 4043 7857
2 1 2 7078 7856
1 1 3 3866 8980 9484
1 1 4 3869 5227 5228 7894
1 1 2 3874 5251
1 1 3 3878 3879 3880
1 1 2 3904 5544
1 1 2 3905 5636
1 1 3 3909 8488 10538
1 1 2 3910 6681
1 1 2 3911 8177
1 1 2 3913 10138
1 5
2 1 2 3934 9976
2 1 2 3935 3936
2 1 3 3937 9752 10500
2 1 4 3938 8638 9977 10519
2 1 2 10497 10518
1 1 2 3941 7313
1 1 2 3942 10155
1 1 3 3958 3959 8162
1 1 2 3974 4893
1 1 3 3992 3993 11097
1 1 3 4001 5419 6174
1 1 2 4011 8345
1 4
2 1 2 4012 9236
2 2
3 1 3 5912 7099 10053
3 1 2 10052 10054
2 1 2 6534 7406
2 1 2 7220 9927
1 1 3 4014 10423 10675
1 1 3 4023 4733 7103
1 1 3 4040 6621 7308
1 1 2 4044 4452
1 2
2 1 4 4052 4080 4456 8926
2 2
3 1 2 8365 8667
3 1 2 8641 10302
1 1 3 4065 4066 6145
1 1 2 4075 11131
1 1 5 4081 7158 7159 7371 9222
1 1 3 4085 4088 7418
1 1 3 4086 4087 7703
1 1 3 4107 9414 9541
1 2
2 1 4 4122 7637 8810 8825
2 1 3 5364 8656 8833
1 3
2 2
3 1 2 4125 10214
3 1 3 4529 10160 10218
2 2
3 1 2 9028 10219
3 1 3 10215 10223 10224
2 1 4 10159 10161 10220 10225
1 1 2 4126 4127
1 2
2 1 2 4129 6532
2 1 2 6172 10070
1 2
2 1 3 4134 6441 8356
2 2
3 1 2 6442 8328
3 1 2 8329 8330
1 5
2 1 3 4143 9108 9113
2 1 3 6239 9110 10482
2 1 3 8134 9109 9114
2 1 2 8308 9116
2 1 2 9112 11045
1 4
2 1 2 4145 8674
2 1 3 4409 6802 9202
2 1 3 4429 8800 8808
2 1 2 5507 6422
1 1 3 4147 6812 8651
1 1 2 4150 8324
1 1 2 4151 10866
1 1 2 4152 11216
1 1 2 4161 8882
1 1 5 4163 5615 6098 6551 7118
1 1 3 4171 4172 5581
1 1 3 4173 5087 7958
1 3
2 1 2 4183 7261
2 1 2 4481 9529
2 1 2 4482 9765
1 1 3 4204 6999 8302
1 1 3 4208 7587 11063
1 1 2 4213 5109
1 1 2 4215 6782
1 1 2 4218 7100
1 1 2 4222 6590
1 1 4 4230 5401 7129 7652
1 1 3 4245 5914 6514
1 1 2 4246 4247
1 2
2 1 2 4254 10717
2 1 3 7459 10733 11010
1 2
2 1 3 4255 10026 10731
2 1 3 6740 7618 10730
1 1 2 4259 9964
1 2
2 1 5 4264 5097 7705 10460 10934
2 1 2 7468 7765
1 1 2 4269 10430
1 1 2 4284 9948
1 1 2 4287 5457
1 1 2 4288 9800
1 1 4 4304 5009 5010 6404
1 3
2 1 2 4308 5677
2 1 3 6253 6539 10287
2 1 3 7683 10256 10288
1 1 3 4322 9548 9549
1 1 3 4330 6550 9188
1 1 2 4331 6215
1 1 2 4335 5847
1 1 3 4353 4354 10240
1 2
2 1 3 4355 5838 7420
2 1 2 5122 6830
1 1 2 4361 4362
1 2
2 1 4 4374 4840 4842 5799
2 1 2 4841 11074
1 1 3 4402 10549 10984
1 3
2 2
3 1 2 4410 4761
3 1 2 6840 9490
2 1 2 6188 8215
2 1 2 6839 8985
1 1 2 4424 4425
1 1 2 4430 9761
1 1 2 4433 6584
1 2
2 1 3 4464 8684 8688
2 1 2 8685 8687
1 1 3 4468 8755 8756
1 2
2 1 3 4475 4480 4682
2 1 3 9396 9499 9584
1 3
2 1 2 4476 8954
2 1 3 6062 8958 10797
2 1 2 6063 6064
1 2
2 1 2 4493 7500
2 1 2 6010 6656
1 1 3 4498 8059 9575
1 2
2 1 6 4505 4506 4509 4510 5366 7395
2 1 2 4507 4508
1 1 2 4511 10498
1 1 3 4530 7718 8478
1 1 2 4532 11085
1 1 3 4546 4547 8346
1 2
2 1 2 4560 8321
2 1 2 5284 10503
1 1 4 4566 8152 9119 9120
1 2
2 1 3 4577 5884 7194
2 1 2 4578 6400
1 1 3 4579 4857 9648
1 1 3 4584 6683 8654
1 1 2 4585 4586
1 1 2 4587 9348
1 1 2 4588 6901
1 2
2 1 4 4591 6642 9418 11111
2 1 3 5753 10946 11240
1 2
2 1 3 4601 10374 11012
2 1 3 5125 6169 10375
1 1 3 4602 8144 8145
1 1 3 4608 4609 4611
1 1 2 4639 9556
1 3
2 2
3 1 3 4651 4994 6988
3 1 2 5584 7822
2 2
3 1 5 4991 4992 5603 6593 8087
3 1 2 5602 5994
2 1 3 4993 5585 7635
1 1 2 4667 10931
1 1 3 4671 7841 7842
1 2
2 1 2 4677 7623
2 1 2 4678 5647
1 1 3 4683 7005 9859
1 3
2 2
3 1 2 4684 6331
3 1 2 5387 5612
2 1 4 5114 6413 7578 10096
2 1 2 5115 7219
1 1 4 4694 4695 10216 10974
1 3
2 2
3 1 2 4699 6907
3 1 2 5051 7471
2 1 3 5246 8378 10600
2 1 4 6085 6910 6911 10580
1 1 2 4702 6056
1 4
2 1 2 4723 6309
2 1 3 6366 8263 8266
2 1 2 8264 8265
2 1 2 8897 8948
1 1 5 4737 4738 4739 4847 4848
1 1 2 4745 11122
1 2
2 1 4 4754 4952 5860 10911
2 2
3 1 2 5092 11254
3 1 2 7928 10909
1 1 3 4763 4764 10424
1 1 2 4766 7710
1 4
2 1 3 4773 10272 10273
2 1 3 5078 10248 10254
2 1 5 10246 10247 10250 10252 10270
2 1 2 10249 10274
1 1 3 4775 4776 4777
1 2
2 1 2 4804 10376
2 1 2 10307 10477
1 1 2 4811 4856
1 1 3 4816 5783 9349
1 2
2 1 2 4826 10458
2 1 2 5943 7380
1 1 3 4829 4830 10952
1 2
2 1 2 4843 9083
2 1 3 6037 6250 8137
1 1 2 4849 6944
1 1 4 4853 5936 6317 6609
1 2
2 1 2 4854 7463
2 1 2 4855 6335
1 1 3 4861 4862 10351
1 1 3 4868 8219 8231
1 1 2 4880 5959
1 1 2 4887 10980
1 1 2 4890 5139
1 1 3 4905 5750 7563
1 1 3 4906 4907 5995
1 2
2 1 2 4910 8665
2 1 4 5327 7173 8661 9526
1 1 3 4923 8768 8876
1 4
2 1 3 4931 5512 9947
2 1 2 7533 9946
2 1 2 7534 8435
2 1 3 10146 10148 10150
1 2
2 1 2 4933 10127
2 1 2 8920 10126
1 1 3 4940 4941 5692
1 1 2 4942 5549
1 1 2 4949 10541
1 1 2 4950 4951
1 3
2 1 2 4956 7769
2 1 2 5605 7150
2 1 2 5606 5781
1 3
2 1 2 4958 8063
2 1 3 6133 7566 10007
2 1 4 10009 10010 10011 10091
1 3
2 1 2 4983 10783
2 1 2 6158 10707
2 1 2 10724 10746
1 2
2 1 2 4987 4988
2 1 2 7817 11067
1 3
2 1 3 5006 6541 9768
2 1 2 7430 10756
2 1 2 10755 10758
1 1 2 5014 5864
1 2
2 1 2 5015 11061
2 1 3 8899 8908 10851
1 2
2 1 2 5024 7731
2 1 2 6296 6823
1 1 4 5034 5035 5036 7202
1 2
2 1 2 5038 7473
2 1 2 6454 8720
1 2
2 1 2 5041 10462
2 1 2 6947 10459
1 1 4 5043 9299 9300 10158
1 1 2 5056 5058
1 1 3 5068 6646 7970
1 5
2 1 2 5091 10603
2 1 3 8479 10583 10584
2 2
3 1 3 10577 10613 10614
3 1 3 10610 10615 10620
2 1 2 10582 10611
2 2
3 1 2 10594 10598
3 1 2 10597 10621
1 1 3 5098 5099 5996
1 1 4 5102 7634 8006 8007
1 2
2 1 3 5104 5772 7728
2 2
3 1 2 7657 10862
3 1 2 8983 10861
1 3
2 1 2 5121 6535
2 1 2 5722 6537
2 1 2 6600 9774
1 1 4 5136 10607 10608 10609
1 1 2 5160 7833
1 1 2 5161 8909
1 1 2 5172 11222
1 1 3 5175 7438 9597
1 1 2 5199 8208
1 1 3 5202 5699 8058
1 1 2 5203 5835
1 6
2 1 3 5208 6817 9570
2 1 2 5842 7809
2 1 3 6102 9568 9571
2 1 2 8403 9574
2 1 2 9433 9479
2 2
3 1 2 9569 9573
3 1 2 9572 9598
1 1 2 5214 10947
1 1 2 5216 5217
1 1 2 5220 6875
1 2
2 1 4 5223 5738 7204 8294
2 1 3 7714 8003 8169
1 1 2 5225 6965
1 1 3 5239 5240 7489
1 1 2 5245 10606
1 2
2 1 3 5247 5248 10496
2 1 3 5249 8057 10495
1 1 3 5253 9229 9267
1 1 4 5262 5263 5264 6031
1 1 2 5268 11075
1 1 4 5271 5465 10130 10445
1 1 3 5274 5276 11242
1 1 3 5289 5927 7270
1 1 3 5299 5395 9611
1 1 2 5300 6585
1 2
2 2
3 1 2 5304 8575
3 1 3 5379 5381 11048
2 1 3 5380 7588 9270
1 1 2 5311 10987
1 2
2 1 2 5315 5316
2 1 3 8889 8890 8891
1 1 4 5322 5323 5325 8489
1 2
2 1 3 5324 5833 8457
2 1 2 8055 9430
1 1 2 5329 8426
1 4
2 1 2 5330 9468
2 1 2 8077 9466
2 1 2 8235 9463
2 1 4 9458 9464 9465 10935
1 1 2 5331 5332
1 1 2 5356 9961
1 4
2 1 5 5359 9403 11007 11014 11056
2 1 3 5620 8158 11015
2 1 3 6095 10907 11011
2 1 2 10875 11013
1 2
2 2
3 1 3 5361 10585 10587
3 1 2 8114 10586
2 1 3 5788 6221 10854
1 2
2 1 2 5370 8712
2 1 2 6973 7952
1 1 3 5373 5464 7870
1 2
2 1 2 5374 9206
2 1 2 9477 9478
1 3
2 1 2 5386 10034
2 1 3 6052 6963 10377
2 1 2 9536 10471
1 1 3 5400 7440 11189
1 1 4 5404 5731 8039 9945
1 1 2 5406 7333
1 2
2 1 2 5415 10820
2 1 2 8974 8984
1 1 3 5418 9133 10198
1 1 2 5425 5426
1 1 3 5428 5429 5430
1 1 2 5434 6825
1 1 2 5447 6799
1 1 2 5449 5462
1 2
2 1 3 5460 5461 10903
2 1 2 10899 10904
1 2
2 1 2 5467 7029
2 1 2 6342 10365
1 1 2 5484 5485
1 1 3 5502 5503 11103
1 2
2 1 3 5504 10326 10433
2 1 2 6904 7792
1 1 3 5528 5529 7767
1 1 3 5537 9884 11151
1 2
2 1 2 5551 6076
2 1 2 5552 5555
1 1 3 5561 5562 5589
1 1 3 5569 8433 9261
1 3
2 1 2 5570 6939
2 1 2 5571 7391
2 1 2 6164 6165
1 1 3 5582 7340 7721
1 1 3 5586 5638 7850
1 1 3 5588 10350 10356
1 1 2 5597 6241
1 1 3 5598 6410 8606
1 1 3 5604 9385 10260
1 1 3 5607 5608 6626
1 1 3 5611 10152 10948
1 1 2 5618 10416
1 1 2 5631 7586
1 3
2 1 2 5642 6686
2 1 5 6464 6762 6833 8047 9992
2 1 2 6763 9993
1 1 3 5654 6099 6100
1 1 2 5657 5658
1 1 3 5667 5668 5669
1 1 3 5686 6113 10969
1 1 2 5710 5711
1 1 2 5735 5736
1 1 3 5745 5746 7649
1 1 2 5751 8961
1 1 4 5752 5955 8639 9896
1 1 3 5756 5757 5758
1 1 2 5763 6929
1 1 2 5766 6091
1 1 2 5776 6543
1 1 2 5785 7483
1 1 3 5789 5790 5791
1 1 2 5794 5795
1 1 2 5822 6729
1 1 3 5829 5830 9183
1 1 2 5834 6808
1 1 2 5843 7987
1 3
2 1 3 5844 9501 10651
2 1 3 8122 9502 9503
2 1 3 9048 9500 9504
1 1 2 5855 8269
1 1 2 5866 6874
1 1 2 5872 6997
1 1 3 5886 7161 11099
1 1 3 5918 5919 10956
1 1 3 5932 5933 10201
1 1 2 5944 7684
1 1 2 5979 11147
1 1 2 5990 7609
1 2
2 1 2 5991 11237
2 1 2 5992 8619
1 1 3 5993 6336 10434
1 1 4 6000 6001 10457 10849
1 1 2 6034 6035
1 1 2 6066 6722
1 2
2 1 2 6072 7320
2 1 2 6073 6200
1 1 2 6077 6359
1 1 3 6078 6713 9545
1 2
2 1 2 6080 10046
2 1 3 7263 7264 7697
1 1 2 6084 7633
1 2
2 1 2 6101 7636
2 1 2 8354 8542
1 1 3 6110 6111 9979
1 1 2 6112 10940
1 1 2 6120 6121
1 1 3 6131 6132 8214
1 1 2 6154 10895
1 1 2 6159 10221
1 1 4 6160 6161 9411 11214
1 1 2 6163 6397
1 1 3 6191 8938 8942
1 1 3 6223 9019 10642
1 2
2 1 2 6247 9117
2 1 2 7942 9118
1 1 2 6260 6261
1 1 3 6266 9798 9799
1 1 3 6278 6312 6313
1 1 2 6338 9171
1 1 3 6339 6340 6916
1 1 4 6346 7267 7825 11016
1 1 3 6349 6350 6351
1 1 3 6355 9869 9870
1 1 3 6364 9398 9485
1 1 2 6365 8238
1 2
2 1 3 6375 6811 9781
2 1 2 6376 9779
1 3
2 1 2 6377 7467
2 1 2 7228 7465
2 1 2 10199 10979
1 1 2 6378 7591
1 1 2 6393 6394
1 1 2 6402 6403
1 1 3 6406 6407 10777
1 1 2 6409 7068
1 1 2 6417 9238
1 1 2 6426 7924
1 1 2 6436 8987
1 1 2 6440 10908
1 1 2 6444 10226
1 1 3 6451 6452 8060
1 1 3 6465 7716 7717
1 1 2 6473 6474
1 1 2 6478 6479
1 1 3 6492 7281 7282
1 2
2 1 3 6502 6503 9338
2 1 3 9334 9336 9337
1 1 2 6506 6507
1 1 3 6527 10166 10905
1 1 2 6554 9441
1 2
2 1 2 6559 6957
2 1 2 6560 9824
1 1 2 6586 9851
1 1 2 6601 6984
1 1 2 6616 6712
1 1 2 6618 6619
1 1 2 6628 8434
1 1 2 6644 8084
1 1 3 6650 7604 9745
1 1 2 6651 7698
1 1 2 6665 7837
1 1 3 6666 7364 7365
1 1 3 6674 10441 10442
1 1 3 6682 7387 7396
1 1 3 6696 8880 8881
1 1 2 6699 6700
1 2
2 1 3 6707 8798 8799
2 1 3 8793 8794 8795
1 1 2 6728 6913
1 1 2 6730 7178
1 2
2 1 2 6735 7757
2 1 3 7758 9558 9559
1 1 3 6750 7092 10300
1 1 2 6758 8098
1 1 3 6771 6772 10622
1 1 2 6780 8291
1 1 3 6813 6814 8549
1 1 2 6847 10301
1 1 2 6848 8124
1 1 2 6862 7460
1 2
2 1 3 6868 9920 11219
2 1 2 9906 9975
1 1 2 6876 6877
1 1 2 6882 8611
1 1 2 6883 7296
1 1 2 6891 7672
1 2
2 1 2 6898 11205
2 1 2 6899 7888
1 1 3 6902 6903 7674
1 1 3 6926 6927 10173
1 1 2 6932 7482
1 1 2 6948 7181
1 2
2 1 2 6949 10747
2 1 2 6950 9082
1 1 3 6960 7373 7374
1 1 2 6989 7162
1 1 3 6993 6994 7779
1 1 2 6998 8303
1 2
2 1 3 7006 9168 9277
2 1 3 9166 9167 9169
1 1 3 7010 7011 8025
1 1 2 7012 8663
1 1 2 7015 9583
1 1 3 7031 7955 7956
1 1 3 7049 8509 8511
1 1 3 7105 7106 10780
1 1 2 7132 8212
1 1 3 7136 7137 7732
1 1 2 7148 7401
1 1 2 7151 7416
1 1 3 7152 9525 10919
1 1 3 7157 8442 9973
1 1 2 7179 8411
1 1 2 7192 9969
1 1 2 7197 8016
1 1 2 7200 10359
1 1 3 7221 8284 10373
1 1 2 7245 9524
1 1 3 7247 7248 9564
1 1 2 7292 10074
1 1 2 7294 7531
1 1 3 7298 7411 7922
1 2
2 1 2 7299 9287
2 1 3 9285 9286 9288
1 1 3 7301 9163 9164
1 1 3 7306 10035 10073
1 1 3 7312 8627 11210
1 1 2 7326 10315
1 1 2 7336 7337
1 2
2 1 3 7352 7353 7355
2 1 3 7354 7597 10792
1 1 2 7369 7771
1 1 2 7383 8012
1 1 2 7385 7386
1 1 2 7389 11038
1 1 3 7399 8373 10779
1 2
2 1 3 7413 8548 10203
2 1 2 10021 10616
1 1 3 7432 8396 8398
1 3
2 1 3 7435 7839 9093
2 1 2 8168 9088
2 1 2 9094 9095
1 3
2 1 2 7439 10679
2 1 5 9454 9734 10677 10678 10681
2 1 2 10645 10680
1 1 2 7453 11173
1 1 3 7469 9823 10227
1 2
2 1 4 7493 9594 9596 10990
2 1 2 9592 9593
1 1 2 7515 7863
1 1 2 7527 9195
1 1 2 7546 8766
1 1 2 7547 11041
1 1 2 7550 8391
1 1 2 7552 10524
1 1 2 7556 7557
1 1 2 7567 10951
1 1 4 7570 7571 9923 9967
1 2
2 1 3 7574 8095 9579
2 1 3 9397 9580 11023
1 1 2 7584 7788
1 1 2 7612 10721
1 1 2 7628 7904
1 1 2 7643 7882
1 1 3 7645 10352 10355
1 1 2 7650 10043
1 1 3 7658 9547 10111
1 1 2 7667 10818
1 1 2 7696 11006
1 1 2 7726 8534
1 1 2 7733 7734
1 1 2 7741 9194
1 2
2 1 2 7744 10000
2 1 2 9995 10001
1 1 2 7753 7754
1 1 2 7784 9918
1 2
2 1 2 7793 7794
2 1 2 9513 9649
1 2
2 1 2 7804 10437
2 1 2 7805 10438
1 1 2 7861 8040
1 1 2 7873 8472
1 1 4 7884 7885 10478 10507
1 1 3 7890 10699 10784
1 1 2 7891 9856
1 1 2 7925 9604
1 1 2 7935 11156
1 1 2 7936 11208
1 1 2 7951 8104
1 1 2 7957 8739
1 3
2 1 2 7972 9655
2 1 2 9656 9657
2 1 2 9658 9707
1 1 2 8023 8140
1 3
2 1 3 8031 10195 10978
2 1 2 8207 10182
2 1 2 10180 10181
1 1 3 8032 10169 10239
1 3
2 1 2 8036 9054
2 1 2 9020 9057
2 1 3 9055 9056 9059
1 1 3 8147 9729 9730
1 1 2 8173 9682
1 1 2 8199 8200
1 1 2 8204 8205
1 1 2 8209 8210
1 1 4 8220 8221 8224 8225
1 1 4 8227 8228 8232 8242
1 1 3 8229 8230 8245
1 1 3 8243 10335 10336
1 1 3 8253 10322 10323
1 1 2 8259 8260
1 1 2 8261 10656
1 1 2 8267 9908
1 2
2 1 2 8296 9743
2 1 2 10449 10450
1 1 2 8334 8348
1 2
2 2
3 1 4 8335 8337 8339 8342
3 1 2 8336 8340
2 1 3 8338 8341 8343
1 1 2 8367 10964
1 1 3 8382 8383 8384
1 1 2 8388 8761
1 1 2 8394 8395
1 1 2 8397 8399
1 1 3 8412 8413 10153
1 1 3 8431 10188 10509
1 1 2 8439 8440
1 2
2 1 2 8444 10540
2 1 2 9909 11184
1 1 2 8445 8446
1 1 2 8452 8453
1 1 2 8460 8623
1 1 2 8462 8463
1 1 2 8464 11064
1 1 2 8493 10728
1 1 2 8495 10623
1 1 3 8524 8525 8527
1 1 3 8526 8528 8536
1 3
2 1 3 8530 10022 10202
2 1 2 8531 10617
2 1 2 8532 10020
1 1 2 8533 8848
1 2
2 1 2 8546 10345
2 1 2 9405 10370
1 1 2 8582 8584
1 2
2 1 3 8603 10806 10807
2 1 3 10763 10805 10808
1 1 2 8629 9633
1 1 2 8643 8670
1 1 3 8657 8804 8827
1 1 3 8659 8660 8662
1 1 3 8702 8703 8704
1 1 2 8705 8706
1 1 3 8714 8715 8716
1 1 2 8721 8722
1 1 2 8729 10112
1 3
2 1 3 8748 8752 8754
2 1 2 8749 8750
2 1 2 8751 8753
1 1 2 8764 8765
1 1 2 8777 8779
1 1 2 8796 8802
1 1 2 8811 8812
1 1 2 8813 8814
1 1 2 8826 11166
1 1 3 8841 8842 8843
1 1 2 8873 8875
1 1 2 8904 8905
1 1 2 8914 11091
1 1 2 8931 8932
1 1 3 8933 8935 8936
1 1 2 8945 10814
1 1 2 8946 8952
1 1 2 8950 9841
1 1 2 8951 9007
1 1 2 8963 8964
1 1 2 8966 10739
1 2
2 1 3 9003 9004 9033
2 1 2 9005 10640
1 1 3 9017 9018 9022
1 2
2 1 2 9025 9026
2 1 2 9027 9032
1 1 2 9039 9041
1 1 2 9052 9053
1 1 3 9063 10267 10268
1 1 2 9065 11171
1 1 2 9071 9284
1 1 3 9074 9075 9076
1 1 3 9089 9863 10372
1 1 3 9090 9091 9096
1 1 2 9098 9099
1 1 2 9115 9628
1 1 2 9121 10576
1 1 2 9122 11221
1 1 2 9130 9139
1 1 4 9132 10207 10209 10211
1 2
2 1 2 9136 9137
2 1 2 9138 9145
1 1 3 9140 9141 10985
1 1 3 9144 10258 10259
1 1 2 9152 9153
1 1 2 9170 9282
1 1 2 9186 9921
1 1 2 9198 9199
1 1 3 9208 9253 9254
1 1 2 9211 9234
1 3
2 1 3 9219 9220 9239
2 1 2 9240 9250
2 1 2 9249 9257
1 1 2 9225 9226
1 1 3 9227 9241 9248
1 1 2 9251 9259
1 1 3 9252 9265 9266
1 1 2 9311 9953
1 1 3 9331 9332 9333
1 1 2 9366 9367
1 3
2 1 3 9391 9519 9522
2 1 3 9392 9520 9523
2 1 2 9393 9521
1 1 2 9401 11226
1 1 2 9406 10384
1 1 2 9416 9417
1 1 2 9451 9684
1 1 2 9455 11009
1 1 2 9460 9461
1 1 2 9470 10906
1 1 2 9510 10286
1 2
2 1 3 9533 9534 9624
2 1 2 9623 9625
1 1 2 9550 9552
1 1 3 9553 9554 9557
1 1 2 9599 9600
1 1 2 9605 9606
1 1 2 9607 9626
1 1 2 9609 9616
1 1 3 9672 9673 9674
1 1 2 9675 9676
1 1 2 9677 9784
1 2
2 1 2 9678 10795
2 1 2 10448 10796
1 1 2 9679 9680
1 1 2 9685 9686
1 1 2 9687 9688
1 2
2 1 2 9690 9702
2 1 2 9691 9698
1 3
2 2
3 1 3 9692 9699 9711
3 1 2 9700 9737
2 2
3 1 2 9701 9704
3 1 2 9703 9705
2 1 2 9709 9710
1 1 3 9712 9713 10382
1 1 2 9736 9738
1 1 2 9740 9804
1 1 2 9746 9747
1 1 2 9748 9754
1 1 2 9756 9785
1 1 2 9758 9759
1 1 3 9762 9763 9764
1 1 3 9794 9795 10413
1 1 3 9819 9820 9865
1 1 3 9825 9826 9836
1 1 3 9830 10044 10045
1 1 2 9837 9838
1 1 3 9844 10348 10719
1 1 2 9854 11017
1 1 2 9861 11163
1 1 2 9866 9867
1 1 2 9898 9950
1 1 2 9901 9905
1 1 2 9903 9904
1 2
2 1 2 9913 10346
2 1 3 9914 10821 10822
1 1 2 9916 9917
1 1 2 9931 9941
1 1 2 9972 10147
1 1 2 9990 9991
1 1 2 10006 10107
1 2
2 1 2 10012 10018
2 1 2 10039 10131
1 2
2 1 2 10019 10644
2 1 2 10023 10094
1 1 3 10024 10027 10151
1 1 3 10030 10031 10032
1 1 2 10051 10943
1 1 2 10097 10098
1 1 2 10132 10133
1 1 2 10135 10136
1 2
2 1 2 10140 10141
2 1 2 10142 10192
1 1 2 10145 10187
1 1 3 10171 10554 10555
1 1 2 10193 10194
1 1 2 10200 10618
1 1 2 10204 10208
1 1 2 10228 10229
1 2
2 1 2 10241 10244
2 1 2 10245 10271
1 1 2 10242 10243
1 1 2 10261 10304
1 2
2 1 3 10277 10278 10282
2 1 2 10279 10280
1 1 2 10305 10306
1 1 3 10310 10815 10816
1 1 3 10321 10325 10328
1 1 2 10329 10330
1 1 2 10339 10354
1 1 2 10366 10368
1 1 3 10420 10421 10422
1 1 2 10435 10436
1 1 3 10440 10525 10526
1 1 2 10443 10444
1 1 2 10483 10484
1 1 2 10488 10501
1 1 2 10493 10494
1 1 2 10499 10505
1 1 2 10536 10537
1 1 2 10592 10593
1 1 2 10604 10605
1 1 2 10665 11027
1 1 2 10673 10674
1 1 4 10676 10697 10745 10774
1 2
2 1 2 10682 10775
2 1 3 10686 10687 10725
1 1 2 10736 10737
1 1 2 10757 10804
1 2
2 1 3 10766 10767 10768
2 1 2 10769 10771
1 1 2 10781 10955
1 1 2 10790 10793
1 1 2 10817 10819
