0 281
1 20
2 16
3 2
4 1 36 0 1790 2655 3126 3231 3533 3657 4059 4076 4531 4541 5609 5880 6222 7207 7260 7680 7796 7862 8187 8237 8443 9029 9601 9634 9639 9669 10353 10473 10591 10653 10900 11001 11139 11225 11250
4 1 2 10604 10605
3 4
4 2
5 1 2 1030 2953
5 1 2 2232 4946
4 1 5 1784 8758 8973 9620 10872
4 1 2 2382 8268
4 1 2 5766 6091
3 3
4 2
5 1 2 1787 8469
5 1 3 8458 8470 8476
4 2
5 1 3 2138 8473 8972
5 1 2 8471 8474
4 1 2 8475 8592
3 1 4 2650 6522 8962 10602
3 1 3 3471 3751 8512
3 1 2 3821 10962
3 1 3 4173 5087 7958
3 1 3 4683 7005 9859
3 1 4 5136 10607 10608 10609
3 1 3 5715 5716 5717
3 1 2 6365 8238
3 2
4 1 2 6559 6957
4 1 2 6560 9824
3 1 3 7247 7248 9564
3 1 2 9052 9053
3 1 2 10135 10136
3 1 3 10533 10534 10535
2 5
3 3
4 1 5 29 30 31 32 7043
4 2
5 2
6 1 2 218 2279
6 1 2 478 5200
5 1 2 9423 9424
4 3
5 1 3 219 220 3887
5 1 2 221 11030
5 1 4 224 225 476 5651
3 4
4 2
5 1 3 171 1514 2311
5 1 3 252 280 11114
4 3
5 1 3 173 6115 6489
5 1 4 247 248 6580 6581
5 1 3 285 1512 1517
4 2
5 1 6 475 1516 2378 3023 3183 4628
5 1 3 1980 3997 5055
4 2
5 1 3 4337 7939 10407
5 1 2 9901 9905
3 4
4 3
5 1 5 217 222 223 3377 4323
5 2
6 1 2 534 7378
6 1 3 2309 2376 8934
5 1 3 1554 2377 6914
4 2
5 2
6 1 4 249 2308 3374 8133
6 1 2 2383 4701
5 1 4 1399 1513 2310 6977
4 2
5 1 3 449 2379 4377
5 1 3 477 8668 9912
4 1 3 1078 3456 9482
3 2
4 1 4 1140 1822 6627 6629
4 2
5 1 2 4570 10481
5 1 2 5440 7485
3 4
4 1 3 1396 6651 7698
4 2
5 1 3 1515 9671 10637
5 1 2 5566 9887
4 1 5 1779 4536 5567 7041 9897
4 1 2 2381 8747
2 3
3 3
4 1 4 34 1326 5676 5679
4 1 3 5563 5881 7224
4 1 2 5564 5902
3 3
4 1 2 1029 8513
4 1 2 3980 8557
4 1 2 5680 10358
3 1 2 5678 8514
2 6
3 2
4 2
5 1 2 165 9888
5 1 2 4063 5521
4 2
5 1 2 2271 11154
5 1 2 7265 7266
3 3
4 2
5 1 2 437 2727
5 1 3 6572 6864 10556
4 1 3 4248 4546 8346
4 1 3 5592 6865 8355
3 2
4 2
5 1 4 2753 5769 5771 8164
5 1 2 4300 5770
4 1 2 2813 6555
3 3
4 1 5 2905 4027 5391 7829 7985
4 2
5 1 3 4025 5002 7062
5 1 3 5802 7061 10871
4 1 3 4026 6641 11200
3 2
4 1 3 4591 6642 11111
4 1 3 5753 9418 11240
3 1 3 5289 5927 7270
2 7
3 3
4 2
5 1 3 170 831 7271
5 1 2 7954 9310
4 1 4 277 10405 10406 10508
4 1 5 2615 2616 2617 6453 10410
3 2
4 2
5 1 2 262 8170
5 1 2 278 9528
4 1 3 2207 3288 7832
3 2
4 1 5 264 271 272 273 4850
4 2
5 1 3 276 283 9422
5 1 3 281 6283 9531
3 2
4 1 3 269 270 1293
4 2
5 1 3 274 2208 5878
5 1 2 2775 9309
3 2
4 2
5 1 2 286 4915
5 1 2 5966 7725
4 2
5 1 2 527 4837
5 1 2 5326 7345
3 2
4 1 3 1705 4342 6931
4 1 2 3269 11107
3 2
4 2
5 1 2 2278 2399
5 1 2 2402 3894
4 2
5 1 3 5247 5248 10496
5 1 3 5249 8057 10495
2 7
3 2
4 1 4 172 1004 3225 3226
4 1 2 1474 3224
3 3
4 1 4 174 830 833 834
4 1 3 832 4736 7666
4 1 2 3228 6501
3 2
4 1 3 259 4981 4982
4 1 3 1003 6612 7711
3 3
4 1 3 1328 2274 7258
4 2
5 1 2 3185 3917
5 1 2 3918 5800
4 1 4 5573 6520 6613 10461
3 2
4 2
5 1 2 3227 6836
5 1 2 8039 9947
4 1 2 5404 9945
3 2
4 1 2 3313 4347
4 1 2 5525 7914
3 3
4 1 3 4931 7533 9946
4 1 3 9972 10147 10150
4 1 2 10146 10148
2 4
3 3
4 1 2 250 7390
4 1 5 251 255 4112 8171 9530
4 1 3 4883 7799 11130
3 2
4 1 3 253 254 4936
4 1 2 4423 9527
3 1 3 282 2776 4111
3 3
4 1 3 1292 4412 7689
4 1 3 5293 7081 7082
4 1 3 9085 9086 9087
2 8
3 4
4 2
5 1 4 256 257 8314 9532
5 1 3 267 279 9944
4 2
5 1 3 266 268 8494
5 1 2 4858 9077
4 2
5 1 5 284 4388 7437 9078 10263
5 1 3 575 7996 10299
4 1 2 3754 3759
3 3
4 2
5 1 2 258 11115
5 1 2 3296 3925
4 1 3 622 3923 5617
4 1 2 3924 5818
3 4
4 3
5 1 2 260 263
5 1 2 2097 2099
5 1 2 10366 10368
4 3
5 1 2 261 5650
5 1 2 3883 7548
5 1 2 4029 5292
4 2
5 1 2 275 5920
5 1 3 5410 6940 6941
4 1 2 2098 8143
3 2
4 2
5 1 2 835 9663
5 1 4 2611 4389 5250 5275
4 1 3 5274 5276 11242
3 4
4 3
5 1 3 1678 6719 10298
5 1 3 3559 3778 7545
5 1 2 7940 8014
4 2
5 1 3 1974 3780 7237
5 1 2 5618 10416
4 2
5 1 2 1986 6038
5 1 2 4950 4951
4 2
5 1 2 2126 4279
5 1 2 5743 10550
3 2
4 2
5 1 2 5570 6939
5 1 2 5571 7391
4 1 2 6164 6165
3 1 3 6527 10166 10905
3 3
4 1 3 7435 7839 9093
4 1 2 8168 9088
4 1 2 9094 9095
2 4
3 3
4 1 3 870 2984 4469
4 1 2 871 872
4 1 3 873 3455 5389
3 2
4 1 5 1544 2380 3375 3376 8252
4 1 3 5118 7115 9369
3 2
4 1 3 3909 8488 10538
4 2
5 1 3 4467 5119 5120
5 1 2 8480 8481
3 1 3 7645 10352 10355
2 3
3 3
4 2
5 1 3 876 2713 2714
5 1 2 3429 8522
4 1 3 1815 1816 8510
4 1 2 2847 5246
3 3
4 1 4 1252 6433 6434 7080
4 1 3 4774 9079 9081
4 1 2 9080 9314
3 2
4 2
5 2
6 1 2 3428 4879
6 1 2 6754 10367
5 1 2 6755 7881
4 2
5 1 2 4843 9083
5 1 3 6037 6250 8137
2 6
3 3
4 1 4 1033 1321 5565 10504
4 1 2 1954 1955
4 1 4 6000 6001 10457 10849
3 2
4 2
5 1 3 1315 7251 10408
5 1 3 5209 8085 10402
4 1 4 1473 4380 5901 7836
3 3
4 1 4 1952 3895 7775 7776
4 2
5 1 2 3551 7444
5 1 2 7648 10601
4 1 2 6086 10403
3 3
4 1 2 2373 7250
4 1 2 6219 7906
4 1 3 6942 6943 7743
3 3
4 1 2 4627 6227
4 1 2 6299 6937
4 1 2 6936 6938
3 2
4 2
5 1 2 6122 7243
5 1 2 10401 10409
4 1 2 6486 10404
2 4
3 2
4 1 2 1237 8433
4 1 2 5855 8269
3 2
4 1 4 1707 7211 10447 10933
4 1 2 6948 7181
3 2
4 1 2 5512 5569
4 1 2 7534 8435
3 2
4 1 2 6628 8434
4 1 2 7366 9261
2 3
3 2
4 1 2 1394 6951
4 1 2 1395 6040
3 1 3 1397 1476 7543
3 1 4 6650 8760 9612 9615
2 4
3 1 3 1644 9602 9632
3 2
4 1 3 3634 9301 9629
4 1 2 8637 9614
3 1 5 5298 8244 9618 9631 9635
3 1 4 8271 9608 9621 9630
2 2
3 1 3 1770 1771 1772
3 1 4 1773 2755 5037 9365
2 2
3 1 3 1956 2400 2401
3 2
4 1 2 3022 3396
4 1 3 3774 3775 6930
2 3
3 1 3 3441 9883 9951
3 1 2 3442 9949
3 1 2 5794 5795
2 2
3 1 3 5751 5752 8961
3 1 3 5955 8639 9896
2 2
3 1 4 6868 9902 9920 11219
3 1 2 9906 9975
2 1 4 7884 7885 10478 10507
1 21
2 5
3 3
4 1 3 1 965 6168
4 1 3 883 8029 8030
4 1 3 884 2954 4544
3 2
4 1 4 3 91 1670 2565
4 2
5 1 2 1568 1673
5 1 3 1572 2976 4216
3 3
4 1 3 52 10631 11092
4 1 4 617 4545 9381 10566
4 1 3 1569 1570 5003
3 3
4 2
5 1 3 92 4871 4872
5 1 2 2797 3040
4 2
5 1 3 874 1671 3039
5 1 2 1672 3041
4 1 3 2795 3037 4144
3 1 4 2756 3159 3359 6505
2 5
3 2
4 2
5 1 3 9 461 3703
5 1 3 9372 9376 9377
4 2
5 1 2 465 6189
5 1 3 466 2572 9374
3 2
4 1 3 313 9373 9380
4 1 3 2340 3105 11005
3 2
4 2
5 1 2 614 616
5 1 2 615 5029
4 1 2 7696 11006
3 3
4 2
5 1 2 2341 5028
5 1 2 2773 5025
4 1 2 3106 9379
4 1 3 9039 9041 9382
3 2
4 1 2 8945 10814
4 1 2 8955 8956
2 8
3 5
4 3
5 1 2 12 6270
5 1 3 815 2643 5198
5 1 2 3705 7620
4 1 4 15 2062 2213 9428
4 1 3 24 7567 10951
4 2
5 2
6 1 2 1159 3591
6 1 2 3796 6720
5 2
6 1 2 2015 3328
6 1 2 3327 3783
4 1 4 6364 9398 9485 9731
3 6
4 2
5 1 2 14 6870
5 1 4 3712 5963 6045 6046
4 1 9 53 352 1681 3440 4813 7595 10595 10914 11079
4 1 3 2145 6589 7275
4 1 2 3679 7931
4 1 2 7179 8411
4 1 2 8036 9054
3 4
4 1 4 27 2607 5283 6047
4 3
5 1 2 1117 4333
5 1 3 2091 2816 8160
5 1 2 3241 8067
4 2
5 1 3 1510 4969 5727
5 2
6 1 2 1552 2810
6 1 2 1922 2259
4 2
5 1 3 2197 2198 4968
5 1 3 2241 4755 10546
3 4
4 2
5 2
6 1 2 304 11050
6 1 2 306 10627
5 1 2 1854 8710
4 1 5 1560 2017 3205 9404 9456
4 1 3 2576 4198 7849
4 1 4 4783 6294 9471 9473
3 3
4 2
5 1 2 422 10734
5 2
6 1 2 3204 6794
6 1 2 5915 6885
4 1 4 879 5127 9402 9483
4 2
5 1 3 1190 1551 9539
5 1 4 9472 9537 9538 9668
3 3
4 2
5 1 3 813 3341 6594
5 1 2 3851 4752
4 1 4 1550 3401 9459 10961
4 1 5 2016 3850 6007 6237 7415
3 2
4 1 4 1053 1054 4911 9413
4 2
5 1 2 1290 1291
5 1 2 5843 7987
3 3
4 2
5 1 2 1096 4395
5 1 2 1097 4394
4 1 5 2465 2466 4049 6300 6301
4 1 4 2942 3639 3747 5541
2 8
3 4
4 3
5 1 4 13 1466 2144 3784
5 1 3 245 2254 7911
5 1 2 308 425
4 2
5 1 3 164 3808 9803
5 2
6 1 4 423 814 3590 5767
6 1 2 1406 5414
4 1 3 2701 3804 9036
4 2
5 2
6 1 2 3598 3599
6 1 2 3600 7393
5 1 2 3601 7933
3 4
4 3
5 1 3 300 7706 8588
5 1 2 305 4967
5 1 2 3625 6521
4 2
5 1 3 590 3939 4515
5 1 3 3807 5820 8979
4 2
5 1 3 1496 1879 7452
5 1 2 6176 7537
4 2
5 1 2 5625 5626
5 1 2 6175 10646
3 2
4 1 3 302 2109 2111
4 1 2 2108 4478
3 3
4 2
5 1 2 303 9378
5 1 2 359 3806
4 1 2 310 7377
4 1 4 812 5420 10912 10913
3 3
4 1 3 307 4344 5165
4 1 2 1407 5712
4 2
5 1 3 3891 4387 10690
5 1 2 10684 10703
3 3
4 2
5 1 2 309 5863
5 1 2 770 8550
4 2
5 1 2 424 5916
5 1 2 772 3326
4 1 3 2486 3781 7868
3 4
4 2
5 1 2 361 3805
5 1 2 8150 9868
4 2
5 1 2 582 5243
5 1 2 7784 9918
4 2
5 1 2 1195 1871
5 1 2 8978 8981
4 1 3 1640 7060 7693
3 2
4 1 3 818 819 6923
4 1 2 1501 9566
2 6
3 2
4 2
5 1 2 16 4985
5 1 2 4986 7227
4 2
5 1 2 1511 3087
5 1 2 3609 5170
3 2
4 1 3 244 2252 4239
4 1 3 2819 4729 5079
3 1 3 301 9246 11181
3 2
4 1 5 2034 2035 6310 6745 11176
4 1 3 2072 10144 10928
3 3
4 1 3 2266 3795 8018
4 1 4 2608 3799 4730 8042
4 1 2 4742 8746
3 2
4 1 2 6395 8025
4 1 2 7010 7011
2 9
3 4
4 1 5 21 26 2603 4895 7860
4 1 4 22 23 2604 11199
4 1 3 25 915 2605
4 2
5 1 3 28 5090 11198
5 1 2 2398 11196
3 8
4 1 7 64 6297 9189 10809 10930 11070 11072
4 1 3 3042 3788 10414
4 2
5 1 2 3578 9196
5 1 2 9191 9197
4 1 2 3960 8001
4 1 2 6402 6403
4 1 2 6426 7924
4 1 2 6961 8289
4 1 2 8721 8722
3 4
4 2
5 1 2 403 7566
5 1 2 6133 10007
4 1 2 4958 8063
4 1 3 6926 6927 10173
4 1 4 10009 10010 10011 10091
3 3
4 2
5 1 3 893 916 10008
5 1 3 1549 1562 5696
4 3
5 1 3 1156 5543 11069
5 1 2 4320 11197
5 1 2 5542 6890
4 1 2 3109 3239
3 2
4 1 2 894 11071
4 1 2 895 5700
3 3
4 1 3 1477 9525 11095
4 1 2 7152 10919
4 1 3 7806 10898 10915
3 2
4 1 2 1509 2146
4 1 2 2147 10874
3 1 4 1561 3043 4103 4479
3 1 3 8041 8322 8323
2 5
3 1 4 60 3449 7324 7755
3 2
4 2
5 1 2 61 5821
5 1 2 353 7937
4 1 3 3450 4836 8593
3 2
4 1 3 4661 6362 7083
4 2
5 1 2 7590 10573
5 1 2 10574 10575
3 1 3 5104 7728 9842
3 1 3 7335 10764 10765
2 4
3 2
4 1 3 65 462 9802
4 2
5 1 3 2710 3007 10156
5 1 2 3621 3622
3 2
4 2
5 1 2 573 10869
5 1 2 10661 10870
4 1 2 4225 10868
3 2
4 1 3 1585 4254 10717
4 1 3 7612 10720 10721
3 2
4 1 4 2239 4245 5914 6514
4 1 3 7459 10733 11010
2 5
3 1 12 89 829 2275 4149 4676 5314 6187 6757 7569 10879 11109 11235
3 3
4 1 3 2824 5938 5939
4 1 2 6492 7282
4 1 3 6848 7281 8124
3 1 3 6677 6678 8298
3 1 2 7070 8184
3 1 2 8173 9682
2 4
3 1 4 100 1450 6953 11119
3 2
4 1 4 1904 4437 4462 7720
4 1 5 3444 4590 5694 9061 10357
3 2
4 1 2 2238 3446
4 1 2 3443 7077
3 2
4 1 4 3445 7118 7183 11018
4 1 3 6741 7936 11208
2 5
3 2
4 2
5 1 2 180 5018
5 1 2 741 10701
4 1 3 6674 10441 10442
3 3
4 2
5 1 2 738 6983
5 1 2 10485 10489
4 1 3 2744 4881 10901
4 1 3 5163 5164 8078
3 3
4 2
5 1 2 854 10480
5 1 2 855 3334
4 2
5 1 2 1392 10562
5 1 2 8975 10561
4 1 4 8976 9780 10829 10830
3 3
4 2
5 1 3 2013 10479 11129
5 1 3 7528 7529 9987
4 2
5 1 5 2014 3196 7427 10143 10468
5 1 2 4273 6337
4 1 2 6432 7691
3 2
4 1 3 3866 8980 9484
4 1 2 5535 10530
2 5
3 3
4 1 5 356 358 3727 3728 7989
4 1 5 357 362 1888 2063 2240
4 1 5 2012 3729 4031 4108 8466
3 1 2 1178 6985
3 2
4 1 3 1611 2917 3409
4 1 3 4295 10149 10185
3 4
4 2
5 1 2 1714 4916
5 1 2 1715 4244
4 1 4 2966 3001 4917 6461
4 1 2 6463 9429
4 1 2 6586 9851
3 3
4 1 2 3413 9850
4 2
5 1 2 4243 9384
5 1 2 4621 4622
4 1 3 8147 9729 9730
2 4
3 4
4 2
5 1 5 360 1023 3270 3339 6842
5 2
6 1 2 1025 3210
6 1 3 3755 7458 7866
4 2
5 1 4 1024 1808 2228 3280
5 2
6 1 3 1809 3915 6952
6 1 2 4224 10502
4 4
5 1 2 1266 8392
5 1 3 2229 3161 5126
5 1 3 4557 4559 6268
5 1 3 4560 8321 9782
4 2
5 1 2 3157 8519
5 1 3 3158 8096 8518
3 5
4 2
5 1 4 421 4109 5808 9073
5 1 2 1962 5027
4 2
5 1 3 456 2227 10455
5 1 2 3412 5100
4 3
5 1 2 464 7665
5 1 2 2004 6488
5 1 3 3782 6935 7278
4 1 4 933 3844 6704 8377
4 2
5 1 4 3411 7057 8256 9383
5 1 2 8971 10183
3 5
4 3
5 2
6 1 2 457 6446
6 1 2 2395 8429
5 1 2 2537 2975
5 1 2 4552 6323
4 3
5 2
6 1 2 460 6054
6 1 3 463 2815 11026
5 1 3 1400 7297 11025
5 1 3 2823 7686 7945
4 2
5 1 2 2702 4037
5 1 2 4104 7979
4 2
5 1 3 2974 3299 8428
5 1 3 4875 7921 11124
4 2
5 1 2 3757 8106
5 1 3 3901 4325 11227
3 3
4 2
5 1 4 548 3208 10685 11034
5 1 2 5691 8436
4 1 4 1258 3818 3819 8374
4 1 3 2951 2952 3209
2 5
3 3
4 1 3 577 7625 10877
4 1 2 5108 7002
4 1 2 5893 9013
3 2
4 1 4 578 3861 4348 6731
4 1 2 3614 10971
3 2
4 1 2 5853 10255
4 1 3 10262 10264 10265
3 1 2 6363 10425
3 1 2 6784 11229
2 7
3 3
4 1 2 782 9768
4 2
5 1 2 5006 6541
5 1 2 7430 10756
4 1 2 10755 10758
3 2
4 1 2 816 2333
4 1 2 817 2831
3 3
4 1 2 2781 9143
4 1 3 5604 9385 10260
4 1 3 9144 10258 10259
3 3
4 1 3 2830 2832 11175
4 1 2 7093 10894
4 1 2 9142 10266
3 2
4 1 2 4674 7422
4 1 3 4675 7919 10289
3 2
4 1 2 4786 7092
4 1 2 6750 10300
3 2
4 1 2 5019 6751
4 1 3 9063 10267 10268
2 5
3 2
4 1 4 1121 1722 1723 7876
4 2
5 1 2 1720 7542
5 1 2 1721 8633
3 1 2 1632 9576
3 1 3 3211 10835 10847
3 1 3 3271 5970 10825
3 1 5 3300 5478 5984 6055 6743
2 4
3 2
4 1 5 2700 4556 5084 5480 9790
4 1 2 2867 10295
3 2
4 1 2 2973 4169
4 1 2 3733 7407
3 2
4 1 5 2977 6660 9789 9792 9793
4 1 3 6659 9791 9801
3 1 5 4110 4608 4609 4611 4699
2 1 5 3318 3319 6871 7058 7269
2 1 3 5745 5746 7649
2 1 4 6160 6161 9411 11214
2 2
3 1 2 8296 9743
3 1 2 10449 10450
1 11
2 5
3 4
4 1 6 2 3189 8318 10235 10237 10238
4 2
5 2
6 1 2 4 7506
6 1 2 3368 10944
5 1 4 93 977 1813 6070
4 1 5 94 4251 6401 8317 10236
4 1 3 909 4435 8319
3 4
4 1 3 118 8372 8943
4 1 5 1234 1566 2796 5382 8944
4 2
5 1 2 2858 3038
5 1 2 3410 5958
4 1 3 4626 7231 7907
3 3
4 2
5 1 2 526 10844
5 1 4 10231 10232 10233 10234
4 2
5 1 3 1232 7798 10230
5 1 2 4214 7797
4 1 3 4213 5109 10666
3 4
4 1 4 594 837 1976 4721
4 1 3 1565 4517 10163
4 2
5 1 3 2530 2532 9875
5 1 2 2531 4079
4 1 3 5886 7161 11099
3 4
4 2
5 2
6 1 2 1231 7777
6 1 2 1339 2807
5 1 3 7126 9186 9921
4 1 3 3616 5077 8278
4 2
5 1 3 4330 6550 9188
5 1 2 6504 9187
4 2
5 1 2 6764 8410
5 1 2 7778 9185
2 8
3 2
4 2
5 1 5 17 2024 7670 7900 8101
5 1 3 3203 5295 7719
4 2
5 1 2 1069 4888
5 1 2 9313 9390
3 4
4 1 4 293 1524 7540 9567
4 2
5 1 3 406 4603 7671
5 1 2 9323 9326
4 1 3 844 2110 11182
4 1 3 4845 4846 5106
3 3
4 1 5 579 1975 1978 5152 5383
4 1 3 1977 2856 4477
4 1 2 2886 8179
3 3
4 2
5 1 3 760 2497 3723
5 1 3 7050 7051 7229
4 2
5 1 3 2334 10634 11241
5 2
6 1 2 7498 10633
6 1 2 9006 10668
4 1 3 8951 9007 10667
3 4
4 2
5 1 2 1094 5556
5 1 2 1539 8957
4 3
5 1 2 1538 9312
5 1 2 2630 9395
5 1 2 8367 10964
4 1 4 1797 8202 9329 9394
4 1 3 5479 7892 9324
3 3
4 1 4 1095 4177 6064 11047
4 2
5 1 3 4476 7442 8954
5 1 2 8953 8959
4 1 4 6062 6063 8958 10797
3 4
4 1 2 1227 10334
4 3
5 1 3 1965 3344 4573
5 1 2 1984 8960
5 1 2 2150 9744
4 1 4 2009 6544 6545 9540
4 1 2 2469 11246
3 2
4 2
5 1 2 1228 10963
5 1 2 5484 5485
4 2
5 1 2 9325 9327
5 1 2 9401 11226
2 5
3 3
4 2
5 1 3 43 2431 6662
5 2
6 1 2 161 6661
6 1 2 2430 10172
4 2
5 1 2 769 2338
5 2
6 1 2 1009 8587
6 1 2 7066 8421
4 1 2 6213 6214
3 2
4 1 5 163 636 1801 2949 5155
4 2
5 1 2 780 5156
5 1 2 1126 1322
3 3
4 1 3 329 639 10567
4 2
5 2
6 1 2 637 5357
6 1 2 5030 6663
5 1 3 1128 1802 4722
4 1 2 1800 6345
3 2
4 1 4 626 627 3345 6611
4 1 3 4768 5439 6004
3 3
4 2
5 1 2 629 6439
5 1 2 1127 6878
4 1 3 784 1129 7046
4 1 2 3867 4962
2 7
3 5
4 1 6 49 4663 4664 6592 6636 8099
4 3
5 1 5 130 1505 6933 7021 7022
5 1 2 2008 4180
5 1 2 10132 10133
4 2
5 1 2 779 3583
5 1 3 7522 9728 10579
4 3
5 1 2 2826 10722
5 1 2 4984 7523
5 1 2 6242 8585
4 1 2 9520 9523
3 5
4 1 3 127 128 10876
4 2
5 1 2 129 5069
5 1 2 3840 5070
4 1 3 131 911 7576
4 2
5 1 3 2324 3839 4567
5 1 2 3841 5894
4 2
5 1 2 3438 4636
5 1 2 4637 7319
3 4
4 2
5 2
6 1 2 380 383
6 1 2 384 6824
5 1 3 381 382 10853
4 2
5 1 4 599 912 1016 1369
5 1 3 1014 1015 5468
4 1 2 3169 8128
4 1 2 10790 10793
3 3
4 1 4 778 783 1272 2261
4 1 3 1370 7475 10698
4 2
5 1 3 1376 1377 5473
5 1 2 2828 3580
3 1 3 1273 3302 5162
3 3
4 2
5 1 2 1323 6691
5 1 3 4769 5020 10713
4 2
5 1 4 3301 3998 4961 5568
5 1 2 7309 7310
4 1 2 6601 6984
3 2
4 2
5 1 2 4308 5677
5 1 3 6253 6539 10287
4 1 3 7683 10256 10288
2 6
3 3
4 2
5 1 3 66 2661 10970
5 1 2 3623 3624
4 1 3 2950 4503 7813
4 1 3 6110 6111 9979
3 4
4 1 3 155 5362 8300
4 1 3 625 5627 10174
4 1 2 2436 2437
4 1 2 10539 10683
3 3
4 1 3 265 2464 4999
4 1 3 1201 4299 7600
4 1 3 2075 5353 10630
3 3
4 2
5 1 2 327 6147
5 1 3 2082 2083 6148
4 1 3 628 1388 3803
4 1 2 3524 5997
3 2
4 2
5 1 2 824 5371
5 1 2 5486 8283
4 1 4 2073 2074 2862 6118
3 3
4 1 3 1318 1794 4270
4 1 2 1760 11148
4 1 3 4602 8144 8145
2 5
3 4
4 1 3 117 1567 9767
4 1 3 6309 8264 8265
4 1 3 6366 8263 8266
4 1 2 8897 8948
3 2
4 1 4 243 7031 7955 7956
4 1 3 2287 3495 4082
3 3
4 1 4 495 4795 5372 7503
4 1 4 496 497 2648 2969
4 1 2 7232 9980
3 2
4 1 5 653 1199 3083 3544 6180
4 2
5 2
6 1 2 785 10845
6 1 2 3476 9974
5 1 3 1997 5491 5982
3 3
4 2
5 1 4 781 892 2857 4119
5 1 2 1198 1798
4 1 6 946 952 4537 5804 7525 8947
4 1 3 954 1233 1564
2 4
3 3
4 3
5 1 2 154 162
5 1 2 159 11088
5 1 2 1068 4307
4 2
5 1 5 156 157 158 1125 1138
5 1 3 3033 3581 6561
4 2
5 1 3 776 6563 6564
5 1 3 1071 6562 8982
3 2
4 1 3 160 3119 4697
4 2
5 1 3 1135 6886 10863
5 1 2 2752 6429
3 5
4 1 2 984 10659
4 3
5 1 3 985 2879 6026
5 1 3 3575 4089 5670
5 1 2 3611 4461
4 1 4 1017 1018 2003 11188
4 2
5 1 4 1019 1189 6027 6358
5 1 3 1188 3212 4805
4 1 3 7399 8373 10779
3 3
4 3
5 1 3 1045 6980 8258
5 1 3 1136 1139 9192
5 1 3 1817 1818 6144
4 3
5 1 2 1067 3972
5 1 4 1070 1137 1387 4217
5 1 2 3971 10860
4 1 5 1072 3973 6142 6143 7807
2 8
3 4
4 3
5 1 2 246 5695
5 1 3 570 7626 8091
5 1 3 1959 10514 11022
4 2
5 1 6 606 1958 6838 10075 10078 11021
5 1 2 6879 10071
4 2
5 1 3 1957 8010 9050
5 1 3 2673 2674 7384
4 1 2 9190 10857
3 4
4 2
5 1 3 607 1525 6869
5 2
6 1 2 2050 5898
6 1 2 9407 10878
4 1 5 2042 2046 2663 10511 10516
4 1 3 2290 10510 10512
4 1 3 3060 8316 9788
3 4
4 2
5 1 3 739 5045 5724
5 1 2 5044 7381
4 2
5 1 4 1368 3304 3305 5081
5 1 4 1425 2044 9038 9915
4 2
5 1 3 2538 4658 11024
5 1 2 2711 10972
4 1 2 9913 10346
3 2
4 1 3 841 1891 7347
4 1 3 3138 4548 5741
3 2
4 1 2 842 2485
4 1 4 4078 5897 6157 7307
3 4
4 2
5 1 3 2039 2047 10888
5 1 3 2041 10887 10896
4 2
5 1 3 2040 10885 10886
5 2
6 1 3 5033 10415 10890
6 1 2 10891 10892
4 2
5 1 2 2043 2045
5 1 3 3469 3470 10191
4 2
5 1 2 2048 2049
5 1 3 5628 6533 10889
3 2
4 1 3 2690 3615 11020
4 1 2 10513 11019
3 1 3 9914 10821 10822
2 6
3 2
4 1 5 315 1202 3084 4153 6925
4 1 5 1921 9959 9960 9984 9985
3 4
4 2
5 1 2 498 10917
5 1 2 3085 6924
4 2
5 1 2 1799 2649
5 1 2 3406 9637
4 1 3 2855 3405 8455
4 1 3 5050 5305 7740
3 3
4 2
5 1 2 630 8344
5 1 2 652 10729
4 1 4 647 7977 10953 10954
4 1 3 2968 4796 6500
3 2
4 1 2 1920 10005
4 1 3 4020 9981 9986
3 3
4 1 4 1996 4386 7869 9982
4 1 3 5373 5464 7870
4 1 2 10781 10955
3 2
4 1 3 3771 3772 4723
4 1 3 7992 7993 7994
2 4
3 3
4 2
5 1 3 501 5390 7030
5 1 2 2699 9322
4 2
5 1 2 648 649
5 1 2 650 654
4 1 2 8257 9364
3 3
4 1 2 4135 10490
4 1 5 4414 7558 10157 10551 10553
4 1 4 10463 10464 10465 10491
3 1 4 5043 9299 9300 10158
3 3
4 1 3 8748 8752 8754
4 1 2 8749 8750
4 1 2 8751 8753
2 2
3 2
4 1 2 1826 5213
4 1 2 2233 2375
3 1 3 2234 2235 7213
1 17
2 8
3 3
4 1 13 5 120 4680 5320 6801 7035 8608 8669 8678 8831 10303 10884 11179
4 1 2 8642 8829
4 1 2 8826 11166
3 2
4 1 3 1192 1429 4021
4 1 3 1428 1430 4022
3 1 3 1312 2848 6529
3 2
4 1 3 2433 6123 6389
4 1 3 8311 9273 9277
3 1 3 6707 8798 8799
3 2
4 1 3 7006 9167 9168
4 1 2 9166 9169
3 1 3 8643 8670 10482
3 1 2 9225 9226
2 7
3 2
4 1 3 6 5319 8922
4 1 2 3761 8809
3 2
4 1 3 1193 8646 11231
4 1 2 5215 7879
3 2
4 1 3 3285 3287 3538
4 1 4 3286 3501 4099 7423
3 2
4 1 9 3462 4604 5431 5879 8640 8644 8645 8650 8655
4 1 2 3711 6252
3 2
4 2
5 1 3 4080 4456 8641
5 1 3 8365 8667 10302
4 1 3 5839 8648 8677
3 1 3 4409 6802 9202
3 2
4 1 2 4421 8647
4 1 2 4455 8652
2 6
3 2
4 1 4 33 8614 11164 11190
4 1 3 1507 3768 9060
3 2
4 2
5 2
6 1 2 35 8416
6 1 2 1508 7773
5 1 2 5088 5089
4 2
5 1 2 4229 5796
5 1 3 6696 8880 8881
3 3
4 1 3 191 2656 7164
4 1 2 4726 6880
4 1 2 10145 10187
3 2
4 2
5 1 2 924 8923
5 1 2 925 1601
4 2
5 1 3 8310 9271 9278
5 1 2 8679 9281
3 2
4 1 3 2657 9274 9275
4 1 3 9272 9276 9280
3 1 3 5918 5919 10956
2 5
3 3
4 2
5 1 2 51 8491
5 1 2 3351 5363
4 2
5 1 2 846 8702
5 1 2 8703 8704
4 1 3 847 4199 8578
3 1 2 547 845
3 4
4 1 3 1006 6360 6361
4 3
5 1 2 3011 10761
5 1 2 6216 7847
5 1 2 10751 10754
4 1 3 3432 10759 10989
4 2
5 1 2 10752 10760
5 1 2 10753 10762
3 2
4 1 3 1971 10757 10804
4 1 2 3012 3013
3 2
4 1 3 3350 8726 10399
4 2
5 1 3 4200 7017 7018
5 1 2 7016 8724
2 5
3 2
4 1 3 113 114 115
4 1 3 116 2498 8255
3 3
4 2
5 1 3 922 6431 6512
5 1 3 923 2898 5925
4 1 3 2897 3049 5171
4 1 2 2901 3048
3 2
4 1 3 1077 2899 8653
4 2
5 1 2 2483 9306
5 1 2 6606 8307
3 3
4 1 3 1555 1838 5957
4 1 2 1646 8926
4 1 2 1769 9097
3 2
4 1 3 1582 2758 6718
4 1 3 5598 6410 8606
2 5
3 3
4 1 4 190 192 9622 10926
4 1 4 1858 7254 7425 10925
4 1 2 3366 8673
3 3
4 2
5 1 2 1806 3275
5 1 2 6423 10982
4 1 2 3274 6420
4 1 2 3276 6421
3 2
4 1 2 2037 2038
4 1 3 7157 8442 9973
3 2
4 1 3 4429 8800 8808
4 1 2 5507 6422
3 1 3 7951 8104 9971
2 3
3 2
4 1 2 988 989
4 1 3 3987 5950 8654
3 2
4 1 3 2429 3986 3989
4 1 2 3988 3991
3 1 2 3990 7682
2 3
3 2
4 2
5 1 2 1200 8912
5 1 2 8913 8915
4 1 3 2920 8910 9279
3 1 5 1870 4921 5352 6979 7514
3 2
4 1 3 4327 7515 7863
4 1 2 6978 7433
2 2
3 1 3 1630 1631 4170
3 1 2 6847 10301
2 5
3 1 4 1832 6028 6795 6796
3 2
4 1 3 2432 8813 8814
4 1 6 4356 4731 7037 8273 8828 8835
3 2
4 1 2 4122 5364
4 1 2 8656 8833
3 1 4 7637 8148 8810 8825
3 1 3 8796 8802 8824
2 5
3 3
4 2
5 2
6 1 2 1833 8697
6 1 2 8692 8700
5 1 2 4584 6683
4 2
5 1 3 2174 3218 4876
5 1 3 6765 8038 8701
4 2
5 1 3 4687 8693 8694
5 2
6 1 2 8691 8695
6 1 2 8696 8698
3 3
4 1 3 3219 6648 8111
4 1 3 3626 3627 8815
4 1 2 5318 8309
3 3
4 1 3 3220 3399 8797
4 1 3 4052 6136 6295
4 1 4 4405 6915 7036 8820
3 3
4 2
5 1 4 3497 3628 4406 8110
5 1 2 4407 8819
4 1 2 4145 8674
4 1 4 4408 8657 8804 8827
3 3
4 1 4 4357 4863 4865 8801
4 2
5 1 2 4725 8823
5 1 3 8649 8699 8816
4 1 2 8817 8818
2 2
3 2
4 1 2 1885 8939
4 1 2 8940 8941
3 1 3 6191 8938 8942
2 7
3 2
4 1 4 2168 2171 5080 8605
4 1 3 2172 7171 7172
3 1 2 2184 4526
3 3
4 1 5 2757 3451 5355 6996 8664
4 1 3 3453 8821 8830
4 1 2 7627 8610
3 1 3 2849 6491 7699
3 3
4 1 2 3452 8109
4 2
5 1 2 5926 9304
5 1 2 6030 10284
4 1 3 6029 9302 9303
3 3
4 1 2 3638 4547
4 1 3 4864 6114 8924
4 1 3 6771 6772 10622
3 1 2 5872 6997
2 4
3 2
4 1 2 2211 8834
4 1 3 2854 3454 7280
3 2
4 1 4 2600 8919 8925 11223
4 1 3 8793 8794 8795
3 1 5 4081 7158 7159 7371 9222
3 2
4 1 3 4163 6098 6551
4 1 3 5654 6099 6100
2 1 3 2852 6756 8917
2 4
3 3
4 1 2 2900 9305
4 1 2 3485 6739
4 1 2 7949 11202
3 1 2 4142 8651
3 2
4 1 3 6093 6812 8805
4 1 2 7638 8822
3 1 3 8803 8806 8807
2 4
3 1 3 4143 9108 9113
3 1 3 6239 9110 11045
3 1 3 8134 9109 9114
3 1 2 8308 9116
1 15
2 7
3 4
4 1 3 7 10 589
4 1 3 8 8928 10848
4 2
5 2
6 1 2 947 2662
6 1 2 951 4932
5 1 2 1659 7790
4 1 3 1657 1660 10515
3 1 4 215 4975 6291 7447
3 4
4 1 4 485 2742 8993 10995
4 2
5 1 2 658 11177
5 1 4 2390 5972 8998 8999
4 2
5 2
6 1 2 856 857
6 1 2 2907 7402
5 1 2 8995 9001
4 1 3 5973 8990 9000
3 3
4 1 5 603 5983 10569 10570 10572
4 1 4 2076 3504 4146 4527
4 1 2 4528 8628
3 3
4 2
5 1 3 604 3749 5343
5 1 2 1380 3748
4 1 3 2666 4124 9462
4 2
5 1 2 3139 4522
5 1 2 3140 8013
3 3
4 1 2 1401 7663
4 1 3 5681 8988 8994
4 1 4 8991 8992 8996 8997
3 2
4 1 2 2926 4808
4 1 3 4806 8609 8632
2 6
3 5
4 2
5 2
6 1 2 11 7087
6 1 2 3389 3390
5 1 2 2704 5610
4 3
5 2
6 1 3 416 444 6821
6 1 3 417 4953 8123
5 1 4 502 4442 4447 6203
5 1 2 955 4415
4 2
5 1 2 880 4449
5 1 3 881 882 4450
4 1 5 2585 2586 4368 5270 6438
4 1 2 3180 7316
3 3
4 2
5 1 3 45 3586 5335
5 1 2 4778 5874
4 2
5 1 2 419 6709
5 1 2 2419 7598
4 2
5 1 4 571 1893 5666 6853
5 1 3 5768 6614 7560
3 3
4 2
5 1 3 178 1907 10170
5 1 3 420 2536 4436
4 1 4 294 638 1421 2516
4 1 2 4118 7009
3 4
4 2
5 2
6 1 2 214 4542
6 1 2 505 7948
5 1 3 503 1729 5308
4 2
5 2
6 1 2 216 2696
6 1 2 2541 4444
5 2
6 1 5 605 840 843 5869 7875
6 1 2 608 3424
4 2
5 1 3 397 4446 6893
5 1 2 2542 5296
4 1 3 2715 5337 6766
3 5
4 3
5 1 2 878 6721
5 1 3 1020 3314 6146
5 2
6 1 2 1859 5441
6 1 2 4261 4448
4 1 3 1090 1553 3700
4 2
5 1 2 2077 4260
5 1 2 4443 5971
4 1 4 2508 2694 9994 10882
4 1 5 3178 3179 6774 6775 6909
3 2
4 1 2 2680 2681
4 1 2 2827 3267
2 7
3 2
4 2
5 1 2 50 7108
5 2
6 1 2 402 2991
6 1 2 6710 6738
4 2
5 1 3 404 949 956
5 1 3 950 4838 7835
3 4
4 2
5 1 3 177 344 2970
5 1 2 4293 6292
4 2
5 1 2 179 576
5 1 2 445 10855
4 1 3 316 3797 3798
4 1 3 4352 10838 10839
3 3
4 2
5 2
6 1 3 181 7632 8898
6 1 2 342 953
5 1 4 529 3659 4787 5261
4 1 4 338 339 4445 5137
4 2
5 1 3 340 4227 7679
5 1 2 2418 3303
3 3
4 1 3 405 752 7212
4 1 2 1908 3560
4 1 2 3862 4710
3 3
4 1 3 415 3097 3172
4 2
5 1 2 580 581
5 1 2 3510 8293
4 2
5 1 2 1118 6513
5 1 2 3893 7302
3 3
4 1 2 593 740
4 1 3 2010 2677 2678
4 1 3 2011 2676 2837
3 1 3 4226 5652 5653
2 6
3 3
4 2
5 1 2 82 1144
5 1 2 839 5698
4 1 3 292 443 3332
4 1 3 1437 2260 5782
3 3
4 1 4 83 524 525 3114
4 1 3 84 3691 3692
4 1 2 86 11125
3 4
4 1 3 85 1143 5733
4 1 4 87 88 3331 9408
4 2
5 1 3 311 385 2902
5 1 2 7445 8117
4 1 3 1141 1142 9431
3 3
4 1 3 112 2748 3491
4 1 3 2258 6970 7808
4 1 2 2923 4562
3 2
4 2
5 2
6 1 2 1230 3207
6 1 2 2473 5760
5 1 3 3115 3367 8560
4 1 3 3582 3868 11126
3 1 3 2749 3721 4473
2 9
3 3
4 1 4 144 5682 5683 7739
4 2
5 1 3 145 1946 6496
5 1 2 1264 1358
4 1 3 2903 5904 7112
3 3
4 3
5 1 2 146 10958
5 1 3 314 1356 5850
5 1 2 592 10960
4 1 5 335 337 2257 2501 4084
4 1 2 336 10959
3 3
4 2
5 2
6 1 2 312 5928
6 1 2 504 1265
5 1 3 7105 7106 10780
4 2
5 1 3 1943 4077 7111
5 1 2 2904 7110
4 1 6 2515 2709 6354 7028 8385 10657
3 4
4 1 3 334 400 5184
4 3
5 1 4 398 1520 1527 2124
5 1 3 399 401 1426
5 1 2 1902 5849
4 1 3 1526 7334 7361
4 2
5 1 2 2658 2659
5 1 2 3776 7704
3 4
4 2
5 1 2 598 7474
5 1 2 7901 8497
4 2
5 1 2 1357 6783
5 1 2 4474 4543
4 1 3 1890 6494 7382
4 2
5 1 2 1901 3232
5 1 2 7925 9604
3 4
4 2
5 1 2 1277 7926
5 1 2 4553 6231
4 2
5 1 2 1389 1439
5 1 2 1438 3032
4 1 3 2125 6232 6443
4 1 2 2971 5903
3 2
4 2
5 1 3 1726 3672 3682
5 1 2 4215 6782
4 2
5 1 2 2256 3478
5 1 3 4563 5831 6540
3 1 5 4577 4578 5884 6400 7194
3 2
4 1 3 5460 5461 10903
4 1 2 10899 10904
2 6
3 2
4 1 3 182 5008 8901
4 1 2 8906 8907
3 2
4 1 3 210 9735 10324
4 1 3 2543 2544 2785
3 2
4 2
5 1 2 213 8484
5 1 2 528 3096
4 1 3 343 5826 8404
3 3
4 1 4 418 530 6425 8485
4 1 3 442 531 8989
4 1 2 1120 7594
3 2
4 1 3 5015 6020 11061
4 1 3 8899 8908 10851
3 2
4 1 2 7252 7253
4 1 2 9517 9518
2 6
3 5
4 2
5 1 2 207 5336
5 1 2 4369 7851
4 2
5 1 5 702 10123 10558 11132 11138
5 1 2 2006 2007
4 1 3 2587 3914 3933
4 1 4 2665 3777 6866 11140
4 1 2 7667 10818
3 3
4 2
5 1 2 209 212
5 1 2 5143 9889
4 2
5 1 2 1635 5142
5 1 2 3769 5141
4 1 2 3770 10138
3 3
4 1 3 859 2332 9353
4 2
5 1 2 1702 6482
5 1 2 1703 8297
4 1 2 5185 5186
3 2
4 2
5 1 2 1475 9432
5 1 2 1478 8005
4 2
5 1 2 2588 11161
5 1 2 4413 4909
3 2
4 1 2 2005 8927
4 1 3 2158 4558 8306
3 3
4 1 2 2272 2273
4 2
5 1 2 5051 6481
5 1 2 6907 7471
4 2
5 1 4 6085 6910 6911 10580
5 1 2 8378 10600
2 7
3 2
4 2
5 1 4 211 698 5803 7745
5 1 2 2896 5723
4 1 3 2335 2336 7524
3 3
4 1 4 696 4605 5065 5495
4 1 3 1753 5986 5987
4 1 2 1805 5066
3 3
4 2
5 1 2 697 6649
5 1 3 9712 9713 10382
4 2
5 1 4 699 700 701 3661
5 1 2 4018 6595
4 1 2 6177 6368
3 2
4 1 3 1492 1493 1877
4 1 3 1973 2695 7780
3 2
4 2
5 1 2 2127 2130
5 1 2 2128 2129
4 1 3 2906 4606 4607
3 3
4 1 5 3191 3719 3720 7121 7929
4 1 2 4696 5740
4 2
5 1 2 4748 10880
5 1 2 9487 9496
3 2
4 1 3 3254 9495 9497
4 2
5 1 2 5713 6277
5 1 2 9486 9498
2 5
3 3
4 2
5 1 2 386 3448
5 1 3 1656 10124 10125
4 1 5 388 389 390 459 3447
4 1 3 1658 5848 8405
3 2
4 2
5 1 2 387 8216
5 1 2 10592 10593
4 1 3 6131 6132 8214
3 3
4 2
5 1 2 2908 2909
5 1 2 2910 7902
4 2
5 1 2 4289 4290
5 1 2 4390 4391
4 1 4 4392 4393 6556 7535
3 2
4 1 2 3800 10837
4 1 2 3801 6607
3 3
4 2
5 1 2 4410 4761
5 1 2 6840 9490
4 1 2 6188 8215
4 1 2 6839 8985
2 3
3 2
4 2
5 1 2 396 5601
5 1 3 9396 9499 9584
4 1 3 4475 4480 4682
3 3
4 1 3 2750 9578 9581
4 1 2 5333 5519
4 1 2 8916 8918
3 2
4 1 3 7574 8095 9579
4 1 3 9397 9580 11023
2 7
3 2
4 1 3 471 4050 4799
4 1 2 3069 11118
3 4
4 2
5 1 2 540 10735
5 1 3 3961 7285 8075
4 2
5 1 4 1276 3913 4749 7973
5 1 3 1899 2251 3963
4 2
5 2
6 1 2 1897 6711
6 1 2 2573 2671
5 1 2 1898 1900
4 1 4 2085 3962 4750 8088
3 1 3 948 9200 10154
3 4
4 1 3 1350 4533 8921
4 2
5 1 2 3132 3133
5 1 3 3640 5306 8490
4 1 2 4960 10292
4 1 3 5537 9884 11151
3 3
4 2
5 1 2 1518 2834
5 1 2 2422 2833
4 1 2 1874 5307
4 1 4 2421 3281 5687 5688
3 3
4 2
5 1 3 1540 2772 5845
5 1 2 3910 6681
4 1 5 5361 8114 10585 10586 10587
4 1 3 5788 6221 10854
3 3
4 1 3 2679 6573 8499
4 1 2 8477 10826
4 2
5 1 4 8967 8969 10824 10828
5 1 2 8968 10827
2 4
3 3
4 1 3 860 10029 10139
4 1 4 1367 6966 10017 11059
4 1 2 3864 4141
3 2
4 2
5 1 2 1056 1261
5 1 2 9375 10381
4 1 3 6546 6547 10059
3 2
4 1 3 2762 2763 4262
4 1 2 5856 10836
3 2
4 1 2 3467 10802
4 1 3 8090 10799 10800
2 3
3 1 2 1558 4058
3 2
4 2
5 1 2 3330 6576
5 1 2 9008 9585
4 1 4 6574 6575 9587 9588
3 2
4 2
5 1 2 5642 6686
5 1 2 6763 9993
4 1 5 6464 6762 6833 8047 9992
2 4
3 3
4 1 2 1889 6717
4 1 2 2086 6958
4 1 2 6508 6509
3 2
4 1 3 5208 8403 9574
4 1 3 6102 9568 9571
3 2
4 1 2 9433 9479
4 1 3 9570 9572 9598
3 2
4 1 2 9569 9573
4 1 2 9605 9606
2 3
3 2
4 1 3 2107 4068 10801
4 1 2 3985 5445
3 2
4 1 3 5442 5444 9024
4 1 3 5446 9051 9058
3 2
4 1 3 5443 7950 9016
4 1 3 9021 9025 10660
1 18
2 10
3 4
4 2
5 1 3 18 811 2654
5 1 3 20 2540 4294
4 2
5 1 5 19 663 2391 5450 7568
5 1 2 2196 6251
4 1 3 863 1245 2614
4 1 2 2156 2449
3 4
4 2
5 1 4 105 6570 7089 8832
5 1 2 5641 7368
4 2
5 2
6 1 2 659 6069
6 1 2 660 7090
5 1 2 5014 5864
4 2
5 1 2 932 2513
5 1 2 1179 4681
4 1 2 2159 4094
3 3
4 2
5 1 3 133 2177 6843
5 1 2 5199 8208
4 1 2 391 5953
4 2
5 1 3 805 7400 8189
5 1 3 4378 5749 8026
3 2
4 2
5 2
6 1 2 514 9111
6 1 2 667 2189
5 1 2 1299 4305
4 2
5 1 2 6005 6670
5 1 2 9100 9112
3 3
4 1 4 661 1306 2500 6967
4 1 4 671 2170 3814 3817
4 2
5 1 2 1743 3537
5 1 2 3815 4061
3 2
4 1 5 662 1742 2162 4385 6859
4 2
5 1 4 810 2191 5378 7553
5 1 2 2190 5520
3 3
4 2
5 1 4 664 1087 4688 7854
5 1 2 1050 7960
4 1 2 672 2181
4 2
5 1 3 2141 2167 3400
5 1 3 3597 3896 9560
3 3
4 2
5 1 3 666 6090 6322
5 1 3 2187 6321 7360
4 1 3 669 1304 7102
4 2
5 1 4 670 1305 2188 4384
5 1 2 3539 4383
3 4
4 2
5 1 3 668 2175 9561
5 1 2 1244 11217
4 3
5 1 3 673 2176 6615
5 1 2 2165 6089
5 1 2 9106 9107
4 2
5 1 2 731 2185
5 1 2 2151 2186
4 1 2 1174 2850
3 3
4 2
5 1 2 2101 2102
5 1 2 4662 8027
4 1 3 2142 3897 7104
4 1 2 4894 6519
2 7
3 2
4 1 3 39 1725 7510
4 1 2 40 11127
3 2
4 1 3 913 914 1398
4 1 2 3436 11236
3 3
4 1 3 1037 1634 4382
4 1 4 1519 1887 2160 3802
4 1 2 5268 11075
3 3
4 1 3 1324 2514 4123
4 2
5 1 2 2056 6450
5 1 2 2237 10941
4 1 3 6116 9184 9932
3 1 5 1574 1848 1886 2387 7613
3 2
4 1 5 1575 1576 1577 2388 7614
4 1 2 5721 7675
3 1 3 1849 1850 7349
2 5
3 3
4 2
5 1 5 54 55 56 3702 4048
5 1 2 57 7097
4 1 5 58 3137 7096 7549 9180
4 2
5 1 3 1556 1964 4241
5 1 2 3701 10411
3 3
4 1 3 750 5951 9176
4 2
5 1 2 1274 9175
5 1 3 3576 3577 4267
4 1 5 3064 7793 7794 9513 9649
3 4
4 1 3 885 2281 2282
4 1 5 1872 4240 4326 9174 9543
4 2
5 1 2 2103 5648
5 1 2 2280 9488
4 1 3 9178 9544 9546
3 1 3 2205 5130 6126
3 4
4 2
5 1 3 2299 4613 9072
5 1 2 3426 3427
4 1 2 2304 11218
4 1 3 3744 3745 3746
4 1 2 4612 7238
2 2
3 2
4 1 3 101 103 730
4 1 3 102 104 7045
3 2
4 1 3 1294 2178 4097
4 1 2 1768 2182
2 7
3 3
4 1 3 136 4525 6194
4 1 5 1533 3553 6714 6715 8153
4 1 2 1807 8561
3 1 3 1124 2851 9172
3 3
4 1 3 1522 3311 9665
4 2
5 1 2 2192 9542
5 1 2 2194 8135
4 2
5 1 2 6257 10326
5 1 2 6904 7792
3 3
4 1 3 1534 1855 2372
4 1 2 1535 4980
4 1 4 2371 3310 4236 6897
3 3
4 1 3 2193 3143 7095
4 2
5 1 2 4268 6256
5 1 2 4269 10430
4 2
5 1 2 5060 6078
5 1 2 6713 9545
3 2
4 1 2 2413 9627
4 1 3 4971 9363 9613
3 3
4 1 3 2520 3860 5269
4 1 2 7131 9434
4 1 2 7132 8212
2 7
3 2
4 2
5 2
6 1 2 138 6327
6 1 3 536 1083 5718
5 1 4 746 4256 8886 8887
4 2
5 1 5 745 1082 3201 5345 8885
5 1 3 1101 2754 8884
3 4
4 2
5 1 2 168 9565
5 1 2 1099 6048
4 2
5 1 4 538 684 6905 9511
5 1 2 2249 4884
4 1 3 539 1100 4283
4 1 4 2247 4656 4657 7182
3 3
4 4
5 1 4 537 685 748 2527
5 2
6 1 2 686 5656
6 1 2 687 4168
5 1 2 2529 5321
5 1 2 6386 6906
4 2
5 2
6 1 2 665 2474
6 1 3 751 4938 4939
5 2
6 1 3 3870 3871 8709
6 1 2 5012 6208
4 3
5 1 3 747 5177 5422
5 1 3 2528 5181 6258
5 1 2 5178 5273
3 4
4 2
5 1 2 688 8879
5 2
6 1 2 689 7971
6 1 2 2173 9165
4 1 3 690 3245 9742
4 2
5 1 2 2179 4899
5 1 2 4649 6716
4 2
5 1 3 2248 3579 9173
5 1 2 3762 8086
3 4
4 1 3 1002 10670 11159
4 1 3 1114 6033 7117
4 2
5 2
6 1 2 2288 5616
6 1 3 4650 6193 9646
5 1 3 4235 8849 9177
4 1 5 2789 4885 5952 6096 9179
3 2
4 1 2 1275 6192
4 1 2 4690 7494
3 3
4 1 3 7476 10099 10100
4 1 3 10101 10102 11110
4 1 2 10103 10104
2 6
3 3
4 1 3 150 5054 5917
4 1 2 3142 6071
4 1 2 6207 7629
3 2
4 1 3 199 1936 3790
4 1 2 3223 5907
3 2
4 1 2 295 3541
4 1 4 296 2686 7375 8454
3 2
4 1 2 297 11232
4 1 3 2577 8840 10371
3 1 3 4816 5783 9349
3 1 3 9089 9863 10372
2 8
3 4
4 2
5 1 3 152 6044 8217
5 1 3 2265 2406 2407
4 3
5 1 3 228 7770 7787
5 1 3 2152 2154 5575
5 1 2 6320 8248
4 2
5 2
6 1 2 2068 2069
6 1 2 2392 11209
5 1 2 2393 8736
4 1 3 2153 3008 9368
3 3
4 2
5 2
6 1 3 226 1969 5574
6 1 2 3356 8201
5 1 3 674 808 809
4 2
5 2
6 1 2 806 9535
6 1 2 807 4381
5 1 2 4592 4593
4 2
5 2
6 1 2 1968 8163
6 1 2 2161 10517
5 1 2 2519 6016
3 3
4 2
5 1 2 230 5413
5 1 2 231 3888
4 2
5 1 3 1309 6466 8847
5 1 2 1310 8767
4 1 2 1641 3952
3 2
4 1 2 494 588
4 1 3 7343 8730 8737
3 3
4 1 3 566 4197 11143
4 1 5 2051 2052 4096 4801 6458
4 1 3 4800 7957 8739
3 3
4 1 3 1647 1970 5282
4 2
5 1 3 1648 5281 7855
5 1 3 4019 7676 7677
4 1 3 2685 3251 4098
3 3
4 2
5 1 3 2893 8119 11174
5 1 2 4615 7577
4 2
5 1 2 3520 4379
5 1 2 4614 8190
4 1 4 3522 3869 5227 5228
3 2
4 1 3 3958 3959 8162
4 1 2 4234 6284
2 11
3 7
4 1 10 153 3730 7573 7749 7750 7828 7843 7864 8456 9291
4 1 3 488 3602 8387
4 1 2 2183 3837
4 1 3 3482 3483 3484
4 1 2 4780 7751
4 1 2 9931 9941
4 1 2 10283 10285
3 2
4 1 3 205 206 3398
4 1 2 3996 5438
3 4
4 2
5 1 2 227 9124
5 1 3 1171 9123 9125
4 2
5 1 2 1573 6695
5 1 3 2262 2264 7019
4 2
5 1 2 2509 7976
5 1 3 6583 7073 7975
4 1 4 4743 5561 5562 5589
3 3
4 1 3 348 5265 7054
4 1 2 489 8773
4 1 4 5672 6682 7387 7396
3 2
4 1 3 1052 2397 7412
4 1 3 4874 5193 8853
3 2
4 1 3 1482 2180 3554
4 1 3 1483 4765 6023
3 2
4 1 3 1583 9102 9103
4 1 2 9101 9105
3 2
4 1 4 1712 2783 2784 3521
4 1 2 2967 5779
3 2
4 1 3 1812 3417 4045
4 1 2 4044 4452
3 4
4 2
5 1 2 2263 10922
5 1 2 3604 6079
4 2
5 1 2 2414 6986
5 1 2 4047 10942
4 1 2 2495 8949
4 2
5 1 2 2853 8776
5 1 2 3282 7047
3 3
4 1 3 2384 4512 6638
4 2
5 1 3 2915 3603 3704
5 1 2 6166 8854
4 1 3 5266 5436 5437
2 8
3 4
4 2
5 1 4 196 3496 4534 7166
5 1 3 2118 4113 4115
4 2
5 1 3 1296 1918 7176
5 1 2 6460 7177
4 1 3 1489 5073 5074
4 2
5 1 3 1919 2117 4117
5 1 3 2116 4114 4116
3 1 4 677 1075 3827 4263
3 2
4 1 4 732 3082 7883 8072
4 1 2 5072 11234
3 3
4 1 4 995 5234 5236 7821
4 2
5 1 3 1284 5235 7443
5 1 3 3250 4095 4434
4 1 3 3468 4351 8576
3 3
4 1 5 1295 1297 1300 1917 6671
4 2
5 1 3 1298 1303 7215
5 1 2 1302 8386
4 2
5 1 2 1502 1503
5 1 2 6672 8778
3 1 3 1301 3253 6894
3 3
4 1 3 2751 4535 4538
4 1 3 3337 3338 5483
4 1 2 6831 6832
3 2
4 1 2 4102 5546
4 2
5 1 2 5991 11237
5 1 2 5992 8619
2 8
3 1 3 203 233 6747
3 3
4 2
5 1 3 452 3003 8791
5 1 2 3248 6190
4 2
5 1 5 493 994 3004 3005 5506
5 2
6 1 2 992 993
6 1 2 2225 3665
4 1 3 2718 8246 10475
3 2
4 1 2 709 996
4 1 2 4154 4432
3 2
4 1 2 1446 6370
4 2
5 1 2 3247 8735
5 1 2 3664 7646
3 3
4 1 3 1735 3555 10291
4 1 4 2066 2224 2480 3523
4 2
5 1 3 2070 2071 11150
5 1 2 5433 7507
3 3
4 2
5 1 2 1736 1737
5 1 2 8462 8463
4 2
5 1 3 2131 5053 7288
5 1 3 3249 5023 10383
4 2
5 1 3 3540 3666 7196
5 1 2 7135 8743
3 1 3 5400 7440 11189
3 1 2 6664 9104
2 2
3 1 3 435 4399 8282
3 1 2 7575 7630
2 4
3 1 2 541 1944
3 2
4 1 2 1085 3650
4 1 3 1945 3486 3487
3 2
4 1 3 1727 1728 5514
4 1 2 4151 10866
3 2
4 1 2 1786 9636
4 1 2 1792 5496
2 6
3 2
4 2
5 1 3 611 8741 8742
5 1 2 2067 8740
4 2
5 1 2 2405 3233
5 1 2 2571 7616
3 2
4 1 3 640 8506 8725
4 1 6 2983 3238 3516 5432 6385 8211
3 3
4 1 3 1076 6746 8877
4 1 3 2956 3877 7513
4 1 2 3573 6698
3 2
4 1 2 2302 7167
4 1 3 3150 3153 4278
3 2
4 1 3 2570 3556 5349
4 1 2 5530 6381
3 1 3 9090 9091 9096
2 5
3 2
4 2
5 1 3 890 3898 7357
5 1 2 891 5885
4 1 3 3708 6528 6863
3 2
4 1 2 1181 3792
4 1 2 1183 1481
3 2
4 1 3 1243 8727 8728
4 1 2 1783 6018
3 2
4 1 2 1246 1536
4 1 5 1247 1248 1249 5138 6348
3 2
4 2
5 1 3 1486 3707 7858
5 1 2 5360 6240
4 1 4 2236 5134 5501 7789
2 4
3 3
4 1 3 942 8538 11086
4 1 3 2613 3606 5224
4 2
5 1 3 3507 4039 4741
5 1 2 4740 7685
3 3
4 1 3 1981 7321 7920
4 2
5 1 2 3265 11160
5 1 2 3823 10641
4 2
5 1 3 3637 5272 6255
5 1 2 5411 7003
3 3
4 1 5 2741 5179 5277 5280 6262
4 2
5 1 2 5085 5278
5 1 2 5180 5279
4 1 2 10113 10114
3 3
4 1 2 3750 7519
4 1 5 4121 5545 6964 8353 10897
4 2
5 1 2 5225 6965
5 1 2 8729 10112
2 1 4 3061 7318 7687 7688
2 2
3 1 2 7055 7338
3 1 2 7336 7337
1 15
2 3
3 2
4 1 4 36 7428 7429 10016
4 1 3 3763 6267 7315
3 2
4 1 3 1103 4280 7362
4 2
5 1 2 5024 7731
5 1 2 6296 6823
3 2
4 1 2 2660 3156
4 1 3 6324 6325 7555
2 4
3 3
4 1 3 44 5934 8093
4 1 5 123 4497 7449 9421 10134
4 1 2 8966 10739
3 2
4 1 3 124 5854 8151
4 1 5 125 1623 5572 5922 10811
3 2
4 1 2 1219 5369
4 1 2 2533 5368
3 2
4 1 3 2720 3686 8094
4 1 2 4296 7889
2 5
3 2
4 1 3 46 5222 5223
4 1 3 5738 7204 8294
3 3
4 1 4 4264 7705 10460 10934
4 1 2 6249 9595
4 1 2 6554 9441
3 2
4 1 2 4854 7463
4 1 2 4855 6335
3 1 4 5097 5098 5099 5996
3 1 3 7714 8003 8169
2 5
3 2
4 1 2 186 4997
4 1 2 7824 8064
3 2
4 2
5 1 2 838 10137
5 1 2 4910 5267
4 1 2 1145 9297
3 2
4 1 3 1823 4707 5998
4 1 3 3983 4433 6584
3 2
4 1 2 6025 8235
4 1 2 6125 6536
3 1 3 9825 9826 9836
2 2
3 1 2 921 6201
3 1 3 3549 10864 10865
2 7
3 3
4 1 3 991 1537 9760
4 1 4 1327 1329 7647 11243
4 1 3 1710 3944 3945
3 2
4 2
5 1 2 1411 10467
5 1 3 1412 1852 10466
4 1 3 3992 3993 11097
3 2
4 1 3 1543 7233 8424
4 1 3 8422 8425 8492
3 2
4 2
5 1 3 1709 6800 8234
5 1 2 1711 11108
4 1 3 8218 8233 9420
3 1 3 4468 8755 8756
3 1 2 5447 6799
3 1 3 7468 7765 7766
2 3
3 3
4 1 4 1108 1895 7145 11084
4 1 2 1109 1110
4 1 3 1262 1896 9386
3 2
4 1 4 5330 9458 9463 9468
4 1 3 9464 9465 10935
3 1 2 8077 9466
2 4
3 4
4 1 3 1342 1343 1344
4 2
5 1 2 2092 4350
5 1 2 6498 6499
4 1 3 3068 3694 8305
4 1 2 4361 4362
3 2
4 2
5 1 2 1621 1626
5 1 2 9350 9362
4 1 3 1624 1625 9354
3 2
4 2
5 1 3 1704 7134 9346
5 1 2 1706 6344
4 1 4 5392 5393 5394 9358
3 3
4 2
5 1 2 2703 9361
5 1 2 7143 7144
4 2
5 1 3 3408 9341 9342
5 1 2 9351 9360
4 1 2 9343 9352
2 5
3 3
4 1 3 1523 6043 7641
4 1 2 5201 8272
4 1 2 8129 8130
3 2
4 1 2 1642 9359
4 1 2 7916 8131
3 2
4 1 2 2622 5632
4 1 2 8495 10623
3 2
4 1 2 3323 7690
4 1 3 7298 7411 7922
3 2
4 1 2 8430 8432
4 1 3 8431 10188 10509
2 5
3 3
4 1 2 1645 8236
4 1 3 3994 4178 8226
4 1 2 8222 8223
3 1 2 3911 8177
3 2
4 1 3 4868 8219 8231
4 1 3 8229 8230 8245
3 1 4 8220 8221 8224 8225
3 1 4 8227 8228 8232 8242
2 7
3 2
4 1 2 1785 2345
4 1 2 2947 2948
3 3
4 1 3 2887 6566 10222
4 2
5 1 3 4882 8420 8626
5 1 2 6235 10162
4 2
5 1 2 8056 10128
5 1 2 8894 10251
3 2
4 1 2 2889 5452
4 1 2 5453 7619
3 1 3 3066 7151 7416
3 3
4 1 3 3565 7146 7203
4 2
5 1 3 4892 10179 10296
5 1 2 10129 10297
4 1 3 9510 10189 10286
3 3
4 1 2 5322 8489
4 1 2 5323 5896
4 1 3 5325 6159 10221
3 3
4 1 3 5324 5833 8457
4 1 2 7873 8472
4 1 2 8055 9430
2 5
3 2
4 1 3 2095 3361 5499
4 1 3 2096 2687 6579
3 1 3 2458 3502 9773
3 2
4 1 3 2459 2484 6617
4 1 2 3561 5500
3 2
4 1 3 2461 5498 6760
4 1 2 7147 11065
3 1 3 4207 4209 5497
2 4
3 1 3 2269 4827 8350
3 2
4 2
5 1 2 3347 4831
5 1 3 4828 4832 7984
4 1 3 4829 4830 10952
3 1 3 3564 9370 11000
3 2
4 1 2 4826 10458
4 1 2 5943 7380
2 3
3 1 8 3170 5229 5832 7505 8033 9590 9849 11244
3 1 2 3764 3765
3 1 2 9808 9848
2 5
3 3
4 1 4 3391 4703 4704 6167
4 1 2 3979 9852
4 1 2 9757 9828
3 2
4 1 4 3434 4339 9739 9827
4 1 2 9740 9804
3 2
4 1 3 3856 8618 9049
4 1 3 9786 9834 9839
3 3
4 2
5 1 3 3857 9858 9860
5 1 2 4338 9044
4 1 3 6039 8267 9908
4 1 2 9045 9751
3 3
4 1 2 7410 10638
4 1 3 9042 10635 10636
4 1 2 10639 10652
1 18
2 5
3 4
4 1 3 37 2602 11128
4 1 2 2058 5643
4 1 3 2329 5117 11224
4 2
5 1 2 7804 10437
5 1 2 7805 10438
3 2
4 1 5 1465 2330 3518 10013 10014
4 1 2 3423 5421
3 3
4 1 3 2838 3051 3605
4 1 3 2840 3050 6468
4 1 2 10612 10619
3 1 4 3940 7223 10015 10042
3 2
4 1 2 8259 8260
4 1 2 8261 10656
2 3
3 2
4 1 3 107 4364 7915
4 1 2 3574 5294
3 2
4 1 2 1989 3530
4 1 2 2456 7981
3 2
4 1 2 2682 5133
4 1 2 6212 6889
2 6
3 3
4 1 3 320 2029 3110
4 1 3 766 5634 5962
4 1 3 5451 5635 6657
3 2
4 2
5 1 3 321 1238 1240
5 1 3 765 1239 4202
4 1 4 1235 1236 5661 8054
3 2
4 1 4 322 324 5633 6578
4 1 4 323 587 6773 7405
3 3
4 2
5 1 3 596 1176 7107
5 1 2 635 2667
4 1 2 634 7642
4 2
5 1 2 3687 8718
5 1 2 9586 9589
3 1 3 1177 6548 9127
3 2
4 1 2 2829 4465
4 1 3 7330 7621 8157
2 3
3 1 4 393 963 3651 3652
3 1 2 394 395
3 1 4 1088 2416 2417 3395
2 5
3 2
4 1 3 446 6372 10004
4 2
5 1 2 447 6371
5 1 2 2112 11113
3 1 2 2505 3685
3 2
4 1 3 3957 10012 10018
4 1 2 10039 10131
3 2
4 1 2 4231 10084
4 1 2 10097 10098
3 2
4 2
5 1 3 8280 10115 10116
5 1 2 10077 10093
4 1 3 8844 10048 10055
2 4
3 3
4 1 2 467 9983
4 1 2 468 7341
4 1 2 2526 11078
3 1 3 469 4949 10541
3 3
4 1 2 3709 7342
4 1 2 3718 6844
4 1 2 6281 9719
3 1 5 4737 4738 4739 4847 4848
2 5
3 3
4 1 3 597 3283 6531
4 1 3 631 1379 1951
4 1 3 4129 6530 6532
3 3
4 2
5 1 2 632 633
5 1 2 4834 5218
4 1 3 2803 10083 10088
4 1 2 7584 7788
3 1 6 1383 4128 4130 4131 4471 4472
3 3
4 1 4 1949 2634 2635 10081
4 1 2 1950 10813
4 1 3 2626 3324 5032
3 2
4 1 3 5467 7029 7348
4 1 2 6342 10365
2 5
3 3
4 1 3 775 2394 5859
4 1 2 1218 10281
4 1 2 2027 10949
3 2
4 1 2 1080 10025
4 1 3 8412 8413 10153
3 2
4 2
5 1 2 1375 8066
5 1 2 2839 4133
4 1 3 5504 7894 10433
3 2
4 1 3 1563 2556 3100
4 1 3 2625 3397 7602
3 2
4 1 2 2504 10090
4 1 2 5463 10118
2 6
3 1 8 964 1839 3073 5115 6105 7579 10049 10664
3 1 5 1051 3885 4252 5550 6282
3 3
4 1 5 1215 3340 5644 6477 8068
4 1 3 2284 6640 9862
4 1 2 5980 9720
3 3
4 1 5 1755 3480 6655 8986 10542
4 2
5 1 2 2276 6416
5 1 2 6436 8987
4 1 2 4222 6590
3 4
4 2
5 1 4 3101 6652 6805 7561
5 1 2 6476 7526
4 2
5 1 2 3102 6620
5 1 2 3171 4948
4 1 3 3382 4833 7872
4 1 3 3383 4954 5402
3 3
4 1 3 4575 6104 9201
4 1 5 4576 5798 6106 6107 7033
4 1 2 6108 9064
2 3
3 2
4 1 2 1010 1788
4 1 2 1696 4955
3 2
4 1 2 2593 4889
4 1 2 3315 3316
3 1 4 3317 3612 3613 6388
2 4
3 2
4 2
5 1 2 1086 6128
5 1 2 1700 4619
4 1 5 1697 1698 1699 1701 6127
3 1 5 2223 6827 6828 9963 9966
3 1 3 3394 6981 11152
3 3
4 1 4 4313 9958 9970 9978
4 1 3 6390 9290 9957
4 2
5 1 2 7786 9962
5 1 2 7816 8682
2 3
3 2
4 2
5 1 2 1213 4360
5 1 2 1216 11077
4 1 2 1214 1217
3 2
4 1 4 2415 5923 10117 10387
4 1 2 10385 10386
3 1 3 5993 6336 10434
2 3
3 1 3 1346 5290 7311
3 1 2 1347 3154
3 1 2 1348 10981
2 6
3 1 3 1381 5388 10056
3 3
4 1 5 1382 8051 8053 10057 10079
4 2
5 1 2 6172 10070
5 1 2 10067 10120
4 1 3 7221 8284 10373
3 4
4 2
5 1 5 1754 4132 4685 5387 10945
5 1 2 5612 10072
4 1 3 1851 5910 5911
4 1 2 4684 6331
4 1 5 5114 6413 7219 7578 10096
3 3
4 2
5 1 3 3381 7056 10050
5 1 2 3847 6687
4 2
5 1 2 3534 6485
5 1 2 5613 6483
4 1 3 6484 10058 10068
3 2
4 2
5 1 2 4012 9236
5 1 2 6534 7406
4 2
5 1 3 5912 10052 10054
5 1 3 7099 7220 10053
3 2
4 1 5 4312 5909 7040 10066 10080
4 2
5 1 4 5116 10069 10076 10082
5 1 2 6290 7039
2 5
3 2
4 1 2 1734 4588
4 1 2 4589 6901
3 1 3 2959 5744 6806
3 1 3 5940 7027 10095
3 2
4 1 2 5941 8076
4 1 2 6067 6332
3 2
4 2
5 1 2 8546 10345
5 1 2 9405 10370
4 1 2 9406 10384
2 3
3 1 3 1939 1940 1979
3 2
4 1 2 2209 2957
4 1 2 2210 4724
3 2
4 1 2 3848 7292
4 1 2 10040 10074
2 4
3 2
4 1 4 2100 10038 10061 10086
4 1 2 10085 10092
3 2
4 1 4 2503 10063 10064 10065
4 1 2 10062 10119
3 2
4 1 3 2506 5778 10087
4 1 2 2804 11123
3 2
4 1 3 2507 3325 6333
4 2
5 1 2 6995 7208
5 1 2 10036 10037
2 3
3 2
4 1 2 3059 6129
4 1 2 6130 8004
3 2
4 1 3 3342 5576 5578
4 1 3 5579 5580 6653
3 1 2 5577 6654
1 7
2 3
3 3
4 2
5 1 2 38 10041
5 1 2 5597 6241
4 1 2 2691 6622
4 1 2 2988 5399
3 2
4 1 3 897 7673 8438
4 1 3 6779 9311 9953
3 3
4 1 3 898 901 7702
4 1 2 899 900
4 1 3 902 4359 7980
2 4
3 1 2 238 9135
3 2
4 1 3 239 998 9766
4 1 2 9130 9139
3 1 3 1464 10022 10202
3 1 3 9140 9141 10985
2 3
3 3
4 1 2 543 11035
4 1 2 544 545
4 1 3 546 6624 7947
3 2
4 1 3 5175 7438 9597
4 1 3 6625 7163 9126
3 2
4 2
5 1 2 5367 7559
5 1 2 7075 7946
4 1 3 6667 8482 8483
2 3
3 3
4 1 2 987 8690
4 1 4 2328 9147 9149 9154
4 1 3 2706 9146 9159
3 3
4 1 3 2327 9150 9371
4 1 2 6493 8070
4 1 2 9152 9153
3 3
4 1 3 2705 2708 2870
4 1 2 9156 9158
4 1 3 9157 9160 10927
2 2
3 2
4 1 4 2693 3906 5417 9134
4 1 2 3907 9131
3 2
4 1 4 2707 5173 9155 11155
4 1 3 5174 8689 9151
2 3
3 2
4 1 2 7413 8548
4 1 2 10021 10616
3 1 2 8530 10203
3 2
4 1 2 8531 10617
4 1 2 8532 10020
2 3
3 2
4 1 2 9132 9148
4 1 3 10207 10209 10211
3 2
4 1 2 9136 9137
4 1 2 9138 9145
3 1 2 10204 10208
1 16
2 8
3 1 4 41 42 4668 4670
3 2
4 1 5 47 518 756 5226 8069
4 1 3 48 4155 6857
3 2
4 1 2 194 1013
4 1 2 1345 6597
3 1 4 735 2717 2939 3437
3 3
4 2
5 1 2 2028 2482
5 1 2 2030 2031
4 1 3 2163 5376 6246
4 1 4 2481 4925 4926 4928
3 1 3 2876 3635 5166
3 1 2 3905 5636
3 1 2 7596 9205
2 7
3 5
4 1 3 134 941 11142
4 1 3 558 1589 2864
4 2
5 1 2 940 945
5 1 2 943 4686
4 2
5 1 3 944 5873 8733
5 1 2 8732 8734
4 1 3 1359 2354 11257
3 2
4 1 3 413 1331 6861
4 1 3 560 744 4995
3 4
4 1 5 480 4042 5540 8731 11211
4 1 2 553 2231
4 1 5 554 1471 2641 4616 5456
4 1 4 5042 7201 7712 9321
3 3
4 1 3 517 2712 4220
4 2
5 1 2 552 2821
5 1 2 555 556
4 2
5 1 3 557 1758 8401
5 1 3 1225 1226 1655
3 3
4 1 5 520 1603 1605 8719 9340
4 1 3 931 1602 4340
4 1 2 1604 7079
3 4
4 2
5 1 2 749 7658
5 1 2 9547 10111
4 1 3 1467 2726 6959
4 2
5 1 2 1468 3956
5 1 3 1470 6081 6083
4 1 3 2164 4772 6776
3 3
4 1 2 1935 5196
4 1 6 3508 6334 7370 8845 9062 10105
4 2
5 1 2 3835 7771
5 1 2 7369 11012
2 8
3 2
4 2
5 1 2 166 542
5 1 2 5865 5905
4 1 3 561 8397 8399
3 2
4 2
5 1 4 355 1719 2294 7762
5 1 2 8601 8602
4 1 2 2745 4792
3 1 4 562 6902 6903 7674
3 3
4 1 3 1447 1448 4727
4 1 2 5852 6428
4 1 2 7726 8534
3 2
4 1 2 1490 4028
4 1 2 3118 3859
3 2
4 1 2 1947 6265
4 1 2 4539 4817
3 2
4 1 2 2195 7432
4 1 2 8396 8398
3 1 4 3277 3278 3279 6274
2 6
3 3
4 1 3 237 3078 8132
4 1 3 767 5255 7295
4 1 4 2510 2521 2937 7457
3 4
4 2
5 1 2 318 6308
5 1 2 4554 5719
4 1 3 559 6849 7455
4 1 3 2935 5720 9355
4 1 2 6119 6329
3 2
4 1 2 487 2306
4 1 4 2298 2303 2305 2307
3 3
4 2
5 1 2 519 1021
5 1 2 3306 7831
4 2
5 1 3 930 1469 6777
5 1 3 2470 2871 10317
4 1 3 2471 3714 5600
3 2
4 1 3 768 3715 10309
4 1 4 896 2512 3184 5840
3 4
4 2
5 1 3 1107 2123 2300
5 1 3 2120 3046 5882
4 1 4 1933 2119 3713 4285
4 1 3 2121 6380 7441
4 1 2 4105 5346
2 4
3 2
4 2
5 1 2 298 3079
5 1 2 2931 3081
4 1 2 8780 8781
3 2
4 1 3 365 3593 11112
4 1 6 864 5192 6826 7582 8878 9475
3 1 6 641 675 676 3789 5871 11134
3 2
4 1 2 721 8607
4 2
5 1 2 1837 5358
5 1 2 3080 6330
2 7
3 3
4 2
5 1 5 366 371 1617 4341 5742
5 1 3 374 4420 6553
4 2
5 1 3 372 3071 10253
5 1 2 612 6945
4 1 2 373 11066
3 2
4 1 2 367 858
4 1 2 1112 1113
3 4
4 2
5 1 3 369 2930 6024
5 1 3 6162 6307 7692
4 1 4 370 3070 3072 3629
4 2
5 1 3 1026 8543 9181
5 1 2 3995 6797
4 1 3 1756 3187 4148
3 3
4 1 3 490 7421 8351
4 1 3 1618 2919 3830
4 1 2 4869 5824
3 3
4 1 3 1546 2325 2640
4 2
5 1 2 2291 4221
5 1 3 3829 4814 4976
4 1 4 2326 2642 4902 5673
3 3
4 1 2 1767 4257
4 2
5 1 3 2475 2932 2938
5 1 2 2933 8451
4 2
5 1 3 6375 6811 9781
5 1 2 6376 9779
3 1 3 2339 5587 7664
2 4
3 2
4 1 3 506 507 5976
4 1 3 1504 1590 2438
3 2
4 1 3 1591 4599 7495
4 1 4 6725 6726 7496 7497
3 1 4 3363 6816 6946 11060
3 1 3 5169 5977 5978
2 7
3 4
4 1 3 535 4321 11105
4 1 4 979 980 3947 4569
4 2
5 1 3 1172 3946 7222
5 2
6 1 2 1408 3585
6 1 2 1410 2499
4 2
5 1 2 1409 6286
5 1 2 4335 5847
3 3
4 1 2 655 7678
4 2
5 1 4 1027 3696 4017 11194
5 2
6 1 2 2032 5773
6 1 2 2139 5013
4 2
5 1 4 2140 3392 3552 6727
5 1 2 5144 6379
3 2
4 1 4 758 3333 3335 3336
4 1 4 2115 2778 2779 6701
3 4
4 2
5 2
6 1 2 1162 7605
6 1 2 1170 1175
5 1 2 5591 6408
4 1 5 1163 1182 1751 6858 7286
4 2
5 1 2 1750 10439
5 1 2 2777 4372
4 1 2 2033 5801
3 1 2 1169 3695
3 1 3 5502 5503 11103
3 1 3 5730 5731 7826
2 3
3 2
4 1 2 551 2621
4 1 2 3592 7180
3 2
4 1 4 1168 2201 7284 11215
4 1 2 2204 5557
3 2
4 1 2 2202 7962
4 1 2 2203 2352
2 6
3 3
4 2
5 1 2 642 3693
5 1 2 3021 5539
4 1 2 3020 6254
4 1 3 3244 4416 4565
3 2
4 2
5 1 2 733 4791
5 1 2 4793 6810
4 2
5 1 2 1028 4181
5 1 2 4692 6398
3 2
4 1 2 1547 1684
4 1 4 3526 3527 3528 8347
3 2
4 2
5 1 3 1865 1868 4174
5 1 3 1869 4693 5841
4 2
5 1 2 1866 6399
5 1 2 4090 7897
3 2
4 1 2 1867 5726
4 1 2 4277 4732
3 1 3 3289 6596 7512
2 6
3 3
4 1 4 682 683 2169 6577
4 1 3 1747 1748 1749
4 1 3 2883 2962 4927
3 2
4 2
5 1 2 1378 11249
5 1 2 2355 7639
4 1 3 5829 5830 9183
3 2
4 2
5 1 3 2289 4580 9591
5 1 2 3404 7764
4 1 4 3186 3402 3900 7358
3 2
4 1 3 2511 2672 3716
4 1 3 2880 2881 7456
3 3
4 2
5 1 2 3403 4400
5 1 2 5899 5900
4 1 3 3407 4401 4600
4 1 3 6989 6991 7162
3 1 3 4402 10549 10984
2 3
3 1 3 757 1757 5586
3 1 3 759 4336 7609
3 2
4 1 2 3826 7325
4 1 2 4091 11049
2 5
3 4
4 1 4 904 4620 7477 8299
4 1 2 2137 7170
4 1 2 3002 3535
4 1 2 3380 4238
3 4
4 1 2 1457 1458
4 1 3 3152 4345 6230
4 1 2 4346 7905
4 1 3 4470 6228 6229
3 3
4 1 2 2135 8792
4 1 3 2136 2301 3740
4 1 3 2411 5007 7532
3 3
4 1 2 2574 6809
4 1 3 2882 3149 5825
4 1 2 4147 5244
3 2
4 1 5 2936 2941 4672 4673 7713
4 1 2 5599 7518
2 2
3 1 3 917 3630 7538
3 1 3 919 920 5339
2 5
3 1 3 1104 1105 9474
3 3
4 1 2 1173 8892
4 1 3 2166 5377 9298
4 1 2 6287 7052
3 2
4 1 2 1432 6912
4 1 2 2122 7838
3 2
4 1 2 1766 3019
4 1 2 2872 4483
3 2
4 1 2 4023 4733
4 1 2 4734 7103
2 2
3 1 5 1628 1629 1765 5350 6196
3 2
4 1 4 1763 1764 7020 7048
4 1 2 3955 8977
1 10
2 5
3 2
4 1 3 59 3822 4822
4 1 4 1687 1688 6737 7967
3 2
4 1 4 140 202 7332 9845
4 1 3 5110 9806 9829
3 2
4 1 5 1686 1994 4568 7331 11135
4 1 2 1992 1993
3 2
4 2
5 1 2 1990 6767
5 1 2 4367 4794
4 2
5 1 2 8034 10938
5 1 2 8708 11247
3 3
4 1 2 1991 4013
4 1 2 4011 8345
4 1 2 5638 7850
2 5
3 2
4 1 2 326 8903
4 1 3 1034 1035 5258
3 2
4 2
5 1 2 330 6149
5 1 2 522 5416
4 2
5 1 2 4275 10937
5 1 2 5412 11178
3 2
4 1 4 331 333 1607 6140
4 1 3 332 6097 11120
3 3
4 1 4 1260 1608 5259 7063
4 1 2 1606 8180
4 1 2 8904 8905
3 3
4 1 3 2769 2770 11121
4 1 2 5260 10629
4 1 2 6139 7064
2 2
3 2
4 1 3 328 5960 6150
4 1 3 8338 8341 8343
3 2
4 1 2 8335 8339
4 1 4 8336 8337 8340 8342
2 4
3 2
4 1 3 354 1440 6829
4 1 3 2295 6723 8883
3 1 5 1073 3430 4317 4823 6510
3 3
4 1 3 2296 4315 5011
4 2
5 1 2 3431 4314
5 1 2 3884 11153
4 1 2 4316 6411
3 3
4 1 3 4157 4821 6511
4 1 2 4318 4825
4 1 3 4824 7303 8790
2 5
3 3
4 2
5 1 2 532 6588
5 1 2 866 8876
4 1 3 4922 4923 8768
4 1 3 8873 8874 8875
3 2
4 1 3 868 3999 8541
4 2
5 1 2 4366 4572
5 1 2 5257 6789
3 2
4 1 3 869 2055 4004
4 2
5 1 2 2518 11252
5 1 2 4003 4005
3 2
4 1 4 1074 2081 2553 10398
4 1 3 4002 4006 9847
3 2
4 1 2 4001 5419
4 2
5 1 2 6174 9855
5 1 2 6417 9238
2 5
3 3
4 1 3 867 4844 5999
4 1 2 4424 4425
4 1 2 6112 10940
3 2
4 1 2 1451 5049
4 1 2 1506 5048
3 1 3 1613 1614 1615
3 1 5 3587 3588 3589 3646 3647
3 1 3 6993 6994 7779
2 5
3 2
4 1 5 1098 1636 3688 4901 5553
4 1 3 4000 6734 7169
3 2
4 2
5 1 2 1637 3690
5 1 2 3689 5427
4 1 4 1948 3252 4691 8082
3 2
4 1 3 1638 4451 5786
4 1 2 5558 5817
3 1 4 1639 2764 2765 5559
3 1 5 5551 5552 5554 5555 6076
2 2
3 1 5 2366 2367 4561 9247 11158
3 1 2 7013 8118
2 3
3 2
4 1 3 2911 2913 2914
4 1 2 2912 8579
3 1 2 3369 3370
3 1 2 6708 7852
2 2
3 1 2 3352 11149
3 1 2 3354 3355
1 18
2 5
3 2
4 2
5 1 2 62 5490
5 1 2 3116 3117
4 1 3 4036 9066 11206
3 4
4 1 4 198 7791 8540 8544
4 2
5 1 3 429 2792 7995
5 1 2 434 3767
4 2
5 1 2 430 431
5 1 2 1598 5064
4 2
5 2
6 1 2 432 6205
6 1 2 433 6206
5 1 2 1066 1325
3 4
4 2
5 1 3 426 428 6302
5 1 3 427 8115 10939
4 2
5 1 2 623 8400
5 1 3 1597 2609 2610
4 1 2 4504 6352
4 1 2 7923 8788
3 2
4 1 5 1146 1147 1599 3463 4363
4 1 4 1595 1972 3465 3466
3 1 2 4702 6056
2 7
3 2
4 1 2 63 6269
4 1 3 3557 7848 11100
3 3
4 1 3 70 8198 10929
4 1 2 595 11201
4 1 4 2990 7124 7125 7812
3 4
4 1 3 799 6518 9292
4 2
5 1 2 1055 1057
5 1 2 4266 8539
4 1 2 1058 2841
4 1 4 1059 4265 5093 7554
3 3
4 2
5 1 2 1651 10647
5 1 2 6571 8097
4 1 3 3018 9071 9284
4 1 2 4963 5105
3 2
4 1 3 2596 3294 7608
4 1 3 3766 6293 7607
3 2
4 1 2 4659 10932
4 1 2 4660 7644
3 1 3 5949 7071 7072
2 4
3 3
4 2
5 1 5 67 71 2368 4631 4633
5 1 2 1930 2443
4 3
5 1 2 72 791
5 1 3 1150 2370 4595
5 1 3 2922 3044 3899
4 1 2 5220 6875
3 3
4 1 3 69 317 11203
4 1 5 76 77 79 80 1191
4 2
5 1 3 78 3162 3236
5 1 3 3234 4918 6835
3 3
4 2
5 1 4 887 962 1148 4237
5 1 4 889 1149 3943 5238
4 2
5 1 3 908 4329 4930
5 1 3 2053 2054 3235
4 1 3 3372 4328 7246
3 3
4 1 4 1759 1761 1762 4632
4 2
5 1 2 2369 5639
5 1 2 4679 5237
4 1 2 7715 8371
2 5
3 2
4 1 3 68 74 10946
4 2
5 1 2 81 6263
5 1 2 4485 6058
3 3
4 2
5 1 2 73 986
5 1 2 2892 8062
4 1 4 75 235 10856 10858
4 1 3 2806 2890 2891
3 1 4 2212 6278 6312 6313
3 2
4 1 5 2444 2445 2447 3875 3876
4 1 2 2446 8552
3 2
4 1 5 2739 5534 6109 7853 9939
4 2
5 1 2 3024 8762
5 1 2 3025 3221
2 4
3 1 4 111 1498 3967 7909
3 2
4 1 3 723 1894 7781
4 1 2 3966 5697
3 2
4 1 4 1351 1352 2747 7367
4 1 5 1353 1354 1355 3181 7910
3 1 5 1892 2064 2065 2746 3964
2 5
3 3
4 1 2 236 5128
4 1 4 1661 6971 7461 8461
4 1 2 5000 5221
3 4
4 2
5 1 3 448 4056 5211
5 1 2 2584 4365
4 2
5 1 3 451 4073 6895
5 1 2 1662 4072
4 1 3 4057 5342 5385
4 1 3 4074 4205 6318
3 3
4 2
5 1 2 450 8349
5 1 3 2583 3965 8370
4 1 2 5722 11137
4 1 2 5807 7484
3 2
4 1 5 1649 1652 1653 1654 3045
4 1 2 1650 7462
3 3
4 1 2 1905 1906
4 1 5 2766 6185 6610 7205 7499
4 1 3 7034 7930 8048
2 6
3 3
4 3
5 1 3 240 3617 4271
5 1 2 4175 4867
5 1 2 5805 7502
4 1 4 792 801 1932 3921
4 2
5 1 2 796 8141
5 1 2 797 3920
3 3
4 2
5 1 4 624 798 803 2218
5 1 2 793 795
4 2
5 2
6 1 2 794 3752
6 1 2 3753 8301
5 1 2 3618 5870
4 1 2 804 8423
3 2
4 2
5 1 2 800 2612
5 1 3 802 3922 4866
4 1 5 2599 4054 4055 7908 8295
3 3
4 1 2 1317 10883
4 1 3 1452 1669 10867
4 2
5 1 3 1578 1581 8083
5 1 2 1579 1580
3 2
4 1 4 1674 2492 2493 10873
4 2
5 1 2 1929 7880
5 1 2 2494 8320
3 2
4 1 4 1796 3492 3493 3494
4 1 4 9399 9400 9661 9662
2 8
3 3
4 1 3 341 345 3242
4 2
5 1 3 436 4762 5219
5 1 3 1061 7611 11255
4 1 2 1600 1675
3 3
4 1 3 710 2552 4897
4 1 2 774 2551
4 2
5 1 2 1130 1132
5 1 2 1131 6392
3 3
4 2
5 1 2 1064 2297
5 1 2 4898 6896
4 1 3 2597 6668 6669
4 1 2 5195 11204
3 2
4 1 2 1065 2598
4 1 2 7403 8116
3 3
4 2
5 1 2 1776 3329
5 1 2 6209 8554
4 1 4 1778 3291 6449 7044
4 1 3 2348 2350 8366
3 1 5 1777 3543 4964 4965 7668
3 2
4 1 3 1931 2347 7431
4 2
5 1 2 6339 6340
5 1 2 6341 6916
3 2
4 1 2 6072 6073
4 1 2 6200 7320
2 4
3 2
4 1 3 486 2357 4647
4 1 2 2356 3293
3 2
4 1 2 727 729
4 1 3 728 2420 11192
3 2
4 1 3 3047 3292 5708
4 1 2 3295 6736
3 2
4 1 3 3168 3975 3977
4 1 3 3976 7651 8658
2 3
3 2
4 2
5 1 2 549 11058
5 1 2 2023 6855
4 1 4 5492 5493 5494 6850
3 2
4 1 3 550 3607 8011
4 1 2 5182 9387
3 2
4 1 2 1289 9293
4 1 3 4319 6854 6917
2 3
3 2
4 1 2 761 7065
4 1 2 6616 6712
3 2
4 1 3 762 764 3386
4 1 2 6786 10923
3 2
4 1 2 763 2226
4 1 2 2358 7823
2 6
3 3
4 2
5 1 3 790 1999 3246
5 1 4 2000 8369 11191 11193
4 2
5 1 2 2155 9835
5 1 3 9714 9716 9833
4 2
5 1 2 9717 9718
5 1 2 9837 9838
3 3
4 1 2 2214 5765
4 1 3 2215 2219 11187
4 2
5 1 2 2217 7732
5 1 2 7136 7137
3 4
4 1 3 3529 3978 8553
4 1 2 4158 7896
4 2
5 1 3 4159 4160 5241
5 1 2 8136 10060
4 1 2 7650 10043
3 2
4 1 3 3550 6353 7991
4 1 2 3932 10957
3 2
4 1 2 5327 8665
4 1 3 7173 8661 9526
3 2
4 1 2 7012 8663
4 1 3 8659 8660 8662
2 5
3 3
4 1 2 823 1204
4 2
5 1 2 1811 3474
5 1 2 2989 3475
4 1 2 4820 7225
3 1 2 1062 9446
3 2
4 1 3 2467 9435 9448
4 1 3 9437 9438 9440
3 3
4 2
5 1 2 5985 10692
5 1 2 9445 9447
4 1 3 9439 9443 9450
4 1 3 9444 9480 9481
3 1 3 9436 9442 9449
2 2
3 1 2 886 888
3 1 2 4150 8324
2 4
3 2
4 1 2 1063 6846
4 1 2 8589 8591
3 1 3 1998 3416 11183
3 1 3 2253 8586 8590
3 1 3 4306 4784 4785
2 2
3 4
4 1 2 1115 4024
4 1 2 1116 8683
4 1 3 1829 1830 11104
4 1 2 7479 7846
3 3
4 1 3 2113 2731 5354
4 2
5 1 2 2346 2729
5 1 2 2730 2733
4 1 3 2728 2732 2734
2 3
3 1 3 2689 7917 10988
3 1 2 5291 7434
3 1 2 7622 8002
2 2
3 1 3 7352 7353 7355
3 1 3 7354 7597 10792
1 14
2 7
3 3
4 1 4 90 1828 5524 10589
4 1 3 2955 9467 9683
4 1 2 7891 9856
3 3
4 1 2 99 3610
4 1 2 7890 10699
4 1 2 10784 10785
3 2
4 1 3 346 3009 10419
4 2
5 1 2 1337 1338
5 1 2 7530 8185
3 2
4 2
5 1 3 990 8262 8580
5 1 2 1048 11094
4 1 4 4788 4789 4790 5022
3 2
4 1 3 2200 8193 8254
4 1 3 5021 6920 7008
3 3
4 1 3 2435 3010 10393
4 1 3 3192 7604 10564
4 1 6 8191 8192 8194 8195 8196 8197
3 2
4 1 2 3872 4417
4 1 2 7763 9339
2 6
3 2
4 3
5 1 3 137 229 1685
5 1 2 1001 3969
5 1 2 2780 11167
4 2
5 1 4 999 1000 1775 1864
5 1 3 3393 5183 8089
3 4
4 2
5 1 3 167 6793 10749
5 1 2 512 7944
4 2
5 1 3 2080 5660 8108
5 1 3 2314 5659 6524
4 1 2 4194 7898
4 1 2 7753 7754
3 2
4 1 3 3052 3053 3056
4 1 5 4030 10711 10712 10748 10750
3 1 4 3631 3632 4669 7026
3 1 3 3970 4210 10378
3 1 3 8551 9861 11163
2 5
3 3
4 2
5 2
6 1 2 148 618
6 1 2 8863 9345
5 1 3 9316 9775 9776
4 1 4 479 481 6383 10852
4 2
5 1 3 1005 5026 6303
5 1 2 5471 6778
3 3
4 2
5 1 4 151 3641 9347 10396
5 1 3 6367 6490 6968
4 2
5 1 2 195 11172
5 1 4 1584 1586 8186 10902
4 3
5 1 3 197 6003 6384
5 1 3 2019 2022 7094
5 1 2 2021 6815
3 4
4 1 3 232 4594 7133
4 1 4 2018 8857 8865 8869
4 1 3 2875 8858 8870
4 1 3 7659 8859 8862
3 2
4 2
5 1 4 482 714 5472 8856
5 1 3 2230 8855 8866
4 3
5 1 2 711 712
5 1 2 2960 4067
5 1 2 2961 3107
3 4
4 2
5 1 3 1774 5075 8872
5 1 3 3812 7544 8871
4 1 3 3266 5990 7168
4 1 3 3825 8864 8867
4 2
5 1 2 7277 7661
5 1 3 7660 7662 9344
2 3
3 1 4 187 188 189 379
3 1 3 376 377 9797
3 1 4 6266 9796 9798 9799
2 4
3 3
4 2
5 1 2 201 2559
5 1 2 6665 7837
4 2
5 1 2 3193 3194
5 1 3 4411 5946 6225
4 1 2 6705 10810
3 3
4 2
5 1 3 347 1884 10571
5 1 2 7546 8766
4 2
5 1 2 2255 6170
5 1 2 8028 8352
4 1 4 2453 6804 9092 10588
3 3
4 1 3 378 5877 8390
4 1 5 3086 5111 5112 6226 9846
4 1 3 6224 9681 11230
3 2
4 1 2 4677 7623
4 1 2 4678 5647
2 4
3 1 7 407 408 3968 4309 4310 5942 7599
3 1 2 3531 3532
3 2
4 1 2 3710 10632
4 1 3 6338 7918 9171
3 2
4 1 2 4043 7857
4 1 2 7078 7856
2 7
3 4
4 1 3 510 3926 7174
4 1 2 513 2563
4 1 2 2454 5124
4 1 2 2561 2562
3 3
4 1 3 511 5123 10803
4 1 4 3214 3215 7244 10823
4 1 2 3216 6538
3 1 3 2199 3217 5981
3 1 3 3927 3929 6792
3 2
4 1 3 4355 5838 7420
4 1 2 5122 6830
3 1 3 4862 6415 11029
3 2
4 1 3 5121 6535 6537
4 1 2 6600 9774
2 5
3 2
4 1 2 533 7436
4 1 2 3706 8738
3 3
4 1 4 567 3928 4193 4937
4 1 2 2802 6497
4 2
5 1 2 3379 10726
5 1 3 3562 3563 10693
3 1 4 1803 1804 4878 7615
3 3
4 1 4 2342 6604 6605 6992
4 2
5 1 2 2455 8615
5 1 2 4532 11085
4 1 3 4258 6900 9864
3 2
4 2
5 1 2 2793 6523
5 1 5 4185 4186 4188 6356 6357
4 1 5 2800 2801 3378 4184 4187
2 4
3 3
4 1 4 903 2845 5129 11002
4 1 3 2844 3031 8247
4 1 2 7585 10996
3 2
4 1 4 918 2020 5615 6697
4 1 3 10440 10525 10526
3 2
4 1 4 1619 2842 2843 5476
4 1 3 1620 5475 11003
3 3
4 2
5 1 2 2534 2535
5 1 2 9871 9885
4 1 2 6591 9872
4 1 3 7653 8707 9217
2 4
3 1 5 1111 2918 4757 4957 10850
3 2
4 1 3 1627 4404 8868
4 1 4 7815 8860 9777 9807
3 2
4 2
5 1 2 2364 8861
5 1 2 8019 8021
4 1 2 8020 10392
3 3
4 1 3 2365 4758 7814
4 1 3 4403 4759 4760
4 1 2 7119 10563
2 4
3 2
4 1 2 1934 10997
4 2
5 1 2 2424 2425
5 1 2 2427 4349
3 2
4 1 2 2426 9900
4 1 2 2812 8789
3 2
4 2
5 1 2 3103 6124
5 1 2 5774 7735
4 2
5 1 3 5775 6898 11205
5 1 2 6899 7888
3 2
4 1 2 3104 7887
4 1 3 8450 10327 11116
2 2
3 1 3 2865 4438 4439
3 1 2 2866 7038
2 3
3 1 3 5038 6454 8720
3 1 2 6077 6359
3 1 2 7473 8581
2 1 5 10277 10278 10279 10280 10282
1 3
2 1 3 95 1937 8467
2 2
3 1 3 1151 8363 8364
3 1 3 2428 8362 8556
2 3
3 1 2 1938 8555
3 1 3 4851 4852 6635
3 1 3 5583 7878 8361
1 9
2 3
3 3
4 1 4 96 98 7426 8161
4 1 3 97 4746 6369
4 1 2 4747 5344
3 3
4 1 4 848 6990 7490 7492
4 1 2 3794 5761
4 1 2 5822 6729
3 2
4 1 2 849 5212
4 1 3 850 2489 7654
2 4
3 2
4 1 3 755 7953 9697
4 1 3 851 9695 9696
3 1 3 3425 7491 9596
3 1 2 3680 3681
3 2
4 1 3 7493 9594 10990
4 1 2 9592 9593
2 5
3 1 3 910 2958 7127
3 2
4 1 3 1084 10400 10992
4 1 3 4179 8274 10991
3 2
4 2
5 1 2 1873 6151
5 1 2 2877 4496
4 1 2 6427 6702
3 1 4 2878 6272 6273 6872
3 1 3 4223 4494 4495
2 4
3 2
4 1 3 1923 7197 8016
4 1 3 3165 3594 3596
3 2
4 1 3 1924 5764 10714
4 1 3 3164 3166 3243
3 1 3 3433 7655 7656
3 3
4 1 2 3595 6759
4 1 2 5459 10269
4 1 2 7383 8012
2 3
3 1 3 1925 3188 3517
3 2
4 1 2 3477 4518
4 1 2 4519 4521
3 1 2 4520 6569
2 2
3 1 3 2002 5755 6976
3 1 3 2488 5754 6787
2 3
3 2
4 1 3 2768 5956 6305
4 1 3 5646 6306 11157
3 1 3 3388 4053 5629
3 2
4 1 2 6197 6198
4 1 2 6199 6304
2 3
3 2
4 2
5 1 2 3174 6382
5 1 2 8970 10581
4 1 3 5466 6856 8046
3 3
4 1 3 3175 7580 8213
4 1 2 5974 5975
4 1 2 7451 9315
3 1 4 3348 6285 9419 9489
2 5
3 2
4 1 2 9690 9702
4 1 2 9691 9698
3 1 3 9692 9700 9737
3 1 4 9693 9694 9699 9783
3 2
4 1 2 9701 9711
4 1 3 9703 9704 9705
3 2
4 1 2 9709 9710
4 1 2 9736 9738
1 14
2 7
3 4
4 2
5 1 2 106 9647
5 1 2 10470 10474
4 1 3 119 176 3360
4 2
5 1 2 175 7603
5 1 2 3684 4431
4 2
5 1 3 1267 5827 6798
5 1 2 1985 7895
3 3
4 2
5 1 2 454 1708
5 1 2 455 7272
4 1 3 600 1091 3683
4 2
5 1 2 957 960
5 1 3 959 1268 4167
3 3
4 2
5 1 2 516 5889
5 1 2 681 5921
4 1 5 586 4744 5509 5777 8486
4 1 3 679 3346 11033
3 3
4 1 3 958 1157 10649
4 1 2 961 4513
4 2
5 1 3 4459 10175 10178
5 1 3 4689 5384 10176
3 3
4 1 2 1269 8358
4 1 3 1393 6236 7581
4 1 3 1982 4514 7610
3 1 2 2980 5510
3 2
4 1 2 4287 5457
4 1 3 6355 9869 9870
2 5
3 3
4 2
5 1 3 135 3916 6742
5 1 2 2078 4166
4 1 3 139 2964 3662
4 1 3 508 9002 10663
3 2
4 2
5 1 3 521 2965 11245
5 1 3 4549 4550 4551
4 2
5 1 2 7379 9318
5 1 2 10360 10727
3 3
4 2
5 2
6 1 2 1528 10340
6 1 2 1531 5347
5 1 2 1529 3813
4 2
5 1 3 1530 7877 11185
5 1 3 1532 4343 6790
4 2
5 1 2 4555 10503
5 1 2 5284 8079
3 2
4 2
5 1 3 1966 10841 10842
5 1 2 8965 10840
4 2
5 1 2 1967 7572
5 1 2 2721 3846
3 3
4 2
5 1 2 2079 5154
5 1 2 7200 10359
4 2
5 1 2 2550 9317
5 1 2 8415 10361
4 1 2 6862 7460
2 7
3 4
4 1 5 515 585 3619 6412 8487
4 1 3 1257 2631 6819
4 2
5 1 2 2633 4069
5 1 2 5167 9014
4 1 2 4397 5489
3 3
4 1 3 574 9452 9453
4 1 4 1158 5113 10308 10650
4 1 3 3849 5714 11008
3 3
4 2
5 2
6 1 2 1255 2059
6 1 2 4070 6542
5 1 3 7417 10177 11057
4 2
5 1 2 1587 4071
5 1 2 2575 3546
4 2
5 1 3 2221 2945 11096
5 1 4 2944 3620 5001 11136
3 2
4 2
5 1 3 1834 5649 7859
5 2
6 1 2 2987 5725
6 1 2 5671 7487
4 1 4 2389 2487 6074 7830
3 4
4 1 5 2220 2360 7488 8634 10910
4 1 3 2946 4751 9457
4 1 2 5728 5729
4 1 2 7259 10881
3 2
4 1 3 2978 2979 4712
4 1 3 3128 3129 3489
3 2
4 2
5 1 2 2981 2982
5 1 2 4460 9670
4 2
5 1 2 3824 6418
5 1 2 6820 8635
2 8
3 5
4 1 5 583 1041 6050 10472 10476
4 2
5 1 2 974 6051
5 2
6 1 2 1042 7408
6 1 2 1745 4803
4 2
5 1 2 976 9689
5 1 2 3459 10454
4 2
5 1 2 1366 8100
5 1 2 4643 5458
4 1 2 5763 6929
3 4
4 2
5 1 2 584 6884
5 1 3 1039 3756 10812
4 1 2 5159 10369
4 2
5 1 3 9409 9651 9653
5 1 3 9410 9650 9652
4 1 2 9732 10418
3 3
4 1 3 975 5287 10548
4 1 2 4041 11076
4 1 2 9412 9644
3 3
4 2
5 1 2 1007 8745
5 1 2 1008 1123
4 1 3 1040 1122 10648
4 1 4 10108 10337 10338 10349
3 2
4 1 4 1403 1404 1405 2143
4 2
5 1 2 4083 10831
5 1 3 4641 4642 4802
3 2
4 1 2 1633 5895
4 2
5 1 2 3062 3063
5 1 2 4051 7216
3 3
4 1 4 3461 4426 9084 9907
4 2
5 1 3 3547 4428 5340
5 1 3 5386 8359 10034
4 2
5 2
6 1 2 6053 10377
6 1 2 9403 9536
5 1 2 6963 10471
3 3
4 1 3 4804 10307 10376
4 1 3 4861 6052 10351
4 1 2 10347 10477
2 5
3 3
4 1 3 591 8172 10544
4 1 4 601 2457 2566 10547
4 1 3 602 1679 10456
3 3
4 1 3 680 10380 10469
4 2
5 1 2 4303 10545
5 1 2 4705 5522
4 1 2 5523 8332
3 2
4 2
5 1 3 1363 1680 5624
5 1 3 2567 5621 5622
4 1 3 5623 6095 10506
3 2
4 2
5 1 3 2312 6396 10379
5 1 2 4574 9706
4 1 4 2313 6218 10965 11055
3 2
4 1 4 2632 5010 8092 8146
4 1 3 4304 5009 6404
2 5
3 2
4 1 4 678 982 2359 5403
4 1 2 1449 10628
3 2
4 1 2 981 10893
4 1 3 5819 7521 9741
3 2
4 1 2 1349 2719
4 1 2 4196 11133
3 3
4 1 3 1960 2647 8902
4 1 4 1961 1963 2361 4195
4 1 3 3525 6456 6457
3 3
4 1 2 2439 7774
4 1 4 3668 3671 5645 6761
4 1 3 3669 3670 6179
2 3
3 2
4 1 3 713 8120 10967
4 1 3 6703 8380 8381
3 2
4 1 3 934 935 8379
4 1 2 4886 10973
3 1 3 5756 5757 5758
2 5
3 2
4 2
5 1 2 1043 9708
5 1 2 7785 10492
4 1 4 3779 7234 7236 8315
3 2
4 1 3 1360 1362 5288
4 2
5 1 2 1746 4646
5 1 2 6851 7409
3 2
4 2
5 1 2 1361 7007
5 1 2 5158 7624
4 1 2 1364 11028
3 2
4 1 2 3111 3112
4 1 4 5034 5035 5036 7202
3 3
4 1 2 7235 8206
4 1 3 8105 10006 10107
4 1 3 10106 10109 10110
2 5
3 3
4 2
5 1 2 1205 2060
5 1 2 7283 10417
4 1 3 1209 1782 6061
4 1 2 6587 10446
3 2
4 1 4 1206 1210 1211 7317
4 1 2 6692 9514
3 2
4 1 4 1212 10033 10257 11141
4 1 2 5619 10966
3 1 4 2963 3182 3892 7965
3 1 3 3734 9954 9955
2 5
3 1 3 1254 9899 9934
3 3
4 2
5 1 2 2088 11015
5 1 3 2089 2090 8159
4 1 4 5620 8158 10907 11011
4 1 2 10875 11013
3 1 3 2606 7564 10708
3 2
4 1 3 5359 11014 11056
4 1 2 10557 11007
3 2
4 1 2 8074 9507
4 1 3 9844 10348 10719
2 4
3 4
4 2
5 1 2 1256 10672
5 1 2 3229 8520
4 1 4 2986 4711 9505 9666
4 1 2 5488 7276
4 1 2 8617 9515
3 3
4 2
5 1 2 1831 8165
5 1 2 4038 6183
4 2
5 1 2 3098 4398
5 1 2 7982 7983
4 1 2 9854 11017
3 4
4 1 2 2283 4396
4 2
5 1 3 3206 5408 5948
5 1 2 9506 11207
4 2
5 1 2 3460 11212
5 1 2 8155 8156
4 1 2 8275 9968
3 2
4 1 5 2736 6181 6184 8360 8622
4 2
5 1 4 5407 6182 8616 8621
5 1 2 5409 8620
2 3
3 2
4 1 3 2440 6088 7323
4 1 2 3545 4332
3 1 3 2825 5454 7752
3 2
4 1 2 4493 7500
4 1 2 6010 6656
2 1 3 4040 6621 7308
2 2
3 1 3 9533 9534 9624
3 1 2 9623 9625
1 4
2 2
3 2
4 1 2 108 109
4 1 2 1718 4292
3 1 3 110 3836 5103
2 3
3 1 3 234 3838 6141
3 2
4 1 3 1716 1717 4291
4 1 2 2627 4877
3 2
4 1 2 2490 4370
4 1 2 3548 5875
2 2
3 1 3 453 1835 2822
3 1 4 2628 2629 3882 4371
2 3
3 2
4 1 3 827 3737 7398
4 1 3 828 2688 3736
3 1 3 3673 3731 6245
3 2
4 1 4 3674 3675 3732 3902
4 1 2 3676 3735
1 10
2 4
3 2
4 1 2 121 3264
4 1 4 3263 7156 7986 8516
3 2
4 2
5 1 4 122 8500 8505 8507
5 1 2 8501 8521
4 1 4 6565 8498 8503 8508
3 2
4 2
5 1 3 704 8286 8502
5 1 2 1187 6568
4 2
5 1 2 3809 5151
5 1 3 5145 5146 5150
3 3
4 2
5 1 3 705 708 9161
5 1 3 2114 8515 10089
4 2
5 1 2 1733 7155
5 1 2 8529 9162
4 1 3 5147 5148 8504
2 1 3 142 3237 5527
2 4
3 1 2 143 3981
3 3
4 1 4 208 1876 6647 8496
4 2
5 1 2 2943 9997
5 1 3 4779 6852 9965
4 1 3 9996 9998 9999
3 3
4 1 2 351 6567
4 1 3 971 8043 8287
4 1 2 7122 7844
3 3
4 1 4 1229 1431 1730 3418
4 1 3 1731 1732 8288
4 1 2 7154 7304
2 6
3 2
4 1 4 349 5811 5812 10994
4 2
5 1 2 5611 10948
5 1 2 5816 10152
3 2
4 1 3 2132 4933 4934
4 1 3 9508 9509 10184
3 1 4 3297 3678 4974 7845
3 2
4 1 2 3953 8239
4 1 2 8203 8240
3 2
4 1 4 4516 5810 5813 5814
4 1 2 5809 5815
3 2
4 1 3 4887 7466 10980
4 1 3 8920 10126 10127
2 5
3 2
4 1 4 350 706 2692 6233
4 1 2 8175 10186
3 1 3 703 707 5149
3 2
4 1 3 1011 1186 10999
4 1 3 5299 5395 9611
3 1 2 1663 3262
3 1 5 6639 8121 8281 8517 10293
2 3
3 2
4 1 2 1133 6006
4 1 3 5465 10130 10445
3 2
4 1 2 1390 5271
4 1 3 1391 8138 8893
3 3
4 1 2 3941 7313
4 1 2 3942 10155
4 1 2 5331 5332
2 4
3 2
4 1 2 1386 7465
4 1 5 6377 7228 7467 10199 10979
3 1 4 4694 4695 10216 10974
3 3
4 1 3 8031 10195 10978
4 1 2 8207 10182
4 1 2 10180 10181
3 1 3 8032 10169 10239
2 2
3 1 2 1995 9015
3 1 4 4972 7893 8631 8636
2 4
3 1 2 2924 4810
3 1 3 2925 4807 4809
3 1 3 3343 5341 5685
3 1 3 5686 6113 10969
2 1 3 9830 10044 10045
1 1 4 126 2601 5684 7592
1 18
2 4
3 2
4 1 3 132 4571 5351
4 1 2 4904 4920
3 1 4 1278 1279 1281 4035
3 1 3 1280 1283 2874
3 3
4 1 3 1282 4100 7053
4 1 2 4276 7388
4 1 2 4903 11102
2 7
3 4
4 1 11 147 1863 2087 8000 8775 9289 9295 10770 11037 11039 11043
4 1 2 5297 5883
4 1 2 5793 5961
4 1 2 6011 10924
3 3
4 1 2 788 10121
4 1 2 789 3067
4 1 2 2286 9129
3 3
4 2
5 1 3 1676 9294 9919
5 1 3 4998 7504 9296
4 2
5 1 3 1909 1910 1911
5 1 2 6373 11062
4 1 2 9874 9882
3 2
4 2
5 2
6 1 2 1912 1914
6 1 2 5511 5747
5 1 2 6645 8900
4 2
5 1 3 1913 7328 8304
5 1 2 4797 11044
3 1 3 4322 9548 9549
3 1 3 9553 9554 9557
3 2
4 1 3 10766 10767 10768
4 1 2 10769 10771
2 6
3 1 3 149 4708 4709
3 5
4 1 6 368 4298 4900 5590 6495 11046
4 1 2 4060 4062
4 1 2 4498 8059
4 1 2 7547 11041
4 1 3 9331 9332 9333
3 3
4 1 3 742 7230 8049
4 1 3 743 2243 7109
4 1 4 2591 7098 7279 8052
3 4
4 1 2 1089 3773
4 1 3 2644 2645 3644
4 1 3 3177 6195 8050
4 1 2 3645 4101
3 5
4 1 2 1253 3090
4 1 3 2502 6075 7724
4 2
5 1 2 2590 6019
5 1 2 3091 7722
4 1 3 3092 3371 7723
4 1 2 7768 9128
3 2
4 1 4 8241 8250 8251 9357
4 1 2 8249 9356
2 5
3 3
4 1 2 193 3095
4 1 2 492 2934
4 1 2 2353 3481
3 3
4 2
5 1 2 491 10028
5 1 2 2698 7262
4 1 2 1677 3717
4 2
5 1 2 2270 5858
5 1 2 5857 8035
3 2
4 1 3 657 2374 6065
4 1 2 7389 11038
3 2
4 1 3 2546 3743 7091
4 1 2 6066 6722
3 3
4 1 3 2589 5254 6735
4 1 3 5582 7340 7721
4 1 4 7757 7758 9558 9559
2 3
3 3
4 1 3 200 2496 3422
4 1 3 3419 3420 7783
4 1 2 3421 4523
3 1 5 734 736 7454 8559 8911
3 2
4 1 3 2133 4583 6002
4 1 2 2134 4582
2 6
3 3
4 1 5 299 4665 5487 7802 10778
4 2
5 1 7 825 7737 7903 9881 9894 10740 11233
5 1 2 9895 10002
4 2
5 1 4 1841 4666 9873 9911
5 1 2 9880 9930
3 2
4 1 4 826 7729 7730 9877
4 1 4 9910 10705 10706 10741
3 2
4 1 2 1336 3322
4 1 2 3290 4635
3 2
4 1 3 2557 3656 3889
4 2
5 2
6 1 2 2558 10718
6 1 2 3655 8065
5 1 3 3890 7738 10715
3 2
4 1 2 6873 10704
4 1 3 10688 10689 10694
3 3
4 1 3 9929 10742 10776
4 2
5 1 2 10682 11040
5 1 3 10738 10743 10744
4 2
5 1 3 10686 10691 10725
5 1 2 10687 10775
2 5
3 2
4 1 2 325 3791
4 1 3 4639 9555 9556
3 2
4 2
5 1 2 4484 5797
5 1 3 5662 5663 5664
4 1 3 5665 9922 9924
3 1 4 7570 7571 9923 9967
3 1 3 9879 9891 11036
3 1 2 9916 9917
2 4
3 2
4 1 3 656 9469 9492
4 1 3 6599 9493 9494
3 2
4 1 5 2592 9230 9231 9232 9233
4 1 5 2683 6202 9228 9229 9476
3 2
4 1 2 5374 9206
4 1 2 9477 9478
3 1 2 5423 9182
2 3
3 2
4 1 2 753 5005
4 1 3 754 5762 8037
3 1 4 1196 1197 6834 9389
3 1 3 6041 6042 9388
2 5
3 1 3 926 6326 11042
3 2
4 1 3 2450 4272 6059
4 1 2 3863 7583
3 1 4 2451 2452 2894 4203
3 1 2 2774 7392
3 1 2 6328 11101
2 5
3 1 5 928 2697 5095 6391 6955
3 1 4 929 6549 6956 8102
3 1 3 1420 10695 10696
3 1 3 1845 1846 7748
3 1 2 5094 10732
2 3
3 2
4 1 2 1046 3284
4 1 2 2318 2322
3 2
4 1 2 2317 2320
4 1 2 2319 2321
3 2
4 1 2 2323 9562
4 1 2 9122 11221
2 4
3 2
4 1 3 1180 1485 2808
4 1 3 1480 1484 3151
3 2
4 1 3 1915 2809 9925
4 1 3 5862 9926 9927
3 1 4 4008 4010 9890 9928
3 3
4 1 3 5068 6646 7970
4 1 3 6643 7643 7882
4 1 2 6644 8084
2 6
3 2
4 2
5 1 2 1185 8478
5 1 2 4530 7718
4 1 2 6921 9563
3 3
4 1 4 1365 3093 3094 4989
4 1 2 5311 10987
4 1 2 7015 9583
3 1 4 3035 3036 5188 7023
3 2
4 1 3 4638 4873 5846
4 1 3 7014 7363 9582
3 1 4 5187 5189 5190 5303
3 1 3 10024 10027 10151
2 3
3 2
4 1 4 1472 1988 5954 9876
4 1 2 2545 5892
3 1 3 3513 3514 3515
3 3
4 1 3 4255 10026 10731
4 1 2 4767 9878
4 1 3 6740 7618 10730
2 3
3 2
4 1 3 1842 1844 8547
4 2
5 1 2 1843 7339
5 1 2 6186 6807
3 1 3 3034 4929 6841
3 1 3 6684 6768 11239
2 3
3 2
4 1 3 2093 4624 5435
4 1 2 2094 7424
3 2
4 1 2 2277 3108
4 1 3 2524 2525 8774
3 2
4 1 3 2386 2523 10936
4 1 2 5482 7450
2 2
3 1 3 2331 3653 3654
3 1 3 2344 6171 9575
1 8
2 1 4 141 3120 4015 4016
2 4
3 1 4 564 2472 4625 11220
3 2
4 1 3 1497 10794 11052
4 1 2 10788 10789
3 2
4 1 3 1689 2646 7539
4 1 3 8459 8460 8623
3 1 4 7274 8583 9787 10212
2 5
3 2
4 1 2 565 10165
4 1 3 1044 5398 6137
3 1 2 646 7803
3 1 3 2412 3167 6928
3 2
4 1 4 3785 4281 4282 7300
4 1 2 3786 3787
3 1 2 10998 11068
2 3
3 3
4 1 3 694 5965 10787
4 1 2 1453 1454
4 1 2 3121 5967
3 2
4 1 3 695 1622 1883
4 1 3 5505 6057 7974
3 2
4 1 2 1415 11238
4 1 3 3741 4706 8468
2 3
3 1 3 725 3057 8290
3 1 2 1371 4839
3 1 2 5834 6808
2 3
3 1 2 786 8024
3 1 2 787 5348
3 1 3 1319 4501 4502
2 4
3 2
4 1 2 1491 8279
4 1 2 7527 9195
3 2
4 1 2 1609 6469
4 1 3 1610 5406 7333
3 1 3 9391 9519 9522
3 1 3 9392 9393 9521
2 4
3 2
4 1 4 1724 3307 4242 5547
4 1 2 8846 11117
3 1 3 5867 5868 5969
3 1 3 5968 8680 8681
3 1 4 6803 10420 10421 10422
1 10
2 4
3 2
4 1 4 169 472 474 5101
4 1 5 572 2651 2652 4137 7084
3 3
4 2
5 1 3 470 473 3509
5 1 2 4564 8711
4 1 3 3479 8713 11004
4 1 2 3633 7305
3 3
4 1 3 1402 1814 7695
4 1 2 4138 7694
4 1 2 4139 5481
3 3
4 2
5 1 2 2653 6769
5 1 2 4136 5913
4 1 2 4140 11073
4 1 2 7861 8040
2 3
3 2
4 1 5 619 6279 10559 10560 11162
4 1 2 6084 7633
3 3
4 1 3 1571 4610 6455
4 1 3 1752 8393 9857
4 1 2 4947 8154
3 1 2 3490 5704
2 4
3 1 4 852 1022 5083 7941
3 3
4 1 2 1194 4034
4 1 3 1827 5737 6470
4 1 3 4206 4935 5082
3 1 3 3566 3567 8406
3 2
4 1 4 4945 4973 10332 10394
4 1 2 10331 10344
2 3
3 1 3 1031 1032 5706
3 2
4 1 2 5157 6271
4 1 3 5701 5702 6435
3 1 3 5703 5705 7827
2 2
3 1 4 1079 3414 3415 10590
3 1 3 4671 7841 7842
2 4
3 1 7 1081 2664 5637 6087 6733 8465 8535
3 3
4 1 3 1152 2547 3145
4 1 3 1153 1154 5317
4 1 3 3144 7414 8537
3 1 3 2216 7520 8080
3 1 3 7192 7193 9969
2 4
3 3
4 1 2 1744 10950
4 1 2 3568 7189
4 1 3 6630 6631 8113
3 2
4 1 2 2835 11053
4 1 2 2836 5538
3 1 2 4753 5086
3 1 3 7187 7188 7190
2 3
3 1 4 2560 7448 9010 9012
3 1 5 2817 4249 6623 6688 6690
3 1 2 2818 6689
2 5
3 1 4 2743 3865 5787 11031
3 1 2 4107 11186
3 1 3 6744 6818 9577
3 1 3 6817 9414 9541
3 1 2 10527 10643
2 4
3 1 4 4754 4952 5860 10911
3 2
4 1 3 5092 9011 11254
4 1 2 7928 10909
3 1 2 6440 10908
3 1 2 9470 10906
1 1 4 183 184 185 7076
1 6
2 2
3 1 3 204 4486 4912
3 1 3 836 4698 4913
2 2
3 1 4 287 288 291 1494
3 1 2 289 1495
2 3
3 2
4 1 2 290 3881
4 1 3 3930 6275 6922
3 1 2 1049 8073
3 1 3 1270 2884 2885
2 1 3 773 1271 7344
2 1 3 2940 3536 4914
2 2
3 1 3 4905 5750 7563
3 1 3 4906 4907 5995
1 8
2 2
3 1 3 241 500 3919
3 1 3 499 4735 5405
2 4
3 3
4 1 3 458 2724 7747
4 1 3 966 5709 6749
4 1 5 968 970 1596 2738 7746
3 3
4 1 2 905 6472
4 1 2 906 8277
4 1 3 907 5232 10658
3 2
4 2
5 1 2 1781 4334
5 1 4 5655 7800 8763 9037
4 2
5 1 3 1983 5231 8276
5 1 2 3197 4422
3 2
4 1 4 2735 6471 8071 9040
4 1 4 5242 9034 9035 9043
2 5
3 3
4 1 17 523 875 2722 2723 3505 5140 5828 7069 7120 7565 8312 8313 8368 9667 9886 10164 10655
4 1 2 620 621
4 1 2 7741 9194
3 2
4 2
5 1 2 1424 7990
5 1 2 1780 11145
4 2
5 1 2 5448 11253
5 1 2 5449 5462
3 2
4 1 4 4374 4840 4842 5799
4 1 2 4841 11074
3 1 5 9003 9004 9005 9033 10640
3 1 2 9831 9832
2 3
3 3
4 2
5 1 3 967 9308 9427
5 1 2 4201 9426
4 1 4 1903 5063 6155 6156
4 1 2 2737 9307
3 3
4 2
5 1 2 969 10599
5 1 2 2814 10565
4 2
5 1 4 1853 5207 7184 7185
5 1 3 4924 7186 9009
4 1 5 2820 6487 10568 10596 10625
3 2
4 1 4 2637 7114 9425 10626
4 1 2 3222 4623
2 2
3 1 3 978 2636 5536
3 1 2 2638 2639
2 2
3 1 3 1875 3198 3199
3 1 3 7042 7153 9491
2 4
3 2
4 1 3 2675 4189 4191
4 1 3 4190 8167 10986
3 2
4 1 3 2868 4156 10798
4 1 2 4880 5959
3 1 2 4192 4815
3 1 3 5906 6288 6289
2 4
3 1 2 2869 9734
3 1 2 7439 10679
3 1 5 9454 10645 10677 10678 10680
3 1 3 9599 9600 10681
1 12
2 6
3 1 4 242 10833 10834 10916
3 1 3 3758 6280 7273
3 1 4 4728 7049 8509 8511
3 1 4 6346 7267 7825 11016
3 2
4 1 2 6724 7593
4 1 2 6982 9069
3 1 4 9794 9795 10412 10413
2 4
3 1 3 439 441 4629
3 1 3 440 1134 11106
3 2
4 1 2 3931 6954
4 1 3 6153 7123 10968
3 1 4 5789 5790 5791 5792
2 5
3 1 5 643 7140 7142 10312 10843
3 2
4 1 3 1880 6517 10341
4 2
5 1 2 2725 10319
5 1 2 7138 8837
3 1 4 5067 7139 7218 10313
3 2
4 1 2 7141 10397
4 1 2 8836 10320
3 2
4 1 2 7819 8356
4 1 3 8838 8839 10333
2 3
3 2
4 1 2 644 3954
4 1 2 10709 10710
3 1 3 3858 8204 8205
3 1 3 6791 10342 10343
2 2
3 1 4 645 4453 4454 6516
3 2
4 1 2 2250 8125
4 1 2 6459 8126
2 5
3 2
4 1 3 1263 5031 9070
4 1 3 3141 9067 9068
3 2
4 1 2 1311 3259
4 1 2 3257 3258
3 1 4 1460 4977 4979 7988
3 2
4 1 3 2860 3982 4978
4 1 2 3724 4120
3 1 3 3260 5477 10786
2 3
3 1 2 1287 3845
3 1 3 1288 8103 8604
3 1 3 2859 3725 5474
2 4
3 1 3 1459 2863 8182
3 1 2 1461 7088
3 1 3 1462 1463 3256
3 1 3 5823 6891 7672
2 3
3 2
4 1 2 1690 7551
4 1 3 4457 5989 7707
3 2
4 1 4 1691 1692 6515 7709
4 1 2 4046 10318
3 2
4 1 2 3373 7372
4 1 2 4458 7708
2 4
3 2
4 1 2 2861 7418
4 1 2 3213 7727
3 2
4 1 2 3261 4086
4 2
5 1 2 4085 4088
5 1 2 4087 7703
3 2
4 1 2 5061 5062
4 1 2 5631 7586
3 1 5 7293 7742 9415 9645 10122
2 3
3 1 3 5424 5844 10651
3 1 4 8122 9501 9502 9503
3 1 3 9048 9500 9504
2 3
3 1 4 5772 7657 10861 10862
3 1 2 7818 11213
3 1 2 8983 10975
1 4
2 2
3 1 2 319 6969
3 1 2 6526 10003
2 1 5 4464 8684 8685 8687 8688
2 3
3 2
4 1 2 4466 6238
4 1 2 6525 9641
3 1 2 6582 8686
3 1 3 9640 9642 9643
2 2
3 1 2 6949 10747
3 1 2 6950 9082
1 10
2 4
3 3
4 1 4 363 737 2873 5107
4 1 4 563 4720 7480 7913
4 1 2 1314 7912
3 2
4 1 5 364 4640 7195 7359 9203
4 1 3 8562 9212 9268
3 2
4 1 2 1521 5252
4 1 2 6419 6962
3 2
4 1 2 1616 5675
4 1 2 8445 8446
2 6
3 3
4 1 2 1455 5596
4 1 2 1456 6015
4 1 2 6730 7178
3 2
4 1 3 2668 8408 9817
4 1 3 8407 9815 9816
3 2
4 2
5 1 2 3831 9814
5 1 2 8389 8402
4 1 2 6013 9813
3 1 3 5206 6014 9320
3 2
4 1 5 5674 6017 8558 9810 9811
4 1 3 6022 8409 9319
3 1 3 6021 9809 9812
2 4
3 2
4 1 3 1499 9207 9218
4 1 2 1500 5052
3 1 3 2619 9262 9264
3 2
4 1 2 5253 9256
4 1 2 9267 9269
3 2
4 1 3 9209 9237 9242
4 1 3 9213 9214 9255
2 4
3 1 3 1881 3873 5204
3 1 5 1882 7101 8850 8851 8852
3 1 3 3569 3570 3572
3 1 4 3571 4211 5205 5338
2 2
3 1 2 2337 4286
3 1 3 7508 7509 7511
2 4
3 2
4 1 3 2618 8563 8570
4 1 3 5515 8566 9551
3 1 2 8017 9258
3 2
4 1 3 8564 8565 8567
4 1 2 8568 8569
3 1 3 9208 9253 9254
2 1 5 3122 3123 3124 3125 6637
2 2
3 1 3 3663 8573 8574
3 1 2 8571 8572
2 4
3 1 7 5057 5059 9221 9223 9224 9235 9263
3 2
4 1 2 9210 9244
4 1 3 9243 9245 9260
3 1 4 9215 9252 9265 9266
3 1 3 9227 9241 9248
2 2
3 1 3 9219 9220 9239
3 2
4 1 2 9240 9250
4 1 2 9249 9257
1 13
2 4
3 2
4 2
5 1 2 375 7312
5 1 2 8627 11210
4 1 2 8127 9956
3 2
4 1 2 1836 3321
4 2
5 1 3 1987 5302 7446
5 1 3 2267 3320 6845
3 1 4 4566 8152 9119 9120
3 2
4 1 2 6247 9117
4 1 2 7942 9118
2 4
3 1 4 722 724 726 4492
3 2
4 2
5 1 2 1612 4490
5 1 2 4441 4489
4 1 2 4487 8600
3 1 2 4491 5532
3 2
4 1 3 8603 10806 10807
4 1 3 10763 10805 10808
2 3
3 2
4 1 2 1047 10624
4 1 3 6103 9047 10167
3 1 3 1160 1161 6314
3 1 4 4232 4233 10168 10552
2 4
3 1 3 1060 5091 10603
3 1 5 8479 10577 10583 10584 10613
3 2
4 1 2 10582 10611
4 2
5 1 2 10594 10598
5 1 2 10597 10621
3 1 4 10610 10614 10615 10620
2 3
3 2
4 1 4 1221 1222 1224 4812
4 1 2 1414 3088
3 1 3 1223 4944 8292
3 2
4 1 3 2396 10388 10389
4 1 2 10390 10391
2 4
3 2
4 2
5 1 2 1413 3387
5 1 2 4771 6781
4 1 3 3058 3742 4440
3 3
4 1 2 2104 2105
4 1 2 2285 7997
4 1 2 3349 7404
3 2
4 1 3 3089 8142 8183
4 1 2 6780 8291
3 1 4 4488 7322 7810 8112
2 3
3 3
4 1 2 1416 10531
4 2
5 1 3 1694 7470 10311
5 1 2 2794 4618
4 1 3 4617 6082 7606
3 2
4 1 3 1418 10431 10432
4 1 2 6679 7327
3 2
4 1 2 6378 7591
4 1 5 6467 6632 10427 10428 10429
2 3
3 1 5 1417 2916 2992 2993 2994
3 1 3 1419 5988 6387
3 1 3 2995 10523 10532
2 3
3 2
4 1 3 2106 4463 6892
4 1 2 4597 6860
3 2
4 1 2 2927 4596
4 1 2 4598 5286
3 1 3 4171 4172 5581
2 2
3 1 4 2539 8770 8771 8772
3 1 2 7943 8769
2 3
3 2
4 1 2 2684 4891
4 1 2 4890 5139
3 2
4 1 2 6080 10046
4 1 2 7263 7697
3 2
4 1 2 6813 8549
4 1 2 6814 7264
2 3
3 1 3 2791 8285 10529
3 1 2 10363 10528
3 1 3 10520 10521 10522
2 3
3 1 3 3636 4176 5784
3 1 5 4162 5046 8612 8613 10669
3 1 2 6882 8611
1 12
2 5
3 3
4 1 4 392 5593 8427 11098
4 2
5 1 3 1285 3364 3365
5 1 2 1286 2595
4 1 3 1541 7257 7617
3 3
4 2
5 1 3 715 719 4007
5 1 2 1824 1825
4 2
5 1 3 717 3230 8717
5 1 3 8149 10486 10487
4 1 2 2787 2788
3 3
4 1 2 720 3362
4 1 4 1479 1916 4634 4818
4 1 3 4717 4718 4719
3 2
4 1 3 1433 6012 7486
4 1 4 2410 5689 5690 7210
3 2
4 2
5 2
6 1 2 1434 3176
6 1 2 2245 7963
5 1 2 2246 4540
4 1 5 2408 2409 3951 8624 8625
2 4
3 2
4 1 3 409 4781 10846
4 1 3 3649 6732 11248
3 2
4 2
5 1 2 1557 8329
5 1 2 9026 9031
4 2
5 1 2 9023 10671
5 1 2 9027 9032
3 1 3 6223 9019 10642
3 2
4 1 2 9020 9057
4 1 3 9055 9056 9059
2 4
3 3
4 1 3 483 484 5806
4 1 4 3738 3739 4860 7394
4 1 2 4859 7562
3 3
4 1 2 2928 7865
4 1 3 2929 6036 6311
4 1 3 4212 6424 7350
3 2
4 1 2 3136 7376
4 1 2 3255 9952
3 2
4 1 4 4228 5076 8414 9660
4 1 4 4230 5401 7129 7652
2 4
3 2
4 1 3 509 4311 6374
4 1 2 1695 11089
3 2
4 1 2 716 8081
4 1 3 5594 5595 7932
3 2
4 1 2 939 1693
4 1 4 1220 1942 4500 5908
3 2
4 1 2 1423 6451
4 1 2 10362 10364
2 5
3 1 3 718 6452 8060
3 1 3 1184 3439 5531
3 1 2 3130 3131
3 1 4 3726 4358 7961 8937
3 1 3 6785 7631 8176
2 5
3 3
4 1 4 972 973 4302 8326
4 1 2 5944 7684
4 1 2 5947 8325
3 3
4 2
5 1 3 1106 7969 9030
5 1 3 7759 7760 7966
4 1 3 1422 2057 11251
4 1 3 5455 6675 7968
3 2
4 2
5 1 2 2620 6558
5 1 2 3643 6557
4 1 2 7761 9046
3 2
4 1 3 3309 6888 8270
4 1 2 6676 7198
3 2
4 1 3 3542 4009 5748
4 1 2 3642 10716
2 5
3 3
4 1 3 997 2292 7241
4 1 3 1666 2293 7242
4 1 2 6694 7240
3 2
4 1 4 1665 2517 6448 8888
4 1 3 3202 4798 7239
3 3
4 1 2 1667 7601
4 1 2 1668 5516
4 1 2 1821 7165
3 2
4 1 3 1819 6447 6974
4 1 4 1820 6430 6975 7149
3 2
4 1 2 3074 4908
4 1 2 7191 8523
2 5
3 2
4 1 3 1372 7214 8107
4 1 3 1373 7795 8166
3 2
4 1 2 1427 2206
4 2
5 1 2 2268 5693
5 1 2 5517 11256
3 2
4 1 3 2316 9892 9893
4 1 3 9942 9943 10791
3 2
4 1 4 2786 2790 5890 5891
4 1 4 2921 7397 7472 9204
3 1 3 3054 3055 7867
2 3
3 2
4 1 2 1384 3195
4 1 2 1385 6837
3 2
4 1 5 1542 7085 7959 8015 9216
4 1 2 6752 11180
3 3
4 1 2 2468 3268
4 1 2 4134 6441
4 1 3 6442 8328 8330
2 2
3 2
4 1 2 1927 3984
4 1 2 1928 6881
3 1 4 4246 4247 5016 5017
2 2
3 1 3 2149 5309 7938
3 1 3 3912 5310 10543
2 2
3 1 5 2716 4782 5375 8044 9330
3 2
4 1 2 5328 9328
4 1 3 7351 7964 8045
1 9
2 4
3 2
4 1 4 410 1664 7669 10832
4 1 3 2061 5945 6658
3 1 5 411 412 5707 6414 10452
3 1 2 414 4250
3 1 5 6135 10205 10206 10210 10294
2 4
3 1 5 853 3854 3855 5191 6134
3 1 3 877 3677 11165
3 2
4 1 3 1878 3811 3816
4 1 2 3810 3908
3 1 2 4959 10859
2 4
3 1 3 862 9840 10213
3 2
4 1 3 8437 9988 9989
4 1 2 9990 9991
3 1 3 9687 9688 11228
3 2
4 1 2 10030 10190
4 1 2 10031 10032
2 3
3 2
4 1 4 927 6092 6693 10276
4 1 3 2084 6094 9853
3 2
4 2
5 1 2 1207 9283
5 1 2 1208 11146
4 1 2 5233 11051
3 1 4 4773 4775 4776 4777
2 4
3 3
4 1 3 2476 10249 10274
4 1 2 7268 8723
4 1 3 10272 10273 10275
3 2
4 1 2 5078 10254
4 1 2 5842 7809
3 2
4 2
5 1 2 10241 10244
5 1 2 10245 10271
4 1 3 10242 10243 10248
3 1 5 10246 10247 10250 10252 10270
2 6
3 1 5 2582 4427 6437 8744 10047
3 1 3 2972 4644 11195
3 1 2 4870 7834
3 1 2 7419 9664
3 1 2 8594 9654
3 1 3 10310 10815 10816
2 4
3 2
4 1 4 3014 8596 8597 8599
4 2
5 1 2 3017 11170
5 1 2 3852 9933
3 2
4 1 4 3015 11054 11168 11169
4 1 2 7453 11173
3 2
4 1 4 3016 3099 7128 7130
4 1 2 4274 8598
3 2
4 2
5 1 2 3457 3458
5 1 2 3853 6178
4 1 2 6633 6634
2 3
3 2
4 1 2 3077 4164
4 1 3 5039 5040 8595
3 1 3 5041 10459 10462
3 1 4 6666 6947 7364 7365
2 1 5 4601 5125 6169 10374 10375
1 1 3 438 4819 8357
1 7
2 3
3 1 4 568 569 7059 10654
3 1 2 3760 7701
3 2
4 1 2 6444 10226
4 1 2 6445 9028
2 6
3 1 3 777 4529 5630
3 1 4 4125 10160 10214 10218
3 1 2 5759 10217
3 1 3 7469 9823 10227
3 1 4 10159 10161 10220 10225
3 2
4 1 2 10215 10223
4 1 2 10219 10224
2 3
3 2
4 1 3 1330 5734 7541
4 1 2 5739 7255
3 2
4 1 4 1860 1861 7175 7256
4 1 2 1862 6788
3 1 2 2522 6462
2 1 3 2349 2351 7811
2 5
3 1 3 2434 8757 10983
3 3
4 2
5 1 2 3948 10918
5 1 2 6347 7871
4 1 2 3949 10977
4 1 4 3950 9722 9723 9727
3 3
4 1 5 4324 4645 8630 9772 9821
4 1 2 5640 9822
4 1 2 9753 9770
3 2
4 2
5 1 2 7116 9749
5 1 2 9726 9771
4 2
5 1 3 8671 8672 9769
5 1 2 9721 9755
3 1 3 9725 9750 10976
2 4
3 1 2 3190 9818
3 1 3 3272 3273 8759
3 1 3 6602 6603 9745
3 1 2 8675 8676
2 2
3 1 3 5334 9733 9805
3 1 4 5533 9715 9724 10578
1 8
2 3
3 1 3 609 7217 7356
3 1 3 610 3793 4648
3 1 2 6409 7068
2 2
3 1 2 691 6480
3 1 3 693 865 7199
2 3
3 2
4 1 2 692 3240
4 1 3 3697 6204 6316
3 1 2 1795 11087
3 1 4 2343 3160 5096 6315
2 3
3 3
4 2
5 1 2 2148 4375
5 1 2 5935 7589
4 1 2 5836 6685
4 1 2 7820 7934
3 2
4 1 2 4152 11216
4 1 3 5837 6234 8061
3 1 2 4376 7736
2 3
3 1 3 2759 6934 9193
3 1 2 2760 2761
3 1 2 4996 7501
2 4
3 2
4 1 2 2805 5285
4 1 2 5924 10662
3 2
4 1 2 4940 5937
4 1 2 4941 5692
3 1 2 4943 6972
3 2
4 1 2 5370 8712
4 1 2 6973 7952
2 2
3 2
4 1 2 3029 7772
4 1 2 3030 3146
3 1 2 3488 6259
2 3
3 1 2 4853 7160
3 1 3 5936 6317 6609
3 1 2 6608 6673
1 2
2 1 3 613 9995 10001
2 1 2 7744 10000
1 7
2 2
3 1 5 651 2423 4165 7874 10453
3 1 5 3312 10700 10702 10723 10773
2 3
3 4
4 1 2 861 1840
4 1 4 1741 10290 10920 11082
4 1 2 7294 7531
4 1 3 8785 10921 11081
3 2
4 1 3 5071 5931 6919
4 1 3 8783 9603 11083
3 2
4 2
5 1 3 5929 6009 6244
5 1 2 5930 6008
4 2
5 1 2 8782 8784
5 1 2 8786 8787
2 4
3 1 3 1203 3308 7481
3 2
4 1 3 3435 10772 10782
4 1 3 4014 10423 10675
3 2
4 2
5 1 2 4983 10783
5 1 2 10724 10746
4 1 2 6158 10707
3 1 4 10676 10697 10745 10774
2 2
3 1 4 1738 4419 8139 10451
3 2
4 1 3 2782 6405 7978
4 1 2 4418 7314
2 2
3 2
4 2
5 1 2 1739 11080
5 1 3 1740 4499 4713
4 1 3 4714 5131 5132
3 2
4 2
5 1 2 1857 4219
5 1 2 4716 6220
4 2
5 1 2 3472 6276
5 1 2 4715 5861
2 3
3 3
4 1 2 1810 8929
4 1 3 4524 8896 11090
4 1 2 8895 8930
3 1 3 3464 3903 7000
3 2
4 1 2 4373 8174
4 1 3 7001 7998 7999
2 2
3 1 3 4204 6999 8302
3 1 2 6998 8303
1 1 2 771 6032
1 5
2 3
3 1 5 820 821 4032 4033 7226
3 1 2 822 7840
3 1 2 1789 6243
2 3
3 1 3 1592 4182 5312
3 2
4 2
5 1 2 1593 7927
5 1 2 3065 7886
4 1 2 5887 6217
3 2
4 1 2 3886 4581
4 1 2 5313 5888
2 3
3 1 3 1594 5194 7801
3 1 2 1941 7782
3 1 2 4966 7640
2 3
3 2
4 1 2 1791 6060
4 1 2 5380 8545
3 1 5 5304 5379 5381 8575 11048
3 1 2 7588 9270
2 3
3 2
4 1 3 2385 2491 7025
4 1 3 9610 9617 9619
3 2
4 1 2 4208 7587
4 1 2 7899 11063
3 1 5 7024 8417 8418 8419 11144
1 1 3 936 937 938
1 1 2 983 6748
1 2
2 1 4 1012 3353 4630 7004
2 1 3 3384 5047 10314
1 1 2 1036 3558
1 5
2 2
3 1 2 1038 6138
3 1 2 3511 3512
2 3
3 2
4 1 2 3658 8022
4 1 2 4653 5197
3 1 3 4253 5153 7287
3 1 4 4652 4654 4655 6248
2 2
3 1 4 4505 4506 4508 5366
3 1 4 4507 4509 4510 7395
2 3
3 1 5 4651 4994 5584 6988 7822
3 1 5 4991 4992 5603 6593 8087
3 2
4 1 2 4993 5585
4 1 2 5602 5994
2 2
3 1 2 4990 6264
3 1 2 5365 7635
1 1 2 1092 1093
1 1 2 1102 6343
1 1 3 1119 5135 7756
1 3
2 1 4 1155 1340 1341 9659
2 2
3 1 2 2548 2549
3 1 2 6552 7289
2 1 4 2568 2569 2771 5168
1 9
2 3
3 3
4 1 3 1164 1166 1167
4 1 2 2025 6319
4 1 2 5230 5301
3 2
4 1 3 2026 4756 6867
4 1 2 6393 6394
3 2
4 1 3 2985 3026 4093
4 1 2 4092 9778
2 2
3 2
4 1 3 1165 1953 5560
4 1 3 1441 1442 1444
3 2
4 1 3 1250 1443 8441
4 1 2 1251 1445
2 3
3 1 5 1259 1436 4301 9843 9940
3 1 4 1435 7290 8188 9935
3 2
4 1 3 2846 7291 9937
4 1 3 3298 9936 9938
2 2
3 1 3 1713 2999 3000
3 1 3 2997 2998 7074
2 4
3 2
4 1 2 3934 9976
4 1 2 3935 3936
3 2
4 1 3 3937 9752 10500
4 1 3 6960 7373 7374
3 1 4 3938 8638 9977 10519
3 1 2 10497 10518
2 2
3 1 2 6758 8098
3 1 2 9455 11009
2 2
3 1 3 8331 8333 9512
3 1 2 9516 10316
2 2
3 1 2 8444 10540
3 1 2 9909 11184
2 1 3 10171 10554 10555
1 1 3 1241 1242 4970
1 1 2 1307 2479
1 1 2 1308 6770
1 1 3 1313 3500 7209
1 1 2 1316 6117
1 1 3 1320 5176 6173
1 2
2 1 5 1332 1333 1335 2442 3828
2 1 3 1334 2441 7086
1 1 2 1374 6068
1 1 2 1487 1488
1 1 3 1545 2242 9335
1 1 3 1548 6152 6680
1 1 2 1559 2811
1 4
2 2
3 2
4 1 2 1588 8008
4 1 2 3147 10993
3 1 4 1793 3148 3608 4896
2 2
3 2
4 1 2 2001 4106
4 1 2 4770 6298
3 2
4 1 2 4064 7517
4 1 2 5526 7516
2 2
3 1 3 2477 8447 8448
3 1 3 2478 7346 8449
2 1 4 5102 7634 8006 8007
1 1 3 1643 4297 7536
1 1 2 1682 1683
1 2
2 1 2 1847 5732
2 1 2 6210 6211
1 1 3 1856 6987 8009
1 1 2 1926 5513
1 1 2 2036 8181
1 1 2 2157 5004
1 1 2 2222 6887
1 1 2 2244 5548
1 1 2 2315 5614
1 1 2 2362 2363
1 1 2 2403 2404
1 1 2 2448 7478
1 1 3 2460 2462 9638
1 3
2 1 2 2463 3473
2 1 3 3699 5396 6822
2 1 3 5397 6753 6908
1 2
2 1 3 2554 2555 5470
2 1 2 5469 8666
1 1 2 2564 10395
1 2
2 2
3 1 3 2578 3127 5964
3 1 3 2579 2580 11032
2 1 2 2581 3698
1 1 3 2594 8375 8376
1 1 3 2623 2624 4835
1 2
2 1 2 2669 3584
2 1 2 2670 2888
1 1 2 2740 4700
1 1 3 2767 6475 8178
1 1 3 2798 2799 3113
1 1 2 2895 6598
1 1 2 2996 10426
1 1 2 3006 7329
1 1 2 3027 3028
1 1 2 3075 3076
1 2
2 1 2 3134 3135
2 1 2 7067 8327
1 2
2 1 3 3155 3503 5851
2 1 2 7464 7681
1 2
2 1 2 3163 5210
2 1 2 6918 7700
1 1 3 3173 5518 7249
1 1 2 3200 6049
1 1 3 3357 3358 6706
1 1 2 3385 8577
1 1 2 3498 3499
1 1 2 3506 5256
1 1 2 3519 5780
1 1 2 3648 5508
1 2
2 1 2 3660 7032
2 1 3 4353 4354 10240
1 1 2 3667 4919
1 1 2 3722 7206
1 3
2 1 4 3820 5876 10196 10197
2 2
3 1 2 4183 7261
3 1 2 4481 9529
2 1 2 4482 9765
1 1 2 3832 3833
1 1 2 3834 11093
1 1 3 3842 3843 7113
1 1 2 3874 5251
1 1 3 3878 3879 3880
1 1 2 3904 5544
1 1 2 3974 4893
1 1 3 4065 4066 6145
1 1 2 4075 11131
1 1 2 4126 4127
1 1 2 4161 8882
1 1 2 4218 7100
1 1 2 4259 9964
1 1 2 4284 9948
1 1 2 4288 9800
1 1 2 4331 6215
1 1 2 4430 9761
1 1 2 4511 10498
1 2
2 1 3 4579 4857 9648
2 1 3 5588 10350 10356
1 1 2 4585 4586
1 1 2 4587 9348
1 1 2 4667 10931
1 1 2 4745 11122
1 1 3 4763 4764 10424
1 1 2 4766 7710
1 1 2 4811 4856
1 1 2 4849 6944
1 1 2 4942 5549
1 2
2 2
3 1 2 4956 7769
3 1 2 5605 7150
2 1 2 5606 5781
1 2
2 1 2 4987 11067
2 1 2 4988 7817
1 1 2 5056 5058
1 1 2 5160 7833
1 1 2 5161 8909
1 1 2 5172 11222
1 1 3 5202 5699 8058
1 1 2 5203 5835
1 1 2 5214 10947
1 1 2 5216 5217
1 1 3 5239 5240 7489
1 1 2 5245 10606
1 1 4 5262 5263 5264 6031
1 1 2 5300 6585
1 2
2 1 2 5315 5316
2 1 3 8889 8890 8891
1 1 2 5329 8426
1 1 2 5356 9961
1 2
2 1 2 5415 10820
2 1 2 8974 8984
1 1 3 5418 9133 10198
1 1 2 5425 5426
1 1 3 5428 5429 5430
1 1 2 5434 6825
1 1 3 5528 5529 7767
1 1 3 5607 5608 6626
1 1 2 5657 5658
1 1 3 5667 5668 5669
1 1 2 5710 5711
1 1 2 5735 5736
1 1 2 5776 6543
1 1 2 5785 7483
1 1 2 5866 6874
1 1 3 5932 5933 10201
1 1 2 5979 11147
1 1 2 6034 6035
1 2
2 1 2 6101 7636
2 1 2 8354 8542
1 1 2 6120 6121
1 1 2 6154 10895
1 1 2 6163 6397
1 3
2 1 2 6260 6261
2 1 2 10019 10644
2 1 2 10023 10094
1 1 3 6349 6350 6351
1 1 3 6406 6407 10777
1 1 3 6465 7716 7717
1 1 2 6473 6474
1 1 2 6478 6479
1 2
2 1 3 6502 6503 9338
2 1 3 9334 9336 9337
1 1 2 6506 6507
1 1 2 6618 6619
1 1 2 6699 6700
1 1 2 6728 6913
1 1 2 6876 6877
1 1 2 6883 7296
1 1 2 6932 7482
1 1 2 7148 7401
1 1 2 7245 9524
1 2
2 1 2 7299 9287
2 1 3 9285 9286 9288
1 1 3 7301 9163 9164
1 1 3 7306 10035 10073
1 1 2 7326 10315
1 1 2 7385 7386
1 1 2 7550 8391
1 1 2 7552 10524
1 1 2 7556 7557
1 1 2 7628 7904
1 1 2 7733 7734
1 1 2 7935 11156
1 2
2 1 2 7972 9655
2 1 4 9656 9657 9658 9707
1 1 2 8023 8140
1 1 2 8199 8200
1 1 2 8209 8210
1 1 3 8243 10335 10336
1 1 3 8253 10322 10323
1 1 2 8334 8348
1 1 3 8382 8383 8384
1 1 2 8388 8761
1 1 2 8394 8395
1 1 2 8439 8440
1 1 2 8452 8453
1 1 2 8464 11064
1 1 2 8493 10728
1 1 3 8524 8525 8527
1 1 3 8526 8528 8536
1 1 2 8533 8848
1 1 2 8582 8584
1 1 2 8629 9633
1 1 2 8705 8706
1 1 3 8714 8715 8716
1 1 2 8764 8765
1 1 2 8777 8779
1 1 2 8811 8812
1 1 3 8841 8842 8843
1 1 2 8914 11091
1 1 2 8931 8932
1 1 3 8933 8935 8936
1 1 2 8946 8952
1 1 2 8950 9841
1 1 2 8963 8964
1 1 3 9017 9018 9022
1 1 2 9065 11171
1 1 3 9074 9075 9076
1 1 2 9098 9099
1 1 2 9115 9628
1 1 2 9121 10576
1 1 2 9170 9282
1 1 2 9198 9199
1 1 2 9211 9234
1 1 2 9251 9259
1 1 2 9366 9367
1 1 2 9416 9417
1 1 2 9451 9684
1 1 2 9460 9461
1 1 2 9550 9552
1 1 2 9607 9626
1 1 2 9609 9616
1 1 3 9672 9673 9674
1 1 2 9675 9676
1 1 2 9677 9784
1 2
2 1 2 9678 10795
2 1 2 10448 10796
1 1 2 9679 9680
1 1 2 9685 9686
1 1 2 9746 9747
1 1 2 9748 9754
1 1 2 9756 9785
1 1 2 9758 9759
1 1 3 9762 9763 9764
1 1 3 9819 9820 9865
1 1 2 9866 9867
1 1 2 9898 9950
1 1 2 9903 9904
1 1 2 10051 10943
1 2
2 1 2 10140 10141
2 1 2 10142 10192
1 1 2 10193 10194
1 1 2 10200 10618
1 1 2 10228 10229
1 1 2 10261 10304
1 1 2 10305 10306
1 2
2 1 3 10321 10325 10328
2 1 2 10329 10330
1 1 2 10339 10354
1 1 2 10435 10436
1 1 2 10443 10444
1 1 2 10483 10484
1 1 2 10488 10501
1 1 2 10493 10494
1 1 2 10499 10505
1 1 2 10536 10537
1 1 2 10665 11027
1 1 2 10673 10674
1 1 2 10736 10737
1 1 2 10817 10819
