0 1370
1 4
2 1 44 0 1056 1790 2655 2656 2937 3126 3231 3533 3657 4059 4531 4541 5460 5609 6222 7108 7114 7207 7260 7680 7796 7862 8187 8237 8443 8579 8757 8791 9029 9434 9601 9620 9634 9639 9669 10353 10473 10591 10653 10900 11001 11139 11250
2 1 2 3190 9818
2 1 2 9052 9053
2 1 2 10604 10605
1 6
2 1 3 1 883 965
2 1 4 52 2756 4545 10631
2 1 2 884 2954
2 1 3 1570 6168 11092
2 2
3 1 2 4544 6223
3 1 2 9019 10642
2 1 3 6084 6085 7633
1 8
2 1 6 2 3189 4251 10235 10236 10238
2 2
3 1 3 4 6070 7506
3 1 2 93 977
2 2
3 1 2 94 3624
3 1 2 6401 8317
2 1 2 909 5261
2 2
3 1 3 1232 1566 2796
3 1 2 4626 5695
2 1 3 1234 7231 8944
2 1 2 1812 1813
2 1 3 8318 10233 10237
1 4
2 1 4 3 1669 1673 5414
2 1 3 1568 2976 4216
2 1 3 1569 1572 5003
2 1 2 1670 2565
1 42
2 1 13 5 1601 4680 5320 5880 6801 8608 8669 8678 8831 10303 10884 11179
2 2
3 1 2 6 4864
3 1 2 4865 6683
2 3
3 1 5 114 1077 2899 6606 8653
3 1 3 1582 2483 9306
3 1 2 5925 8307
2 2
3 1 3 120 3638 8924
3 1 2 2184 3451
2 2
3 1 3 190 192 9622
3 1 2 1312 2848
2 2
3 1 2 191 4405
3 1 3 7036 7037 8820
2 2
3 1 12 923 3462 4604 4731 5431 5879 8273 8640 8644 8645 8654 8655
3 1 2 5318 8309
2 4
3 1 3 1832 4122 5364
3 1 3 4356 8828 8835
3 1 4 7637 8148 8810 8825
3 1 2 8796 8802
2 3
3 1 5 1833 4584 8692 8697 8700
3 2
4 1 2 3219 8111
4 1 2 4863 8698
3 1 5 3626 3627 8801 8815 8817
2 2
3 1 3 2168 6996 8664
3 1 2 7627 8610
2 1 3 2211 2854 8834
2 2
3 1 3 2432 3366 8673
3 1 2 4060 4062
2 2
3 1 3 2434 4429 10983
3 1 3 5507 6422 8800
2 2
3 1 3 2600 8919 8925
3 1 2 3454 7280
2 3
3 2
4 1 2 2757 8824
4 1 2 5355 6029
3 2
4 1 2 3452 8109
4 1 3 5926 6030 9304
3 1 3 6028 6795 6796
2 1 3 2849 4582 6491
2 2
3 1 2 2897 5171
3 1 2 3049 8832
2 1 3 2920 8910 9279
2 2
3 1 3 3220 8699 8816
3 1 2 6707 8823
2 1 3 3399 7035 8797
2 1 3 3453 8821 8830
2 2
3 1 4 3485 6739 8803 9305
3 1 2 7949 11202
2 4
3 1 2 3497 6648
3 1 3 3628 4407 8819
3 1 2 4357 8818
3 1 3 4406 4725 8110
2 1 2 3711 6252
2 2
3 1 3 3761 8809 8922
3 1 3 5319 5839 8648
2 1 3 4052 6136 6295
2 1 5 4080 6802 6915 8641 8650
2 2
3 1 2 4081 9222
3 1 3 7158 7159 7371
2 2
3 1 2 4145 8674
3 1 2 4409 9202
2 1 3 4170 6847 10301
2 2
3 1 2 4408 8649
3 1 3 8657 8804 8827
2 2
3 1 3 4421 4455 8652
3 1 2 4456 8647
2 3
3 1 2 6093 7638
3 1 2 6812 8651
3 1 3 8805 8807 8822
2 1 3 8255 8656 8833
2 1 3 8365 8667 10302
2 1 2 8642 8829
2 1 3 8643 8668 8670
2 1 3 8677 8913 8915
2 1 3 8793 8794 8795
2 1 2 8813 8814
2 1 2 8826 11166
2 1 2 9302 9303
1 11
2 2
3 1 2 7 10
3 1 2 9 2516
2 2
3 1 2 8 8928
3 1 2 10847 10848
2 4
3 1 2 386 3448
3 1 4 388 389 390 3447
3 1 3 459 1658 8405
3 1 3 1656 10124 10125
2 1 3 387 2908 2909
2 2
3 2
4 1 2 947 2662
4 1 2 951 4932
3 1 3 1657 1660 10515
2 1 3 2704 4410 4761
2 3
3 1 4 2910 4289 4290 7902
3 1 2 4390 4391
3 1 4 4392 4393 6556 7535
2 2
3 1 2 3800 10837
3 1 2 3801 6607
2 1 3 6188 6189 8215
2 2
3 1 2 6839 8985
3 1 2 6840 9490
2 1 3 8216 10592 10593
1 29
2 7
3 1 3 11 4442 4447
3 2
4 1 2 416 6821
4 1 3 638 1421 5848
3 1 4 417 5610 6203 8123
3 2
4 1 3 444 581 880
4 1 3 881 882 4450
3 3
4 1 2 502 4368
4 1 3 955 1380 4415
4 1 3 2585 2586 5270
3 1 3 3180 4953 7316
3 1 2 3314 6146
2 2
3 1 2 45 3893
3 1 3 4778 5335 5874
2 3
3 1 2 178 10170
3 1 3 420 1907 2536
3 1 2 4226 4436
2 2
3 1 2 212 5336
3 1 2 4369 7851
2 5
3 1 4 213 216 2696 2833
3 1 3 442 445 7875
3 2
4 1 3 605 843 5869
4 1 3 608 840 3424
3 1 3 1889 4443 6717
3 1 4 2077 2541 4260 4444
2 4
3 2
4 1 4 214 294 3586 7948
4 1 2 397 4118
3 2
4 1 3 503 505 4542
4 1 2 1729 5308
3 1 3 603 2677 5983
3 1 2 2418 4449
2 1 3 215 7042 7447
2 2
3 1 2 396 5601
3 1 4 2663 3862 4710 6869
2 2
3 1 3 415 419 3172
3 1 2 6709 7790
2 1 3 418 530 6425
2 2
3 1 4 578 3861 4348 6731
3 2
4 1 2 580 8078
4 1 3 607 3510 10855
2 1 2 592 10960
2 1 5 604 606 3748 3749 5343
2 2
3 1 3 696 1020 4448
3 1 3 697 2695 6649
2 1 3 841 978 1891
2 1 2 878 6721
2 2
3 1 2 1090 6893
3 1 2 1553 3700
2 3
3 1 4 1721 1859 4261 5441
3 1 3 5713 6277 7929
3 1 3 9486 9496 9498
2 1 3 1753 1876 2690
2 1 3 2127 2129 2130
2 1 3 2419 2420 7598
2 1 3 2508 9994 10882
2 1 2 2542 5296
2 1 3 2665 6866 11140
2 3
3 1 3 2694 7121 9487
3 1 3 3191 3719 3720
3 1 2 4748 10880
2 1 3 2715 5337 6766
2 1 5 3178 3179 6774 6775 6909
2 1 3 4141 5970 10825
2 1 3 4446 5137 6853
1 16
2 5
3 2
4 1 5 12 22 2015 2604 7620
4 1 2 3705 7849
3 2
4 1 3 15 6270 9731
4 1 3 2062 2213 9428
3 2
4 1 4 24 164 829 3326
4 1 2 424 5916
3 1 3 244 2819 4239
3 1 3 1159 3328 3591
2 3
3 1 2 14 6870
3 1 3 2643 5198 10627
3 1 4 3712 5963 6045 6046
2 1 3 16 2398 3007
2 1 4 21 1561 2576 5696
2 1 3 27 5283 6047
2 2
3 1 5 53 1681 3440 10914 11079
3 1 3 308 4813 8588
2 5
3 2
4 1 2 301 9246
4 1 2 815 8042
3 1 3 2266 3795 8018
3 2
4 1 2 2608 2810
4 1 2 4742 8746
3 1 3 3598 4729 4730
3 1 3 3796 3799 6720
2 7
3 1 3 306 5127 9402
3 1 2 879 9459
3 1 3 1190 9472 9539
3 1 2 1551 9483
3 1 2 3204 6794
3 1 4 3823 4783 6294 9473
3 1 3 9537 9538 9668
2 3
3 1 3 590 3939 4515
3 2
4 1 2 1510 9413
4 1 2 4969 5727
3 1 3 1922 2259 2607
2 3
3 2
4 1 3 813 6007 7415
4 1 2 1550 3401
3 1 2 3341 6594
3 1 2 3850 6237
2 2
3 1 3 1560 2017 9456
3 1 3 2016 3205 9404
2 2
3 1 2 2091 8160
3 1 2 2816 3241
2 1 2 2239 9471
2 2
3 2
4 1 2 2313 10965
4 1 2 5541 6218
3 1 4 2466 2942 3639 3747
2 1 2 3808 9803
2 1 2 4245 5914
1 17
2 2
3 1 3 13 2144 5079
3 1 2 3327 3783
2 1 3 245 3784 9378
2 1 3 300 352 7706
2 2
3 2
4 1 2 302 814
4 1 3 423 1406 3590
3 1 5 303 359 3805 3806 5767
2 4
3 1 3 304 812 10913
3 1 2 310 7377
3 1 2 2486 3781
3 1 2 5420 10912
2 1 3 305 589 4967
2 2
3 1 4 309 772 5863 8550
3 1 2 770 7868
2 3
3 1 2 361 5243
3 1 2 582 1195
3 1 2 8150 9868
2 2
3 1 4 422 425 4985 7227
3 1 3 3891 4387 10690
2 1 2 1407 5712
2 1 2 1466 10734
2 1 3 1871 8978 8981
2 1 3 2701 7297 10595
2 1 2 3625 6521
2 1 2 3804 9036
2 1 3 3807 5820 8979
2 1 3 6885 7430 10756
1 8
2 1 4 17 4603 5821 7670
2 1 3 293 1524 7540
2 2
3 1 5 406 5295 7671 7719 9326
3 1 4 2024 3203 7900 8101
2 1 2 844 11182
2 1 3 1538 9312 9395
2 1 2 2110 9567
2 1 2 4888 11181
2 1 2 9313 9390
1 26
2 2
3 1 3 18 811 4294
3 1 3 20 2540 2654
2 2
3 1 5 19 663 2391 3896 7568
3 1 2 2196 6251
2 1 5 105 4817 6570 7089 11223
2 2
3 1 3 133 2177 6843
3 1 2 5199 8208
2 4
3 1 4 514 2175 2186 9111
3 2
4 1 3 541 3400 4688
4 1 2 664 7854
3 1 2 1174 2850
3 2
4 1 2 2141 2181
4 1 3 2167 3597 9560
2 2
3 1 2 659 6069
3 1 2 660 7090
2 2
3 1 2 661 673
3 1 2 2500 6967
2 2
3 1 3 662 1742 2162
3 1 2 805 4378
2 6
3 1 4 666 2187 5749 8026
3 2
4 1 2 667 2189
4 1 2 1244 11217
3 1 4 668 2614 6114 9561
3 1 2 2101 2102
3 2
4 1 2 4662 8027
4 1 2 4894 7104
3 1 3 6090 6321 7360
2 2
3 1 2 669 1304
3 1 3 6005 6670 9100
2 2
3 1 3 670 8727 8728
3 1 3 1783 5450 6018
2 2
3 1 3 671 2170 6519
3 1 2 3814 3817
2 1 5 672 2190 5520 6089 7400
2 1 3 731 2151 2185
2 3
3 2
4 1 3 810 5378 6859
4 1 2 2191 7553
3 1 3 1305 1306 7102
3 1 4 3539 4383 4384 4385
2 2
3 1 2 863 2188
3 1 2 1769 9097
2 2
3 1 4 922 2898 6431 6512
3 1 3 925 1193 11231
2 2
3 1 4 1245 2236 5501 7789
3 1 2 5134 6322
2 1 2 1299 4305
2 2
3 1 2 1743 3537
3 1 2 3815 4061
2 1 2 2142 3897
2 2
3 1 3 2165 9106 9107
3 1 2 2176 6615
2 1 3 2900 2901 3048
2 1 2 3356 8201
2 1 3 5215 7879 8646
2 1 2 5641 7368
1 5
2 2
3 1 3 23 2605 11199
3 1 3 28 11196 11198
2 1 3 25 26 915
2 4
3 1 2 893 10008
3 1 2 916 10809
3 1 3 1156 3109 3239
3 1 2 1549 1562
2 1 3 2603 4895 7860
2 2
3 1 2 5090 7806
3 1 2 10898 10915
1 1 5 29 30 31 32 7043
1 3
2 1 4 33 8614 11164 11190
2 1 2 3768 9060
2 1 2 6880 7164
1 6
2 1 4 34 1326 5676 5679
2 1 2 1029 8513
2 1 3 5563 5881 7224
2 1 2 5564 5902
2 1 2 5678 8514
2 1 2 5680 10358
1 6
2 2
3 1 2 35 8416
3 1 2 1508 7773
2 1 3 1506 2038 5048
2 1 3 2070 5433 7507
2 1 2 4229 5796
2 1 2 5088 5089
2 1 3 6696 8880 8881
1 3
2 1 4 36 7428 7429 10016
2 1 2 2660 3156
2 1 4 3763 6324 6325 7555
1 10
2 1 2 37 2602
2 1 3 40 11127 11128
2 3
3 1 3 1382 7221 10057
3 1 3 8051 8053 10079
3 1 3 8844 10048 10055
2 2
3 1 2 1696 4955
3 1 3 3381 7056 8105
2 1 2 2394 10050
2 3
3 1 2 3534 5117
3 1 2 5613 6483
3 1 2 6484 6485
2 1 3 3718 6844 10058
2 3
3 1 4 4312 7040 10066 10080
3 1 3 5116 7279 11239
3 1 2 5909 10052
2 2
3 1 2 6290 7039
3 1 3 10069 10076 10082
2 1 3 10067 10068 10120
1 2
2 1 2 38 10041
2 1 2 1411 10466
1 2
2 1 2 39 7510
2 1 2 7508 7511
1 2
2 1 3 41 4668 4670
2 1 4 3631 3632 4669 7026
1 1 2 42 5721
1 5
2 1 2 43 10174
2 2
3 1 3 155 161 6661
3 2
4 1 2 2430 10172
4 1 2 2431 6662
2 1 3 769 2338 8421
2 1 3 1203 3308 7481
2 1 3 6213 6214 7066
1 8
2 1 4 44 481 5934 8093
2 1 5 123 4497 7449 9421 10134
2 2
3 1 2 124 2533
3 1 2 5854 8151
2 2
3 1 3 125 5922 10811
3 1 2 1623 5572
2 1 3 4295 10149 10185
2 1 2 4296 7889
2 1 2 5923 7470
2 1 2 8966 10739
1 6
2 1 2 46 5222
2 2
3 1 2 204 4486
3 1 2 4698 4913
2 1 4 287 289 290 1495
2 2
3 1 2 288 3930
3 1 4 2940 6275 6281 6922
2 1 5 291 1494 2884 2885 3881
2 1 2 1049 8073
1 4
2 1 3 47 3337 3338
2 1 3 48 4155 6857
2 2
3 1 2 518 4007
3 1 3 756 5226 8069
2 1 2 3002 3535
1 12
2 2
3 1 4 49 4664 6592 8099
3 1 2 4663 6636
2 2
3 1 2 50 6232
3 1 2 6242 8585
2 2
3 1 4 130 3998 4961 7309
3 1 2 3301 5568
2 1 2 598 1505
2 1 3 1233 5677 10713
2 1 3 1323 4769 5020
2 1 2 2008 4180
2 2
3 1 2 2826 10722
3 1 2 4984 7523
2 2
3 1 2 3583 10579
3 1 2 7522 9728
2 2
3 1 4 4308 6253 10256 10288
3 1 3 6539 7683 10287
2 1 2 7474 7901
2 1 2 10132 10133
1 3
2 3
3 1 2 51 8491
3 1 3 547 845 3350
3 1 2 3351 5363
2 1 5 846 847 4199 8578 8726
2 2
3 1 3 4200 7016 7017
3 1 3 7018 8724 10399
1 5
2 1 5 54 55 56 3702 4048
2 1 2 57 7097
2 1 5 58 3137 7096 7549 9180
2 2
3 1 2 750 6126
3 1 2 2205 5130
2 2
3 1 3 1556 1964 4241
3 1 2 3701 10411
1 3
2 1 2 59 3822
2 1 5 1687 1688 4822 6737 7967
2 2
3 1 3 1990 6767 11247
3 1 2 8034 8708
1 4
2 1 4 60 62 3116 5490
2 1 3 63 6269 10970
2 1 4 66 2661 3623 6111
2 1 2 4036 11206
1 2
2 1 3 61 6110 7937
2 1 2 3450 4836
1 9
2 1 7 64 6297 6928 9189 10930 11070 11072
2 1 2 3042 10414
2 1 2 3578 9196
2 1 2 4678 5647
2 1 2 6402 6403
2 1 3 6926 6927 10173
2 1 2 6961 8289
2 1 2 8721 8722
2 1 2 9191 9197
1 6
2 2
3 1 2 65 9802
3 1 3 2867 6187 6487
2 3
3 1 4 853 4110 4556 9790
3 1 2 2700 5480
3 1 2 5084 10452
2 1 3 2868 4156 10798
2 2
3 1 2 2972 2977
3 1 3 2973 3733 7407
2 1 3 6659 9791 9801
2 1 4 6660 9789 9792 9793
1 6
2 8
3 1 2 67 10858
3 1 3 71 72 4633
3 1 2 79 2368
3 1 2 235 4631
3 1 3 1150 2370 4595
3 1 2 1930 2443
3 1 2 2922 3899
3 1 2 3044 6895
2 4
3 4
4 1 2 68 74
4 1 2 81 6263
4 1 2 2212 4485
4 1 3 2447 3875 6058
3 1 4 75 2806 2890 2891
3 1 2 77 1191
3 1 3 2892 7853 8062
2 5
3 1 4 69 1892 4632 5697
3 1 2 1759 6353
3 1 4 1761 2369 4679 5639
3 1 2 1762 6209
3 1 2 7715 8371
2 2
3 2
4 1 2 73 986
4 1 2 4918 6835
3 2
4 1 3 78 3234 3236
4 1 2 3162 5237
2 1 3 76 80 5628
2 1 2 5220 6875
1 3
2 1 4 70 8191 10894 10929
2 1 2 595 11201
2 2
3 1 2 2990 7125
3 1 3 4306 7124 7812
1 10
2 2
3 1 2 82 3331
3 1 2 85 5733
2 3
3 1 4 83 84 524 3114
3 1 4 86 525 5698 11125
3 1 3 1264 3691 3692
2 1 3 87 10801 10802
2 2
3 1 2 88 9479
3 1 2 2923 4562
2 1 3 112 2258 7808
2 2
3 1 2 311 2902
3 1 2 5904 7112
2 1 2 385 6354
2 1 2 2749 9408
2 1 2 6498 6499
2 1 2 9808 9848
1 6
2 1 10 89 2275 3434 4676 6757 6793 7569 10879 11109 11235
2 1 2 1734 4589
2 1 2 4588 6901
2 1 3 6677 6678 8298
2 1 2 7612 10721
2 1 2 8173 9682
1 1 5 90 1828 5524 9683 10589
1 16
2 4
3 1 2 91 7665
3 1 4 456 2227 5100 10455
3 1 4 457 3901 4325 11227
3 1 2 3757 8106
2 2
3 1 2 209 464
3 1 2 1854 8710
2 2
3 1 3 353 2004 6488
3 1 2 1962 5027
2 1 5 360 3339 3819 7686 10275
2 2
3 1 3 421 3756 9073
3 1 2 1025 3270
2 3
3 1 2 460 6054
3 1 3 463 2815 11026
3 1 3 1400 4037 11025
2 3
3 1 2 617 3211
3 1 3 1879 5808 10566
3 1 2 3299 10852
2 2
3 1 2 933 3412
3 1 3 2917 3409 5481
2 1 2 1023 6842
2 3
3 1 2 2395 8429
3 1 2 2537 2975
3 1 3 4552 6323 7945
2 2
3 1 2 2702 6446
3 1 2 4104 7979
2 2
3 1 3 2974 8428 11124
3 1 2 4875 7921
2 2
3 1 2 3210 3755
3 1 3 4344 7458 7866
2 1 3 3411 4243 9384
2 2
3 1 3 3782 3844 9383
3 1 2 6935 7278
2 1 2 4103 4479
1 5
2 1 4 92 3038 4871 4872
2 1 4 874 3037 3039 4144
2 1 2 1258 5958
2 1 3 1671 1672 3041
2 2
3 1 2 2795 3410
3 1 2 2797 3040
1 2
2 1 2 95 1937
2 1 2 5583 8467
1 6
2 2
3 1 4 96 4747 5344 6369
3 1 3 97 98 4746
2 1 8 848 4600 6990 7426 7490 7492 7580 8161
2 1 2 849 5212
2 1 3 850 2489 7654
2 1 2 3425 7491
2 1 3 3433 7655 7656
1 1 4 99 3610 7479 10785
1 1 5 100 1450 2238 6953 11119
1 3
2 1 3 101 104 730
2 1 3 1768 2178 2182
2 1 2 2159 4094
1 1 3 102 103 7045
1 5
2 2
3 1 2 106 175
3 1 2 176 3360
2 1 3 119 1266 8392
2 1 6 2582 4427 6437 8744 9654 10047
2 1 2 7419 9664
2 1 2 10470 10474
1 2
2 1 3 107 597 7915
2 1 2 4364 5294
1 1 3 108 109 1718
1 1 3 110 3836 5103
1 7
2 1 4 111 1498 3967 7909
2 1 4 1351 1352 2747 7367
2 1 3 1353 1437 5965
2 1 5 1354 1355 2367 3181 7910
2 1 2 1760 11148
2 1 2 2746 3964
2 1 2 6601 6984
1 1 2 113 115
1 1 3 116 2498 2758
1 9
2 1 3 117 1567 9767
2 2
3 2
4 1 2 243 10772
4 1 2 497 2648
3 2
4 1 3 495 5372 9980
4 1 2 2858 7232
2 5
3 1 4 496 946 2857 8947
3 2
4 1 2 781 4119
4 1 2 892 7525
3 1 3 952 4537 5804
3 1 2 954 1564
3 1 2 1198 1798
2 1 3 630 2969 5491
2 2
3 2
4 1 3 653 1199 1997
4 1 2 3083 6180
3 1 4 1996 3544 9979 10845
2 2
3 1 2 785 9974
3 1 2 4082 5982
2 1 3 1201 4299 7503
2 1 3 2968 4795 6500
2 1 3 6309 8264 8265
1 6
2 1 4 118 1260 5259 7907
2 3
3 1 2 1231 7777
3 1 2 6764 8410
3 1 2 7778 9185
2 1 4 1339 3616 5077 8278
2 1 4 2807 4214 7797 10230
2 1 2 6504 9187
2 1 3 7126 9186 9921
1 10
2 2
3 1 4 121 3263 3264 7155
3 1 2 7156 8516
2 2
3 1 4 122 8500 8505 8507
3 1 2 8501 8521
2 3
3 1 3 703 706 5149
3 1 5 704 1659 6233 8281 8502
3 1 3 8121 8517 10293
2 3
3 1 4 705 707 708 10999
3 1 2 1011 5395
3 1 2 1186 1663
2 1 2 1187 6568
2 2
3 1 2 1733 9161
3 1 2 8529 9162
2 2
3 1 4 2114 6622 8515 10089
3 1 2 5859 7986
2 1 3 3262 6639 8043
2 2
3 1 3 3809 5145 5151
3 2
4 1 2 5146 5150
4 1 2 5147 5148
2 1 5 6565 8498 8503 8504 8508
1 1 4 126 2601 5684 7592
1 6
2 1 3 127 128 10876
2 2
3 1 2 129 5069
3 1 2 3840 5070
2 1 3 131 3841 5894
2 3
3 1 3 778 779 1272
3 1 2 2260 2261
3 1 3 3582 7475 10698
2 1 3 911 1369 7576
2 2
3 1 2 3438 4636
3 1 2 4637 7319
1 8
2 1 4 132 4571 4920 5351
2 1 4 1278 1281 1282 4035
2 2
3 1 3 1279 4903 11102
3 1 2 2195 4904
2 1 3 1280 1283 2874
2 1 2 2684 4891
2 1 3 3150 3153 4278
2 1 2 4100 7053
2 1 2 4890 5139
1 3
2 1 3 134 941 11143
2 1 3 944 5873 8733
2 1 2 2864 8732
1 8
2 1 3 135 3916 6742
2 1 3 508 9002 10663
2 3
3 1 3 1528 3813 10340
3 1 2 1531 5347
3 1 2 1532 6790
2 1 4 1530 4558 7877 10360
2 1 2 2078 5154
2 1 2 2079 4551
2 1 3 7200 7379 10359
2 1 3 8079 9318 10727
1 12
2 1 2 136 6194
2 1 3 138 6287 6327
2 1 3 168 7828 9565
2 2
3 1 3 537 748 5656
3 1 3 685 2527 2529
2 3
3 1 4 538 684 6905 9511
3 1 3 2248 3579 9173
3 1 2 2249 4884
2 1 5 686 2247 4656 4657 7182
2 1 2 687 4168
2 3
3 2
4 1 2 747 5177
4 1 2 5273 5422
3 1 3 2528 5181 6258
3 1 2 10113 10114
2 1 4 1724 3307 4242 5547
2 1 3 5968 8680 8681
2 1 2 6386 6906
2 1 2 8846 11117
1 9
2 2
3 1 4 137 167 7160 7196
3 1 2 3606 4197
2 2
3 1 3 229 3969 4210
3 1 3 1001 3970 10378
2 3
3 1 4 999 1000 1775 1864
3 1 2 1685 7436
3 1 3 3393 5183 8089
2 2
3 1 3 2080 5660 8108
3 1 2 2314 5659
2 3
3 1 2 2780 8551
3 1 3 3052 3053 3056
3 1 4 3265 10641 11158 11160
2 2
3 1 4 4030 10711 10712 10748
3 1 2 10749 10750
2 1 2 4194 7898
2 1 2 6791 10343
2 1 2 7753 7754
1 1 3 139 2964 3662
1 5
2 2
3 1 4 140 202 7332 9845
3 1 3 5110 9806 9829
2 2
3 1 3 1074 2081 2553
3 1 3 4002 4006 10398
2 1 6 1686 1993 4568 5997 7331 11135
2 3
3 1 3 1992 1994 4572
3 1 2 2055 4366
3 1 2 4367 4794
2 1 3 4923 8768 9775
1 1 4 141 3120 4015 4016
1 1 3 142 3237 5527
1 8
2 1 4 143 4779 9965 10190
2 1 3 208 6647 8496
2 2
3 1 2 351 6567
3 1 2 7122 7844
2 1 3 971 8286 8287
2 1 3 1431 6852 9998
2 2
3 1 2 1720 7542
3 1 2 2943 9997
2 2
3 2
4 1 2 1730 3418
4 1 2 7154 7304
3 1 3 1731 1732 8288
2 1 2 9996 9999
1 17
2 4
3 1 4 144 6438 7739 8497
3 2
4 1 3 312 504 5928
4 1 2 336 1265
3 1 3 1389 2903 11059
3 1 2 2971 5903
2 1 4 145 1358 1946 6496
2 4
3 1 3 146 3560 10958
3 1 3 314 5850 10959
3 1 2 1356 1520
3 1 2 5461 10903
2 4
3 1 3 334 400 5184
3 2
4 1 2 398 5849
4 1 3 401 1426 2124
3 1 3 1526 7334 7361
3 1 3 2658 2659 3777
2 3
3 1 3 399 1527 1902
3 1 2 1357 6783
3 1 2 1901 3232
2 2
3 1 3 471 4050 4799
3 1 2 1276 7973
2 1 3 1277 4553 7926
2 2
3 1 2 1438 3032
3 1 2 2125 6540
2 1 3 1890 4474 4543
2 1 2 3033 9937
2 1 2 3478 10514
2 1 3 3682 4215 6782
2 1 2 4563 5831
2 1 2 5682 5683
2 1 2 6231 6443
2 1 2 6508 6509
2 1 3 10569 10570 10572
1 10
2 1 10 147 1863 2087 4142 8000 9289 10770 11037 11039 11040
2 1 2 788 10121
2 2
3 1 4 2093 4624 5435 5482
3 1 2 2094 7424
2 1 4 2277 2524 2525 3108
2 1 4 2386 2523 7450 10936
2 1 2 4276 7388
2 1 2 4780 7751
2 1 2 5297 5883
2 1 2 8774 8775
2 1 2 10283 10285
1 9
2 2
3 1 3 148 6384 9339
3 1 3 1005 1458 6383
2 2
3 1 3 151 3641 9347
3 1 2 6367 6968
2 3
3 1 3 195 2022 7094
3 1 2 918 2020
3 1 3 2019 2021 6815
2 2
3 1 4 197 5471 6003 11172
3 1 4 1584 1586 8186 10902
2 4
3 1 2 479 10396
3 1 4 2018 7659 8857 8865
3 1 3 2300 8858 8869
3 1 3 8859 8862 8863
2 2
3 1 4 482 7662 8855 9344
3 1 3 714 5472 8856
2 3
3 1 2 519 9355
3 1 2 618 9345
3 1 2 9316 9776
2 4
3 2
4 1 3 1774 8871 8872
4 1 2 3812 7544
3 1 5 2230 2875 5075 8866 8870
3 1 3 3266 3825 7660
3 2
4 1 2 7277 7661
4 1 2 8864 8867
2 1 3 5026 6303 6778
1 8
2 1 3 149 4708 4709
2 1 5 368 4298 4900 7023 11046
2 3
3 2
4 1 2 743 7723
4 1 3 2589 3092 3371
3 1 4 1253 3090 3091 7722
3 1 2 2590 6019
2 1 3 2502 6075 7724
2 1 2 3177 7109
2 1 3 4498 8059 9575
2 1 2 7547 11041
2 1 2 7768 9128
1 3
2 1 2 150 5917
2 1 2 3142 6071
2 1 3 5783 6207 7629
1 7
2 1 4 152 2407 6044 8217
2 1 4 228 7787 8736 8737
2 1 4 2068 2152 2154 5575
2 1 4 2069 2392 2406 11209
2 1 2 2153 9368
2 1 2 6320 8248
2 1 2 10145 10187
1 15
2 1 12 153 7749 7750 7843 7864 8456 8605 9184 9291 10284 10664 11149
2 1 3 488 3602 8387
2 1 2 1010 1788
2 1 2 2183 3837
2 1 3 2263 5436 10922
2 1 2 2264 7019
2 1 3 2384 4512 6638
2 1 2 2414 6986
2 1 2 2495 8776
2 1 2 3253 6894
2 2
3 1 2 4743 8949
3 1 2 5561 5589
2 1 2 5562 9103
2 1 2 6664 9104
2 1 2 8261 10656
2 1 2 9931 9941
1 11
2 3
3 3
4 1 3 154 162 1067
4 1 3 776 6563 6564
4 1 2 1068 4307
3 1 6 156 157 158 159 1125 6561
3 2
4 1 2 784 1069
4 1 2 1071 9323
2 4
3 2
4 1 2 160 1138
4 1 3 1136 3119 4697
3 1 4 1045 6980 8258 10877
3 3
4 1 2 1135 11088
4 1 2 1137 1387
4 1 2 2752 6429
3 1 2 1818 6144
2 2
3 1 2 526 10844
3 1 3 10231 10232 10234
2 1 3 1070 3985 10863
2 2
3 1 2 1072 3581
3 1 2 8372 8943
2 1 2 1139 9192
2 1 2 1511 3087
2 4
3 1 3 2042 2046 3060
3 1 2 2050 10511
3 1 4 2290 10510 10512 10516
3 2
4 1 2 3972 5898
4 1 2 9407 10878
2 1 3 3971 4217 10860
2 1 4 3973 6142 6143 7807
2 1 2 6562 8982
1 8
2 2
3 1 3 163 1801 2949
3 1 2 9520 9523
2 2
3 1 2 329 10567
3 1 2 639 5357
2 2
3 1 3 626 4768 9788
3 1 4 627 3345 5155 6611
2 2
3 1 2 629 6439
3 1 3 1128 1129 7046
2 2
3 1 3 636 1126 6004
3 1 3 780 1322 5156
2 1 7 637 1800 1802 4722 5030 6345 6663
2 1 5 1127 6878 7310 8316 8587
2 1 2 3867 4962
1 7
2 2
3 1 2 165 5521
3 1 2 2382 8268
2 1 5 1784 2138 8758 10461 10872
2 3
3 2
4 1 2 2271 7062
4 1 3 6641 7061 10871
3 1 4 2274 4025 5802 11200
3 1 5 4026 4027 5391 7829 7985
2 3
3 2
4 1 4 2753 5769 5771 8164
4 1 2 4300 5770
3 2
4 1 2 2905 6864
4 1 2 6572 10556
3 1 2 4248 5592
2 1 3 4063 7265 7266
2 1 2 6865 8355
2 1 3 8331 8333 9512
1 2
2 1 3 166 542 5905
2 1 2 4277 5726
1 3
2 1 5 169 470 472 474 5101
2 2
3 1 3 2653 4136 5913
3 1 2 4140 11073
2 1 2 3509 4629
1 17
2 4
3 2
4 2
5 1 2 170 475
5 1 3 1516 2378 3023
4 1 4 1980 2308 3997 5055
3 2
4 1 3 218 2279 11030
4 1 2 478 5200
3 2
4 1 3 219 220 3887
4 1 3 221 223 5651
3 2
4 1 3 224 225 476
4 1 2 2310 6977
2 8
3 3
4 1 3 171 1514 2311
4 1 3 173 4628 6115
4 1 2 249 7689
3 3
4 1 3 252 6489 9531
4 1 2 276 9422
4 1 2 281 3183
3 2
4 1 4 264 271 272 273
4 1 2 283 4850
3 2
4 1 2 269 270
4 1 2 1293 6283
3 1 3 274 277 2208
3 1 2 831 7271
3 1 3 3883 4029 5292
3 1 2 7954 9310
2 9
3 1 4 172 1004 3224 3225
3 2
4 1 3 174 830 834
4 1 3 833 3228 6501
3 1 2 282 1003
3 1 2 527 1474
3 1 2 832 7666
3 2
4 1 2 870 2984
4 1 2 3226 4469
3 1 4 1328 4736 5573 5800
3 3
4 1 2 3227 9947
4 1 2 5404 9945
4 1 2 6836 8039
3 1 3 6612 6613 7711
2 6
3 1 4 217 1554 2377 6914
3 1 3 222 3377 4323
3 2
4 1 2 449 4377
4 1 3 477 2379 9912
3 1 4 534 1078 2383 7378
3 2
4 1 3 1399 1513 3374
4 1 3 1822 4701 8133
3 2
4 1 3 2309 2376 8934
4 1 2 2381 8747
2 2
3 1 4 247 248 6580 6581
3 1 3 285 1512 1517
2 2
3 1 2 259 4982
3 1 2 4837 4981
2 2
3 2
4 1 2 260 7548
4 1 2 261 5650
3 1 2 5326 7345
2 2
3 1 2 262 8170
3 1 2 278 9528
2 2
3 1 2 286 4915
3 1 2 5966 7725
2 1 3 1140 6627 6629
2 3
3 1 3 1396 1779 6520
3 1 3 4536 5566 7041
3 1 2 5567 9897
2 2
3 1 4 1515 9671 9887 10637
3 1 3 3185 3917 3918
2 1 3 2207 3288 7832
2 2
3 1 2 2615 10410
3 1 3 2616 2617 6453
2 1 3 4337 7939 10407
2 1 4 4570 5440 7485 10481
2 1 2 9901 9905
1 10
2 1 5 177 402 1908 3097 5782
2 1 2 179 576
2 1 8 181 2970 3659 3798 7211 7212 7632 8898
2 2
3 1 4 338 529 4445 4787
3 1 2 342 953
2 1 3 339 4352 10856
2 2
3 1 3 340 344 7679
3 1 3 2630 4227 4293
2 1 4 1525 1581 6291 6292
2 1 2 5652 5653
2 1 3 6513 7302 8172
2 1 2 10838 10839
1 7
2 1 3 180 5018 10995
2 1 3 740 4661 7028
2 1 2 741 10701
2 1 2 1501 9566
2 1 3 3866 8980 9484
2 1 3 6674 10441 10442
2 1 3 7335 10764 10765
1 4
2 1 3 182 8906 8907
2 1 4 210 2005 10324 10546
2 2
3 1 5 343 528 531 3096 8989
3 1 3 1120 7594 8485
2 1 3 5826 8404 8484
1 1 4 183 184 185 7076
1 1 3 186 7824 8064
1 1 4 187 188 189 379
1 12
2 1 3 193 9874 9882
2 1 2 194 1013
2 2
3 1 3 490 6735 7757
3 1 3 7758 9558 9559
2 2
3 1 4 491 3715 5255 10028
3 1 4 2374 2593 3717 10309
2 2
3 1 2 492 2934
3 1 3 5582 7340 7721
2 1 2 657 6065
2 2
3 1 2 742 1089
3 1 4 2243 2591 7098 8052
2 1 3 768 932 2513
2 1 3 896 1075 2512
2 1 3 2237 3095 3481
2 1 2 4927 5672
2 1 2 5254 7953
1 5
2 1 4 196 3496 4534 8576
2 1 4 2302 7166 7167 7168
2 1 3 2876 3635 5166
2 1 2 4091 11049
2 1 2 4102 5546
1 20
2 2
3 1 3 198 2792 8540
3 1 3 429 3767 7995
2 1 3 341 345 3242
2 2
3 1 2 430 431
3 1 2 1598 5064
2 3
3 1 2 432 3117
3 1 2 433 6206
3 1 3 434 6205 7791
2 1 4 436 1794 4762 5219
2 1 2 774 2551
2 1 3 1061 7611 11255
2 3
3 1 2 1063 1675
3 1 2 1065 2598
3 1 2 1066 1325
2 1 5 1064 1131 2297 6896 11204
2 1 2 1130 4898
2 1 2 1132 6392
2 1 3 1600 2347 7431
2 2
3 1 2 1777 5195
3 1 4 3543 4964 4965 7668
2 1 2 2552 4897
2 1 4 2596 3294 7607 7608
2 1 2 3766 6293
2 1 2 4702 6056
2 1 2 5000 5221
2 2
3 1 2 6339 6340
3 1 2 6341 6916
2 1 2 7403 8116
1 2
2 1 3 199 1936 5907
2 1 2 3223 3790
1 3
2 1 4 200 2496 3422 6002
2 1 3 3419 3420 7783
2 1 2 3421 4523
1 8
2 2
3 1 3 201 2559 3926
3 1 3 512 7119 7944
2 2
3 1 4 510 513 2454 2563
3 1 2 5123 5124
2 2
3 1 4 511 3214 7244 10823
3 1 3 3215 3216 6538
2 1 3 2561 2562 5946
2 1 3 2955 3563 9467
2 1 5 3710 6804 7174 10632 10803
2 2
3 1 3 3927 3928 8029
3 1 3 3929 6524 6792
2 1 2 6415 11029
1 1 2 203 4912
1 1 3 205 206 3398
1 11
2 1 4 207 2587 3914 3933
2 1 6 702 921 8808 10123 11132 11138
2 1 3 859 2332 9353
2 1 3 871 872 8297
2 2
3 1 3 1702 1703 6482
3 1 3 5185 5186 6481
2 1 2 2006 2007
2 1 3 2158 8306 8927
2 1 2 2813 6555
2 1 3 4065 4066 6145
2 1 2 5535 10530
2 1 2 7667 10818
1 4
2 1 4 211 698 5803 7745
2 2
3 1 4 699 700 701 3661
3 1 2 4018 6595
2 1 3 2335 2336 7524
2 1 2 6177 6368
1 10
2 3
3 1 4 226 674 1969 5574
3 2
4 1 2 806 9535
4 1 3 807 4592 4593
3 1 2 808 809
2 1 6 231 566 3522 5413 6302 10291
2 1 5 391 4380 5953 8190 10941
2 1 3 1647 1970 5282
2 2
3 1 3 1648 5281 7855
3 1 3 4019 7676 7677
2 4
3 1 2 1968 8163
3 1 2 2519 6016
3 1 2 4234 4614
3 1 2 6284 10517
2 2
3 1 2 2051 6458
3 1 3 2052 4096 4801
2 2
3 1 2 2265 8767
3 1 2 5834 6808
2 1 4 3008 4379 4381 8189
2 2
3 1 2 3520 5227
3 1 3 3869 5228 11174
1 1 2 227 9124
1 8
2 1 3 230 2173 9165
2 2
3 1 3 688 690 10942
3 1 2 2853 3282
2 2
3 1 2 689 7971
3 1 2 3762 8086
2 1 2 2179 4899
2 1 2 3245 9742
2 1 2 3604 6079
2 1 2 4649 6716
2 1 3 6078 6713 9545
1 4
2 1 3 232 4594 7133
2 1 2 233 6747
2 1 2 4816 6265
2 1 2 6831 6832
1 4
2 1 3 234 3838 6141
2 1 4 1716 1717 4291 4292
2 2
3 1 2 2490 4370
3 1 2 3548 5875
2 1 2 2627 4877
1 8
2 1 3 236 710 5128
2 3
3 1 2 448 5342
3 1 3 1662 4072 4073
3 1 2 4057 5385
2 3
3 1 2 450 451
3 1 2 2584 4365
3 1 2 4056 5211
2 1 3 790 5807 7484
2 4
3 1 2 791 2219
3 1 2 2215 8370
3 1 2 2583 11137
3 1 2 3965 8349
2 1 2 1661 6971
2 1 3 4074 4205 6318
2 1 3 7034 7930 8048
1 4
2 2
3 1 2 237 3078
3 1 2 5599 7518
2 1 2 767 3188
2 2
3 1 2 2936 6228
3 1 4 2941 4672 4673 7713
2 1 2 3244 4565
1 3
2 1 2 238 9135
2 1 2 1464 4939
2 1 3 2693 3906 5417
1 1 3 239 998 9766
1 16
2 1 5 240 1932 4175 4271 4867
2 2
3 1 4 624 798 803 2218
3 1 2 793 795
2 3
3 1 3 792 801 3921
3 1 2 797 3920
3 1 2 1317 10883
2 2
3 1 2 794 8544
3 1 3 3752 3753 8301
2 3
3 1 2 796 8141
3 1 3 2599 4054 4055
3 1 2 7908 8295
2 3
3 1 2 799 6518
3 1 2 1058 2841
3 1 4 1059 4265 5093 7554
2 2
3 1 2 800 2612
3 1 2 802 4866
2 1 3 804 8423 8784
2 2
3 1 2 1055 1057
3 1 2 4266 8539
2 1 4 1674 2492 2493 10873
2 1 2 1778 3922
2 2
3 1 3 1796 3494 6449
3 1 2 3492 3493
2 1 3 1929 1931 7880
2 1 2 2494 8320
2 1 3 3617 5805 7502
2 1 3 5949 7071 7072
1 2
2 1 3 241 500 3919
2 1 4 499 2724 4735 5405
1 6
2 1 3 242 2254 7911
2 1 3 1998 3416 11183
2 1 3 2252 3043 6846
2 2
3 1 3 2253 8586 8590
3 1 2 2287 3495
2 1 2 4784 4785
2 1 2 8589 8591
1 11
2 3
3 1 2 246 9190
3 1 2 1959 11022
3 1 3 7625 7626 8091
2 2
3 1 3 739 2538 5724
3 1 2 2044 10643
2 2
3 1 2 1368 5081
3 1 3 3304 3305 9038
2 1 3 1425 8010 11106
2 2
3 1 2 1957 9050
3 1 3 2673 2674 7384
2 1 2 2711 10972
2 2
3 1 3 3467 8293 10658
3 1 3 8090 10799 10800
2 1 2 4658 11024
2 1 2 5893 9013
2 1 2 9913 10346
2 1 2 9914 9915
1 3
2 2
3 1 4 250 255 2775 9309
3 1 2 2776 4111
2 1 3 251 4112 8171
2 2
3 1 2 4883 11130
3 1 2 7390 9530
1 2
2 1 3 253 254 4936
2 1 2 4423 9527
1 8
2 2
3 1 3 256 257 9532
3 1 3 267 279 9944
2 1 5 266 268 5570 8314 8494
2 2
3 1 3 275 5920 6940
3 1 2 5410 6941
2 1 8 284 4388 5959 7050 7437 9078 9081 10263
2 1 3 575 7996 10299
2 1 2 3754 3759
2 1 2 4950 4951
2 1 2 6784 11229
1 2
2 1 3 258 3924 5818
2 1 4 3296 3923 3925 11115
1 2
2 1 3 263 2097 2099
2 1 2 2098 8143
1 9
2 1 3 265 2464 4999
2 1 22 405 875 2722 2723 2869 3429 3505 5140 5828 6738 7069 7120 7565 8312 8313 8368 9667 9886 10164 10295 10655 11074
2 1 2 620 621
2 1 2 1424 7990
2 1 2 2739 6109
2 1 2 4192 4815
2 1 2 4880 7799
2 1 2 5448 11253
2 1 2 10144 10928
1 1 2 280 11114
1 2
2 2
3 1 2 292 3332
3 1 2 443 6970
2 2
3 1 2 839 1144
3 1 3 1141 1142 9431
1 12
2 1 3 295 2571 7616
2 4
3 2
4 1 3 452 2225 3665
4 1 2 3248 6190
3 2
4 1 2 493 4432
4 1 2 2718 8246
3 2
4 1 2 992 994
4 1 3 993 3003 5506
3 1 3 3004 3005 8840
2 5
3 1 3 611 8741 8742
3 1 2 1735 3555
3 1 2 2067 8740
3 1 2 2161 3573
3 1 2 2405 3233
2 2
3 1 2 1294 4097
3 1 2 2685 3251
2 1 2 1446 6370
2 1 2 1641 3952
2 1 2 1737 4098
2 4
3 1 3 2131 7288 7573
3 1 3 3249 5023 10383
3 1 2 3540 3666
3 1 2 7135 8743
2 2
3 1 2 3247 8735
3 1 2 3664 7646
2 1 3 3278 3279 6274
2 1 3 4433 6584 10475
2 1 2 5053 5054
1 3
2 1 5 296 2686 3541 7375 8454
2 1 2 297 11232
2 1 3 2577 9089 10371
1 3
2 2
3 1 2 298 11112
3 1 2 8780 8781
2 1 2 721 8607
2 2
3 1 3 1837 3080 3081
3 1 2 2931 6330
1 6
2 1 5 299 4665 7802 10740 10778
2 1 7 825 6873 7737 9072 9881 10732 11233
2 1 2 1336 3322
2 2
3 1 3 1841 7903 9873
3 1 3 4666 9911 10742
2 1 2 7230 8049
2 1 2 9880 9930
1 3
2 1 2 307 7452
2 2
3 1 2 2076 5045
3 1 2 5044 7381
2 1 2 3504 4146
1 9
2 1 3 313 9373 9380
2 2
3 2
4 1 2 461 3703
4 1 3 9372 9376 9377
3 1 4 465 466 2572 9374
2 1 4 2340 3105 3106 11005
2 2
3 1 2 2341 5028
3 1 2 2773 9381
2 1 2 4138 11006
2 1 3 4139 5029 7696
2 1 3 5025 9039 9041
2 1 2 8955 8956
2 1 2 9379 9382
1 7
2 1 5 315 1202 3084 4153 6925
2 1 3 498 8344 10917
2 2
3 1 2 1920 10005
3 1 3 4020 9981 9986
2 1 6 1921 3085 9959 9960 9984 9985
2 1 3 3170 5229 9849
2 1 2 4386 7869
2 1 2 6924 7740
1 5
2 1 2 316 3797
2 1 2 317 11203
2 1 3 571 6445 9028
2 2
3 1 3 1893 5666 6614
3 1 2 5768 7560
2 1 4 3303 5334 9733 9805
1 5
2 1 3 318 6308 7457
2 1 4 559 3184 5720 6380
2 1 2 4554 5719
2 1 2 6119 6329
2 1 2 6849 7455
1 4
2 2
3 1 3 319 6969 9643
3 1 3 6582 9640 9642
2 1 3 4466 6238 8686
2 1 3 6525 9641 10747
2 1 2 6526 10003
1 8
2 2
3 1 4 320 324 1177 5633
3 1 3 321 1237 2482
2 2
3 1 4 322 323 6578 7405
3 1 3 587 5290 6773
2 2
3 1 3 596 1235 8054
3 1 2 1236 5661
2 1 3 634 1176 3773
2 1 3 635 2667 7107
2 2
3 1 3 765 766 1239
3 1 4 1238 1240 4202 5634
2 2
3 1 2 2829 4465
3 1 3 7330 7621 8157
2 1 4 5451 5635 5962 6657
1 4
2 1 3 325 3791 5797
2 1 4 4484 5665 9922 9924
2 1 3 5662 5663 5664
2 1 2 9879 9891
1 8
2 1 2 326 8903
2 1 3 328 5960 6150
2 2
3 1 3 330 2083 6149
3 1 2 2082 6148
2 4
3 1 3 331 333 6140
3 1 2 332 6097
3 1 2 1607 11120
3 1 2 2436 2437
2 1 3 1034 1035 5258
2 3
3 1 2 1606 8180
3 1 3 1608 7063 11121
3 1 2 5257 6789
2 1 3 5260 7064 10629
2 1 4 9399 9400 9661 9662
1 2
2 1 2 327 6147
2 1 2 1388 3803
1 1 6 335 337 2256 2257 2501 4084
1 2
2 1 3 346 3009 10419
2 1 2 3010 10393
1 10
2 1 3 347 1884 10571
2 2
3 1 3 377 9796 9797
3 1 2 378 10699
2 4
3 1 2 523 3086
3 1 3 4411 6225 11230
3 1 4 5111 5112 6226 9846
3 1 2 5877 8390
2 1 2 2255 6170
2 2
3 1 3 2453 9092 10588
3 1 2 8028 8352
2 1 2 4677 7623
2 1 4 5121 5122 6665 7837
2 1 2 6224 9681
2 1 2 6705 10810
2 1 2 7546 8766
1 2
2 1 3 348 5265 7054
2 1 3 489 8773 11152
1 5
2 2
3 1 2 349 10994
3 1 2 5816 10152
2 1 5 350 1817 2132 2692 7466
2 1 4 3297 3678 4974 7845
2 1 2 5611 10948
2 1 2 8175 10186
1 2
2 1 3 354 1440 6829
2 1 3 3352 3354 3355
1 3
2 1 3 355 2294 7762
2 2
3 1 2 1447 1448
3 1 2 5852 6428
2 1 3 3750 4727 7519
1 5
2 2
3 1 2 356 5479
3 1 5 358 3728 7989 8256 8257
2 1 5 357 1611 1888 3727 3729
2 1 3 362 2063 2240
2 1 3 1178 4031 6985
2 1 4 2012 4108 4109 8466
1 6
2 2
3 1 4 363 737 2873 5107
3 1 2 1314 7912
2 1 5 364 4640 7195 7359 9203
2 2
3 1 3 563 7480 7913
3 1 2 4720 5252
2 1 3 1616 4105 5675
2 1 2 8445 8446
2 1 3 8562 9212 9268
1 11
2 3
3 1 3 365 1027 11194
3 1 3 2032 5013 5773
3 1 3 2139 3552 6727
2 2
3 1 3 535 3696 5591
3 1 3 1172 3946 7222
2 2
3 1 3 655 2140 7678
3 1 3 3392 5144 6379
2 1 2 1169 3695
2 2
3 1 2 1182 2935
3 1 3 5502 5503 11103
2 2
3 1 2 1408 3585
3 1 2 1410 2499
2 1 5 1409 2755 4017 4181 6286
2 1 2 2880 2881
2 1 2 4321 11105
2 1 3 4858 5878 9077
2 1 3 5730 5731 7826
1 4
2 1 3 366 5742 6553
2 1 3 371 1617 4341
2 1 5 374 4420 5587 8401 11066
2 1 5 2291 3829 4221 4814 4976
1 18
2 1 3 367 1112 1113
2 2
3 1 2 369 5600
3 1 2 3995 6797
2 1 3 370 2919 8543
2 2
3 1 3 372 3071 3072
3 1 2 373 3070
2 1 2 642 3693
2 3
3 1 3 735 2475 10253
3 1 2 2932 2938
3 1 2 2933 8451
2 1 2 917 3629
2 3
3 1 3 1026 4149 9181
3 1 2 2930 6162
3 1 2 6307 7692
2 1 2 1105 9474
2 1 7 1106 2939 3186 3402 3404 3900 7358
2 1 3 1345 1684 3437
2 1 3 1546 2640 4732
2 1 5 1547 3526 3527 3528 8347
2 1 3 1747 1748 1749
2 1 3 1756 3187 4148
2 1 5 2325 2326 2642 4902 5673
2 1 2 2521 2717
2 1 2 6746 8877
1 2
2 1 2 375 10327
2 1 2 7943 8769
1 2
2 1 2 376 885
2 1 2 2281 2282
1 5
2 1 2 380 383
2 1 2 381 7442
2 1 2 382 10853
2 1 2 384 6824
2 1 2 782 783
1 5
2 1 2 392 8427
2 1 3 1285 3364 3365
2 1 3 1286 2595 3362
2 1 2 1479 1916
2 1 3 1541 7257 7617
1 1 3 393 3651 3652
1 1 2 394 395
1 3
2 2
3 1 2 403 956
3 1 4 949 950 4838 7835
2 1 3 404 2991 6710
2 1 2 9831 9832
1 3
2 1 4 407 4309 4310 7599
2 1 2 408 7918
2 1 3 3968 5942 8030
1 3
2 1 3 409 4781 10846
2 1 2 1557 9031
2 1 2 10665 11027
1 4
2 1 4 410 1664 7669 10832
2 1 4 411 412 5707 6414
2 1 2 414 4250
2 1 3 2061 5945 6658
1 8
2 3
3 1 2 413 7369
3 1 2 744 4995
3 1 2 1331 6861
2 1 3 517 2712 4220
2 1 4 552 555 556 2821
2 1 3 557 1758 11061
2 2
3 1 2 558 943
3 1 2 940 945
2 1 2 560 1655
2 1 2 1225 1226
2 1 2 1604 7079
1 5
2 1 3 426 428 8115
2 1 2 427 10939
2 1 3 623 2609 8400
2 1 2 4504 6352
2 1 2 7923 8788
1 1 5 435 4399 7575 7630 8282
1 2
2 1 2 437 2727
2 1 3 1053 1054 4911
1 1 3 438 4819 8357
1 2
2 2
3 1 2 439 441
3 1 2 440 1134
2 1 5 3931 5792 6153 6954 10968
1 3
2 1 2 446 6372
2 1 4 447 3957 6371 10004
2 1 2 2112 11113
1 2
2 1 3 453 2822 3882
2 1 4 1835 2628 2629 4371
1 1 3 454 455 1708
1 7
2 3
3 1 3 458 2737 2738
3 1 2 4201 9426
3 1 2 9307 9308
2 3
3 1 2 905 6472
3 2
4 1 2 906 8277
4 1 2 907 5232
3 2
4 1 4 966 967 968 1596
4 1 2 6749 7746
2 4
3 2
4 1 4 969 5207 7186 10599
4 1 3 1853 7184 7185
3 1 2 1118 4924
3 2
4 1 2 2814 10565
4 1 2 5700 9009
3 1 4 2820 10568 10596 10625
2 3
3 1 2 970 7747
3 1 4 2735 6471 8071 9040
3 1 4 5242 9034 9035 9043
2 4
3 1 3 1781 8763 9037
3 1 2 1875 3199
3 1 4 3197 4422 5709 8276
3 1 3 5231 5655 7800
2 3
3 1 2 1903 10626
3 1 4 2637 5063 6156 9425
3 1 2 6155 9427
2 1 3 6364 9398 9485
1 3
2 1 3 462 3621 3622
2 1 3 1585 4254 10717
2 1 3 2710 10156 10165
1 5
2 1 2 467 9983
2 1 3 1086 1700 4619
2 1 5 1697 1698 1699 6127 6128
2 2
3 1 2 1701 6828
3 1 2 6827 9978
2 2
3 1 3 2223 9963 9966
3 1 3 7786 7816 8682
1 2
2 1 2 468 7341
2 1 2 2526 11078
1 8
2 2
3 1 3 469 4949 10541
3 1 2 4833 7872
2 3
3 1 4 2276 6655 8986 10542
3 1 2 3480 6416
3 1 2 6436 8987
2 1 3 3101 7526 10040
2 3
3 1 3 3102 6652 7561
3 1 3 3171 4948 6620
3 1 3 4954 6476 6805
2 2
3 1 2 3382 6104
3 1 3 4575 9064 9201
2 1 2 3383 5402
2 1 2 4222 6590
2 2
3 1 3 4576 6106 6107
3 1 3 5798 6108 7033
1 5
2 1 3 473 4564 8711
2 1 3 1402 1814 7695
2 2
3 1 2 3479 11004
3 1 2 7694 8713
2 1 3 3566 3567 8406
2 1 2 3633 7305
1 1 5 480 4042 5540 7712 11211
1 2
2 1 3 483 484 5806
2 1 3 3738 4860 7562
1 6
2 1 3 485 2742 8993
2 2
3 1 3 658 8995 11177
3 1 2 2896 9000
2 2
3 1 4 856 5972 5973 8990
3 1 3 2390 8998 8999
2 1 3 1401 7009 7663
2 1 3 5681 8988 8994
2 1 4 8991 8992 8996 8997
1 5
2 1 4 486 2357 3293 4647
2 1 3 3047 3292 5708
2 1 2 3295 6736
2 1 3 4159 4160 5241
2 1 2 8136 10060
1 5
2 1 2 487 2306
2 1 2 1502 1503
2 1 4 2298 2299 2303 2305
2 1 2 2307 5840
2 1 2 6672 8778
1 1 3 494 588 7343
1 7
2 1 4 501 7030 7505 9364
2 2
3 1 2 648 649
3 1 2 650 654
2 2
3 1 3 651 2423 4165
3 1 2 7874 10453
2 2
3 1 2 1321 10157
3 1 2 4135 10490
2 1 2 2699 9322
2 2
3 1 2 4414 4909
3 1 2 10551 10553
2 1 4 10463 10464 10465 10491
1 4
2 2
3 1 2 506 1504
3 1 2 1589 1590
2 1 2 507 2438
2 2
3 1 3 1591 4599 7496
3 1 3 6726 7495 7497
2 2
3 1 3 5169 5977 5978
3 1 2 5976 6725
1 3
2 1 2 509 6374
2 1 3 1693 1695 4311
2 1 2 1942 5908
1 18
2 4
3 2
4 1 4 515 585 3619 6412
4 1 2 1257 8487
3 2
4 1 5 2220 2633 4069 5167 10910
4 2
5 1 2 2360 8634
5 1 2 2631 6819
3 1 3 2946 4751 9457
3 1 2 7259 10881
2 1 3 574 9452 9453
2 1 7 1158 5113 7417 7488 7983 10308 10650
2 1 3 1254 5728 5729
2 4
3 1 4 1255 6542 7258 9014
3 1 2 1587 2059
3 2
4 1 4 2221 2944 5001 11096
4 1 2 2945 3546
3 1 4 2575 3620 4070 4071
2 2
3 1 2 1256 10672
3 1 4 3229 8520 9666 11136
2 3
3 1 2 1834 8275
3 1 3 2987 5649 5725
3 1 2 5671 7487
2 6
3 1 3 2088 4198 11050
3 1 2 2089 11057
3 1 2 2090 8159
3 1 4 5359 8158 9403 10875
3 1 3 5620 11013 11015
3 1 3 10907 11011 11014
2 4
3 1 2 2283 4396
3 1 2 3206 9968
3 1 3 3849 5714 11008
3 1 3 4397 5489 6074
2 2
3 1 3 2389 2487 7830
3 1 2 4711 9505
2 1 4 2632 5010 8092 8146
2 4
3 2
4 1 4 2736 5407 5408 8622
4 1 3 3098 5409 8617
3 3
4 1 2 2986 5488
4 1 2 3489 4038
4 1 3 4398 6183 7982
3 1 4 6181 8616 8620 8621
3 1 3 6182 6184 8360
2 2
3 1 3 2978 2979 4712
3 1 2 2981 2982
2 1 2 3128 3129
2 1 2 3824 6418
2 2
3 1 2 4460 9670
3 1 2 6820 8635
2 1 2 9899 9934
2 1 2 10557 11007
1 6
2 1 2 516 5889
2 1 4 586 5509 8486 11207
2 1 3 679 3346 11033
2 1 3 680 10380 10469
2 1 2 2980 5510
2 1 2 4303 10545
1 7
2 1 2 520 7962
2 1 2 553 2231
2 1 2 554 8734
2 2
3 1 3 931 4340 8719
3 1 2 1603 9340
2 2
3 1 2 1471 5456
3 1 3 2641 4616 11089
2 1 2 1602 6024
2 1 2 1605 8731
1 2
2 1 4 521 2965 4550 11245
2 1 2 4549 10840
1 3
2 1 2 522 5416
2 1 2 4275 10937
2 1 2 5412 11178
1 1 2 532 6588
1 6
2 2
3 1 3 533 567 2800
3 1 2 3706 8738
2 3
3 1 3 1803 1804 7615
3 1 3 3378 3379 10726
3 1 2 3562 10693
2 2
3 1 3 2520 7095 7131
3 1 2 7132 8212
2 4
3 1 3 2793 4185 6523
3 1 3 2801 4184 4187
3 1 2 4186 6356
3 1 2 4188 6357
2 1 3 2802 4193 4937
2 1 2 4246 4247
1 2
2 1 3 536 1083 5718
2 1 5 745 746 4256 8886 8887
1 3
2 1 2 539 1100
2 1 2 1099 6048
2 1 2 4283 8879
1 3
2 1 3 540 1943 10735
2 1 4 2904 4077 7110 7111
2 1 2 5314 5723
1 5
2 2
3 1 3 543 546 11035
3 1 2 544 545
2 3
3 1 4 2707 5173 9134 11155
3 1 3 5174 8689 9151
3 1 2 7163 9126
2 2
3 1 2 5367 7559
3 1 2 7075 7946
2 1 3 6624 6625 7947
2 1 3 6667 8482 8483
1 2
2 1 4 548 3208 10685 11034
2 1 2 5691 8436
1 2
2 2
3 1 3 549 6855 11058
3 1 2 2023 6854
2 1 4 5492 5493 5494 6850
1 2
2 1 3 550 3607 8011
2 1 2 5182 9387
1 6
2 2
3 1 3 551 2621 4047
3 1 2 3592 7180
2 1 3 1168 7284 11215
2 1 2 1173 8892
2 1 2 2201 2353
2 1 3 2202 2203 2352
2 1 2 2204 5557
1 4
2 1 4 561 562 1947 5865
2 1 2 1490 4028
2 1 5 2983 3238 3516 5432 8211
2 1 2 3118 3859
1 5
2 1 6 564 1319 2472 4625 10794 11220
2 2
3 1 2 1497 2072
3 1 2 10788 10789
2 1 3 1689 2646 7539
2 1 5 2034 2035 6310 6745 11176
2 1 4 7274 8583 9787 10212
1 9
2 2
3 1 2 565 5967
3 1 2 1453 1454
2 1 5 694 695 1622 3121 10787
2 1 2 1415 11238
2 2
3 1 2 1609 6469
3 1 3 1610 5406 7333
2 1 4 1883 5505 6057 7974
2 1 3 3741 4706 8468
2 1 2 5766 6091
2 1 2 6158 10707
2 1 2 10998 11068
1 1 4 568 569 7059 10654
1 1 3 570 3760 7701
1 2
2 1 3 572 2652 7084
2 1 2 2651 4137
1 3
2 1 2 573 10869
2 1 2 4225 10868
2 1 2 10661 10870
1 4
2 1 3 577 5108 7002
2 1 3 3016 3099 7128
2 1 3 3852 3855 6178
2 1 3 3853 6633 6634
1 3
2 1 3 579 2856 5383
2 1 3 1975 1978 5152
2 1 3 1977 4477 5382
1 7
2 1 3 583 4744 8745
2 2
3 1 2 976 9689
3 1 3 4861 4862 6050
2 1 2 1041 10472
2 1 2 3459 10454
2 1 3 3461 4426 9907
2 2
3 1 2 4643 10377
3 1 2 6053 9536
2 2
3 1 2 5386 10471
3 1 3 6963 10034 10476
1 2
2 1 2 584 9652
2 1 3 9409 9651 9653
1 2
2 1 2 591 5853
2 1 4 10255 10262 10264 10265
1 7
2 2
3 1 3 593 3865 6743
3 1 2 3614 10971
2 1 3 1367 3864 6966
2 1 5 1958 6838 10075 10078 10836
2 1 4 2515 2709 8385 10657
2 1 4 2762 2763 4262 5856
2 1 2 5787 11031
2 1 2 6879 10071
1 3
2 1 3 594 1976 4721
2 2
3 1 3 837 2530 10163
3 1 3 1565 4517 7798
2 1 3 5886 7161 11099
1 3
2 1 3 599 3169 8128
2 1 3 912 10790 10793
2 1 4 1014 1015 1016 5468
1 7
2 2
3 1 2 600 10649
3 1 2 1091 3683
2 1 2 957 960
2 1 4 958 7057 7859 10177
2 1 5 959 4166 4167 5777 9647
2 1 4 961 1268 4513 5002
2 1 2 1157 7272
2 2
3 1 4 4459 4689 10175 10176
3 1 2 5384 10178
1 2
2 1 2 601 2566
2 1 2 2457 10456
1 8
2 2
3 1 3 602 8358 10544
3 1 2 1122 3684
2 1 3 1007 1008 1123
2 3
3 1 3 1039 9650 10812
3 1 3 5159 8359 10369
3 1 2 10108 10338
2 1 3 1042 6051 7408
2 1 3 1745 4803 6851
2 2
3 1 3 4804 10307 10376
3 1 2 6052 10351
2 1 2 9732 10418
2 1 2 10347 10477
1 1 3 609 7217 7356
1 1 3 610 3793 4648
1 1 2 612 6945
1 10
2 2
3 1 2 613 614
3 1 3 615 616 2772
2 2
3 1 2 854 4749
3 1 2 855 3334
2 1 3 1540 3981 5845
2 2
3 1 3 1897 3961 6711
3 1 2 2573 2671
2 1 3 1898 1900 5478
2 1 3 1899 2251 3963
2 1 4 2085 3962 4750 8088
2 1 2 3069 11118
2 1 2 5526 7516
2 1 2 7285 8075
1 2
2 2
3 1 2 619 5009
3 1 2 10559 10560
2 2
3 1 2 1752 8393
3 1 3 4947 6455 8154
1 4
2 1 2 622 5617
2 1 3 2951 3209 8374
2 1 3 2952 3818 5165
2 1 2 6982 9069
1 4
2 1 2 625 5362
2 1 3 2950 4503 7813
2 1 3 3771 10539 10683
2 1 2 10684 10703
1 4
2 1 3 628 2075 3524
2 1 2 824 5371
2 1 6 2073 2074 2862 5486 6118 8283
2 1 2 5353 10630
1 7
2 1 3 631 3283 6531
2 2
3 1 2 632 633
3 1 2 4834 5218
2 2
3 1 2 775 7602
3 1 3 2556 2625 3397
2 1 2 1379 1951
2 3
3 1 3 1949 2635 10081
3 1 2 1950 10813
3 1 2 2634 7292
2 1 4 2626 5032 6532 7348
2 2
3 1 2 4129 6530
3 1 2 6172 10070
1 1 3 640 8506 8725
1 2
2 1 5 641 675 3789 5871 11134
2 1 2 676 9475
1 7
2 2
3 1 3 643 7142 10843
3 1 2 7818 11213
2 1 5 1880 6517 7138 8837 10341
2 2
3 1 2 4046 10320
3 1 2 8836 10318
2 2
3 1 3 5067 7140 10312
3 1 2 7139 7218
2 1 4 7141 10313 10319 10397
2 2
3 1 2 7819 8838
3 1 2 8839 10333
2 1 3 10310 10815 10816
1 3
2 1 2 644 3954
2 2
3 1 2 3858 10342
3 1 2 8204 8205
2 1 2 10709 10710
1 3
2 1 4 645 4453 4454 6516
2 1 2 646 7803
2 2
3 1 2 2250 8125
3 1 2 6459 8126
1 3
2 1 3 647 3405 7977
2 1 3 652 10953 10954
2 1 2 10781 10955
1 4
2 1 3 656 9469 9492
2 1 2 5094 5374
2 1 4 5423 6599 9493 9494
2 1 3 9206 9477 9478
1 4
2 1 3 665 2474 4938
2 1 2 751 5321
2 1 3 3870 3871 8709
2 1 2 5012 6208
1 6
2 1 3 677 3827 4263
2 2
3 1 5 1295 1296 1297 1300 1917
3 1 3 1298 1303 7215
2 2
3 1 3 1918 2116 7176
3 1 3 2118 4113 4115
2 2
3 1 3 1919 2117 4117
3 1 2 4114 4116
2 1 3 3200 6049 6671
2 1 2 6460 7177
1 4
2 1 5 678 982 2359 5403 8902
2 3
3 1 2 981 10893
3 1 2 5819 7521
3 1 2 5948 9741
2 1 4 1960 2647 6456 10348
2 1 4 1961 1963 2361 4195
1 4
2 1 2 681 5921
2 1 4 2197 2198 4755 4968
2 1 2 2241 8067
2 1 4 2465 4049 6300 6301
1 4
2 1 3 682 683 2169
2 1 3 733 3716 5346
2 1 2 2962 6577
2 1 2 3536 4914
1 5
2 1 3 691 5937 6480
2 1 3 692 2760 3240
2 1 3 693 865 7199
2 1 2 2805 5924
2 1 2 4943 6972
1 3
2 1 3 709 996 4154
2 1 7 864 3079 3593 5192 6826 7582 8878
2 1 3 1432 6912 7838
1 3
2 1 2 711 712
2 1 2 2960 4067
2 1 2 2961 3107
1 4
2 1 3 713 8120 10967
2 1 2 934 10975
2 1 2 935 8379
2 1 2 6704 8377
1 5
2 1 3 715 1433 5017
2 1 2 716 7932
2 1 2 719 1825
2 1 2 720 4717
2 2
3 1 3 1220 5689 7210
3 1 2 2410 5690
1 3
2 1 4 717 3230 8717 8937
2 1 2 2787 2788
2 1 3 8149 10486 10487
1 6
2 1 3 718 1824 6451
2 1 2 1184 3439
2 1 2 3130 3131
2 1 3 3726 4358 7961
2 1 2 6452 8060
2 1 3 6785 7631 8176
1 11
2 2
3 2
4 1 2 722 726
4 1 3 1060 5532 10808
3 1 2 4089 5670
2 3
3 1 5 1221 1222 1414 2396 3088
3 1 3 1223 4944 8292
3 1 2 1224 4812
2 2
3 1 2 1371 4839
3 1 2 4487 8600
2 1 3 1413 3387 6781
2 3
3 1 2 1612 4490
3 1 2 2285 7997
3 1 3 3058 3742 4440
2 2
3 1 2 2104 2105
3 1 4 4441 4489 4491 4492
2 2
3 1 2 3089 8183
3 1 3 3349 4488 7404
2 1 2 3636 8142
2 1 2 6780 8291
2 1 3 8603 10806 10807
2 1 2 10763 10805
1 2
2 1 2 723 7781
2 1 3 2064 2065 3966
1 2
2 1 3 724 4176 5784
2 1 2 6882 8611
1 1 3 725 3057 8290
1 2
2 1 2 727 729
2 1 2 3680 3681
1 1 2 728 11192
1 1 3 732 3082 7883
1 1 4 734 736 7454 8911
1 3
2 1 3 738 6983 10489
2 1 3 2744 4881 10901
2 1 2 5163 5164
1 3
2 2
3 1 2 749 6959
3 1 3 1467 2726 4634
2 1 3 2164 4772 6776
2 1 5 3363 4818 6816 6946 11060
1 3
2 1 2 752 8095
2 1 2 7574 9579
2 1 3 9397 9580 11023
1 4
2 3
3 1 2 753 1196
3 1 2 754 8037
3 1 3 1197 6834 9389
2 1 2 5005 5762
2 1 3 6041 6042 9388
2 1 3 6989 7162 7639
1 3
2 1 3 755 9695 9696
2 1 3 851 3477 9697
2 1 3 9693 9694 9783
1 3
2 1 2 757 1757
2 1 3 759 5990 7609
2 1 3 3826 4336 7325
1 1 4 758 3333 3335 3336
1 2
2 1 3 760 2497 3723
2 1 2 7051 7229
1 6
2 1 2 761 7065
2 2
3 1 3 762 6786 10923
3 1 2 764 3386
2 2
3 1 2 763 2226
3 1 3 2358 7823 11154
2 1 2 3648 5508
2 1 2 6011 10924
2 1 2 6616 6712
1 1 2 771 6032
1 2
2 1 3 773 1271 7344
2 1 2 836 1270
1 1 2 777 5630
1 3
2 1 2 786 8024
2 1 2 787 5348
2 1 2 4501 4502
1 5
2 1 2 789 3067
2 1 6 1676 6495 9114 9294 11036 11043
2 2
3 1 2 1909 1911
3 1 2 6373 11062
2 1 2 1910 9555
2 1 2 2286 9129
1 4
2 2
3 1 2 816 2333
3 1 2 817 4986
2 2
3 1 3 1009 4660 7644
3 1 2 4659 10932
2 1 4 1578 1579 1580 8083
2 1 2 9023 10671
1 1 3 818 819 6923
1 5
2 2
3 1 5 820 821 4032 4033 7226
3 1 2 822 7840
2 3
3 1 3 1594 5194 7801
3 1 2 1941 7782
3 1 2 4966 7640
2 1 2 1789 6243
2 1 3 1791 6060 8545
2 1 3 3035 6493 8070
1 4
2 1 3 823 1204 7600
2 1 2 1811 3476
2 1 2 2989 3475
2 1 2 3474 4820
1 2
2 1 5 826 5487 7729 7730 9877
2 1 4 9910 10705 10706 10741
1 4
2 2
3 1 3 827 3737 7398
3 1 2 828 3736
2 1 4 2688 3673 3731 6245
2 1 3 3674 3732 3902
2 2
3 1 2 3675 3735
3 1 2 3676 4095
1 4
2 1 3 835 2611 9663
2 1 2 4389 5275
2 1 2 5250 5274
2 1 2 5276 11242
1 3
2 2
3 1 2 838 10137
3 1 2 4910 5267
2 1 2 842 2485
2 1 4 4078 5897 6157 7307
1 7
2 1 5 852 1022 2953 7941 9842
2 1 3 1194 4034 4206
2 1 3 1827 6470 11162
2 2
3 1 2 4935 5737
3 1 2 4945 6279
2 1 3 4973 10332 10394
2 1 2 5082 5083
2 1 2 10331 10344
1 1 4 857 2907 7402 9001
1 5
2 2
3 1 2 858 2122
3 1 3 2121 5882 7441
2 2
3 1 3 1104 1933 4285
3 1 2 2119 3713
2 1 3 1107 2123 8132
2 1 2 2120 3046
2 1 3 2751 4535 4538
1 5
2 2
3 1 2 860 10029
3 1 2 10017 10139
2 1 3 1344 2092 4350
2 1 3 1478 2588 8005
2 1 3 3068 3694 8305
2 1 2 4413 11161
1 4
2 1 2 861 1840
2 1 5 1739 1741 10290 10921 11080
2 2
3 1 3 1740 4499 5131
3 1 3 4713 4714 5132
2 1 4 3472 4715 5861 6220
1 3
2 1 4 862 9840 10213 11228
2 1 3 8437 9988 9989
2 1 2 9990 9991
1 7
2 2
3 1 2 866 8876
3 1 3 8873 8874 8875
2 1 3 868 3999 8541
2 2
3 1 3 869 4004 4005
3 1 2 4003 9847
2 1 2 2518 11252
2 1 2 4000 4922
2 1 2 4001 5419
2 2
3 1 2 6174 9855
3 1 2 6417 9238
1 7
2 2
3 1 2 867 4844
3 1 2 5999 6497
2 1 3 1098 4901 6734
2 1 5 1636 1639 2764 2765 5559
2 2
3 1 4 1637 3688 3690 7169
3 1 2 3689 5427
2 2
3 1 3 1638 5551 10938
3 1 2 5558 5817
2 1 2 4451 5786
2 2
3 1 3 5552 5554 5555
3 1 2 5553 6076
1 3
2 1 2 873 3751
2 1 2 3455 5832
2 1 2 5389 5390
1 2
2 1 4 876 2713 2714 8522
2 1 4 1815 1816 2847 8510
1 3
2 1 2 877 11165
2 1 3 3854 5191 6134
2 1 2 4959 10859
1 1 2 886 888
1 4
2 2
3 1 2 887 5238
3 1 2 1148 4237
2 1 4 889 962 1149 3943
2 1 4 2053 2054 3235 4328
2 1 2 3372 7246
1 4
2 2
3 1 3 890 3898 7357
3 1 2 891 5885
2 2
3 1 2 1243 1249
3 1 3 1246 1247 1536
2 1 3 1248 6348 7509
2 1 2 1677 5138
1 1 3 894 895 11071
1 4
2 1 2 897 8438
2 1 3 898 901 7702
2 1 2 899 900
2 1 2 902 4359
1 4
2 2
3 1 3 903 5129 10391
3 1 2 2845 11002
2 2
3 1 4 1619 1620 5475 5476
3 1 2 2842 11003
2 1 3 2843 6490 6697
2 2
3 1 2 2844 4235
3 1 2 3031 8247
1 3
2 1 4 904 3152 4620 8299
2 1 2 2137 7170
2 1 2 3380 4238
1 1 3 908 4329 4930
1 5
2 1 3 910 2958 7127
2 2
3 1 2 1084 10400
3 1 3 4179 8274 10991
2 3
3 1 2 1873 6151
3 1 2 2877 4496
3 1 2 6427 6702
2 1 4 2878 6272 6273 6872
2 2
3 1 2 4223 10992
3 1 2 4494 4495
1 1 3 913 914 1398
1 2
2 1 3 919 920 5339
2 1 2 3630 7538
1 4
2 1 3 924 8923 9271
2 1 3 2393 2657 9274
2 1 4 8310 8679 9278 9281
2 1 4 9272 9275 9276 9280
1 5
2 1 2 926 9735
2 3
3 1 2 2450 6059
3 1 2 2451 4272
3 1 3 2452 2894 4203
2 1 2 2774 7392
2 1 2 3863 7583
2 1 2 6326 11042
1 13
2 2
3 1 3 927 1782 6092
3 1 3 1207 6693 9283
2 1 3 1205 4870 7834
2 1 5 1206 1210 1211 7317 11141
2 2
3 1 2 1208 11146
3 1 2 5233 11051
2 2
3 1 2 1209 9515
3 1 2 6692 9514
2 1 3 1212 10257 10966
2 1 2 3182 6061
2 1 3 3734 9954 9955
2 1 4 4773 4775 4776 4777
2 1 2 5625 5626
2 1 2 6175 10646
2 1 2 6587 10446
2 1 2 7283 10417
1 3
2 1 3 928 2697 7486
2 1 4 929 6549 6956 8102
2 1 3 5095 6391 6955
1 4
2 1 4 930 2470 2871 10317
2 1 4 1021 1469 3714 6777
2 1 2 2471 4928
2 1 3 3306 6597 7831
1 1 3 936 937 938
1 3
2 1 3 939 2246 4540
2 1 3 1434 2057 11225
2 1 3 2245 3176 7963
1 5
2 2
3 1 3 942 7370 11086
3 1 3 2613 4791 8538
2 2
3 1 2 2304 11218
3 1 4 3744 3745 3746 4613
2 1 2 2476 8072
2 1 2 4612 7238
2 1 2 7268 8723
1 1 3 948 9200 10154
1 2
2 1 2 963 7579
2 1 6 964 1839 3073 6105 8806 10049
1 2
2 1 3 972 973 8326
2 1 2 5947 8325
1 2
2 1 2 974 975
2 1 2 4041 11076
1 1 4 979 980 3947 4569
1 1 2 983 6748
1 6
2 1 2 984 10659
2 2
3 1 2 985 2345
3 1 2 2879 6026
2 1 2 1018 4461
2 2
3 1 4 1019 1188 3212 4805
3 1 3 1189 6027 6358
2 1 2 3575 3611
2 1 3 7399 8373 10779
1 7
2 1 4 987 8690 9146 9154
2 1 3 2327 9150 9371
2 2
3 1 3 2328 2705 9149
3 1 2 9132 9148
2 1 2 2706 2870
2 1 5 2708 9155 9156 9157 9158
2 1 2 3907 9131
2 2
3 1 2 9147 9159
3 1 2 9160 10927
1 2
2 2
3 1 3 988 989 3989
3 1 2 3987 5950
2 2
3 1 4 2429 3986 3988 3991
3 1 2 3990 7682
1 6
2 2
3 1 2 990 8262
3 1 4 4788 4789 4790 5022
2 1 3 1033 5565 10504
2 1 2 1954 5722
2 1 3 2199 3217 5981
2 2
3 1 3 2200 8193 8254
3 1 3 5021 6920 7008
2 1 3 6366 8263 8266
1 6
2 1 5 991 1537 5957 7558 9760
2 1 4 1327 1329 7647 11243
2 3
3 1 3 1709 6800 11244
3 1 2 1711 11108
3 1 3 8233 8234 9420
2 1 3 1710 3944 3945
2 1 3 4468 8755 8756
2 1 2 5447 6799
1 4
2 1 3 995 5234 5236
2 1 3 1284 5483 7443
2 1 2 3250 4434
2 2
3 1 2 3468 4351
3 1 2 5235 7821
1 3
2 1 5 997 2292 6694 7240 7241
2 1 3 1666 2293 7242
2 1 3 1667 1668 7601
1 6
2 1 3 1002 10670 11159
2 1 3 1114 6033 7117
2 1 5 1533 3553 6714 6715 8153
2 1 2 2288 3577
2 1 5 2789 4885 5952 6096 9179
2 1 3 4650 5616 6193
1 7
2 1 3 1006 6360 6361
2 1 4 3011 6216 10754 10761
2 1 3 3432 7847 10989
2 1 3 3595 6759 10752
2 1 2 10751 10760
2 1 2 10753 10762
2 1 3 10757 10759 10804
1 1 3 1012 4630 7004
1 1 3 1017 2003 11188
1 7
2 4
3 1 2 1024 3280
3 1 2 1529 4224
3 1 2 1808 3915
3 1 2 2228 11185
2 2
3 1 5 1269 1809 1982 3161 7610
3 1 3 4514 4555 9782
2 1 3 1393 6236 7581
2 2
3 1 2 2229 9410
3 1 2 5126 8519
2 2
3 1 2 4343 10502
3 1 2 5285 6952
2 1 3 4557 4559 6268
2 2
3 1 2 4560 8321
3 1 2 5284 10503
1 2
2 1 4 1028 4539 6803 7532
2 1 3 4257 4793 6810
1 1 3 1030 2232 4946
1 3
2 1 3 1031 1032 5706
2 1 3 3490 5703 5704
2 1 3 5705 6623 7827
1 1 2 1036 3558
1 1 3 1037 1634 4382
1 1 2 1038 6138
1 1 2 1040 10648
1 9
2 1 3 1043 1983 5287
2 1 2 1117 4333
2 2
3 1 3 1360 1362 5288
3 1 3 1746 4646 7409
2 3
3 1 2 1361 7007
3 1 2 1364 11028
3 1 2 5158 7624
2 1 3 4334 5458 10337
2 1 2 5827 6884
2 1 2 7235 8206
2 1 2 7785 10492
2 1 3 10106 10109 10110
1 1 3 1044 5398 6137
1 4
2 1 3 1046 2317 3284
2 1 2 2318 2322
2 1 3 2319 2320 2321
2 1 2 2323 9562
1 3
2 1 3 1047 10168 10624
2 1 3 4232 4233 10552
2 1 3 6103 9047 10167
1 1 3 1048 8580 11094
1 1 2 1050 7960
1 2
2 1 3 1051 5550 6282
2 1 2 3885 4252
1 1 3 1052 2397 7412
1 6
2 1 2 1062 9446
2 2
3 1 3 2467 9435 9448
3 1 3 9437 9438 9440
2 1 3 5985 9450 10692
2 1 3 9436 9442 9449
2 1 3 9439 9445 9447
2 1 4 9443 9444 9480 9481
1 6
2 1 3 1073 3430 7303
2 1 3 2295 6723 8883
2 4
3 1 3 2296 4315 5011
3 1 2 3431 4314
3 1 2 3884 11153
3 1 2 4316 6411
2 2
3 1 3 4157 4824 8790
3 1 3 4821 4823 6511
2 1 2 4317 6510
2 1 2 4318 4825
1 2
2 2
3 1 2 1076 6698
3 1 2 2956 3877
2 2
3 1 2 1719 5358
3 1 2 8601 8602
1 1 4 1079 3414 3415 10590
1 5
2 1 4 1080 7193 10025 10096
2 2
3 1 4 2100 10038 10061 10086
3 1 2 10085 10092
2 2
3 1 4 2506 3324 7208 10087
3 1 2 2804 11123
2 2
3 1 3 2507 3325 6333
3 1 3 6995 10036 10037
2 1 3 5940 7027 10095
1 1 7 1081 2664 5317 5637 6733 8465 8535
1 2
2 1 4 1082 3201 5345 8885
2 2
3 1 2 1101 8884
3 1 2 2754 10099
1 2
2 1 4 1085 1944 1945 3650
2 1 2 3486 3487
1 5
2 1 3 1087 1912 1914
2 2
3 1 3 1913 7328 8304
3 1 2 5793 5961
2 1 3 4797 5590 11044
2 1 2 5511 5747
2 1 2 6645 8900
1 3
2 1 3 1088 2416 2417
2 1 2 2027 10949
2 1 2 3395 7642
1 1 2 1092 1093
1 7
2 2
3 1 3 1094 5556 9324
3 1 2 1984 8960
2 1 3 1539 8957 9329
2 1 3 1797 8202 9394
2 1 2 2150 9744
2 1 2 4476 8954
2 2
3 1 3 6062 8958 10797
3 1 2 6063 6064
2 1 3 7892 8953 8959
1 3
2 1 4 1095 1229 4177 11047
2 1 3 1965 3344 4573
2 1 3 2009 2469 11246
1 1 4 1096 1097 4394 4395
1 1 2 1102 6343
1 2
2 1 3 1103 4280 7362
2 1 2 6267 7315
1 4
2 2
3 1 2 1108 1110
3 1 4 1895 4975 7145 11084
2 2
3 1 2 1109 1262
3 1 2 1896 9386
2 2
3 1 3 5330 9458 9468
3 1 2 8235 9463
2 1 3 9464 9465 10935
1 6
2 2
3 1 4 1111 2918 8868 10850
3 1 2 4532 11085
2 2
3 1 3 1627 4404 9807
3 1 3 7815 8860 9777
2 3
3 1 2 2364 8861
3 1 2 8019 8021
3 1 2 8020 10392
2 3
3 1 2 2365 10563
3 1 2 4403 7814
3 1 3 4757 4758 4957
2 1 2 2455 8615
2 1 2 4759 4760
1 4
2 1 2 1115 4024
2 1 3 1116 1894 11104
2 1 3 1829 1830 6769
2 1 2 7846 8683
1 1 3 1119 5135 7756
1 3
2 1 2 1121 8633
2 1 2 1723 6362
2 1 2 7876 10961
1 2
2 1 2 1124 9172
2 1 3 2851 6583 7073
1 1 2 1133 6006
1 4
2 2
3 1 2 1143 6464
3 1 2 1558 4058
2 1 2 5642 6686
2 1 4 6762 6833 8047 9992
2 1 2 6763 9993
1 2
2 1 2 1145 9297
2 1 2 6025 6125
1 4
2 1 6 1146 1147 1599 3463 3466 4363
2 1 3 1595 1597 2610
2 1 4 1857 3465 4219 4716
2 1 2 1972 3464
1 5
2 1 4 1151 8362 8363 8364
2 1 2 1938 8555
2 1 2 2428 8556
2 1 3 4851 4852 6635
2 1 2 7878 8361
1 2
2 1 4 1152 1153 1154 2547
2 1 4 3144 3145 7414 8537
1 3
2 1 4 1155 1340 1341 9659
2 1 3 2548 2549 5168
2 1 2 6552 7289
1 2
2 1 3 1160 1161 6314
2 1 3 10533 10534 10535
1 3
2 2
3 1 2 1162 7605
3 1 2 1175 6408
2 1 3 1163 1170 1750
2 1 4 1751 2777 4372 6858
1 3
2 2
3 1 4 1164 1166 1167 5230
3 1 2 2025 6319
2 1 4 2026 4756 5301 6867
2 3
3 1 2 2985 8759
3 1 3 2997 3026 4093
3 1 2 4092 9778
1 2
2 1 5 1165 1441 1442 1443 1444
2 1 2 1953 5560
1 2
2 1 3 1171 9123 9125
2 1 2 2509 7976
1 1 2 1179 4681
1 2
2 1 2 1180 1484
2 1 2 1485 2808
1 2
2 1 2 1181 3792
2 1 2 1183 1481
1 5
2 1 3 1185 1486 9563
2 1 2 3036 5188
2 1 4 4638 4873 5846 6921
2 1 4 6841 7014 7363 9582
2 1 2 7015 9583
1 2
2 1 3 1192 1429 4021
2 1 3 1428 1430 4022
1 1 2 1200 8912
1 8
2 2
3 1 2 1213 1216
3 1 2 1214 11077
2 1 4 1215 2284 6477 8068
2 1 3 1217 6640 9862
2 1 2 3340 5644
2 1 2 3953 8239
2 1 2 5323 5896
2 1 2 5980 9720
2 1 2 8203 8240
1 3
2 1 2 1218 10281
2 1 4 1219 5368 5369 7763
2 1 2 6067 6332
1 2
2 1 2 1227 10334
2 1 3 6544 6545 9540
1 2
2 1 3 1228 9327 10963
2 1 3 9325 9401 11226
1 3
2 1 2 1230 3868
2 1 3 2473 3207 5760
2 1 3 3115 3367 8560
1 1 3 1241 1242 4970
1 2
2 1 2 1250 8441
2 1 2 1251 1445
1 2
2 2
3 1 2 1252 4774
3 1 3 6433 6434 7080
2 1 3 9079 9080 9314
1 6
2 1 3 1259 4301 10558
2 2
3 1 3 1435 8188 9935
3 1 4 2846 3298 7290 7291
2 1 2 1436 9843
2 2
3 1 2 3024 8762
3 1 2 5534 9939
2 1 2 9516 10316
2 1 3 9936 9938 9940
1 2
2 1 3 1261 9375 10381
2 1 3 6546 6547 10059
1 3
2 1 2 1263 9070
2 1 3 2725 3141 5031
2 1 2 9067 9068
1 2
2 1 2 1267 6798
2 1 2 1985 7895
1 2
2 1 2 1273 3302
2 1 2 5162 6691
1 4
2 3
3 1 3 1274 9175 9649
3 1 2 3064 9513
3 1 2 5951 9176
2 1 2 1522 9665
2 2
3 1 3 2192 3311 9542
3 1 3 2194 6257 8135
2 1 2 7793 7794
1 2
2 1 2 1275 6192
2 1 2 4690 7494
1 3
2 1 2 1287 3845
2 1 3 1288 8103 8604
2 1 3 2859 3725 5474
1 1 2 1289 9293
1 1 2 1290 1291
1 2
2 2
3 1 2 1292 4412
3 1 2 9086 9087
2 2
3 1 2 5293 7082
3 1 2 7081 9085
1 2
2 1 3 1301 6123 6389
2 1 3 2433 8311 9273
1 1 2 1302 8386
1 1 2 1307 2479
1 3
2 1 2 1308 6770
2 1 4 1309 4228 6466 8847
2 1 2 1310 3888
1 2
2 2
3 1 2 1311 3259
3 1 2 3257 3258
2 1 3 3260 5477 10786
1 1 3 1313 3500 7209
1 6
2 2
3 1 4 1315 7251 10402 10408
3 1 2 5209 8085
2 1 3 1473 5901 7836
2 1 2 2373 7250
2 1 3 4627 6227 6938
2 1 2 6219 7906
2 1 3 6942 6943 7743
1 1 2 1316 6117
1 2
2 1 3 1318 2748 3491
2 1 2 4270 7770
1 1 3 1320 5176 6173
1 2
2 1 2 1324 2514
2 1 3 2481 4925 4926
1 2
2 1 3 1330 5734 7541
2 1 2 5739 7255
1 2
2 1 3 1332 1335 3828
2 2
3 1 3 1333 1334 2442
3 1 2 2441 7086
1 2
2 1 3 1337 1338 4417
2 1 3 3872 7530 8185
1 1 2 1342 1343
1 1 2 1346 7311
1 1 2 1347 3154
1 1 2 1348 10981
1 2
2 1 2 1349 2719
2 1 2 4196 11133
1 1 3 1350 4533 8921
1 2
2 1 2 1359 11257
2 1 2 2354 4686
1 5
2 1 3 1363 4304 5624
2 1 3 1680 4705 5522
2 1 4 2567 5619 5621 5622
2 1 4 3545 5623 6095 10506
2 1 2 5523 8332
1 1 4 1365 3093 3094 4989
1 1 3 1366 8100 10349
1 3
2 1 4 1370 1377 2828 11126
2 1 2 1376 5473
2 1 2 2649 3580
1 4
2 2
3 1 3 1372 7214 8107
3 1 4 1373 7795 8166 11098
2 1 2 1427 2206
2 1 3 2786 2790 5891
2 1 4 2921 7397 7472 9204
1 1 2 1374 6068
1 2
2 1 2 1375 8066
2 1 2 2839 4133
1 2
2 1 2 1378 11249
2 1 3 2355 4123 9182
1 8
2 1 3 1381 5114 10056
2 3
3 1 2 1383 5387
3 1 2 1754 4685
3 1 3 4132 5388 10945
2 1 3 2803 6413 10083
2 1 2 4684 6331
2 1 3 5115 7219 7578
2 1 2 5612 10072
2 1 2 5910 5911
2 1 5 5912 7099 7220 10053 10054
1 2
2 1 2 1384 2546
2 1 2 3743 7091
1 1 3 1385 3195 6837
1 3
2 1 2 1386 6377
2 1 3 7228 7465 7467
2 1 2 10199 10979
1 2
2 1 2 1390 8138
2 1 2 1391 8893
1 3
2 1 2 1392 10562
2 1 2 8975 10561
2 1 4 8976 9780 10829 10830
1 1 2 1394 6951
1 1 5 1395 6650 8760 9612 9615
1 1 4 1397 1476 6040 7543
1 4
2 1 2 1403 7130
2 1 2 4083 10831
2 1 3 4641 4642 4802
2 1 2 4644 11195
1 2
2 1 3 1404 1405 2143
2 1 2 9412 9644
1 1 3 1412 1852 10467
1 4
2 1 3 1416 5302 10531
2 1 5 1418 6679 7327 10431 10432
2 3
3 1 2 1694 7606
3 1 2 2794 4618
3 1 3 4617 6082 10311
2 2
3 1 2 6467 10428
3 1 3 6632 10427 10429
1 2
2 1 5 1417 2916 2992 2993 2994
2 1 2 2996 10426
1 2
2 1 4 1419 5016 5988 6387
2 1 3 2995 10523 10532
1 1 3 1420 10695 10696
1 6
2 1 2 1422 11251
2 1 3 3542 4009 5748
2 1 3 5455 6675 7968
2 1 3 6676 7761 9046
2 1 3 7759 7760 7966
2 1 2 7969 9030
1 2
2 1 3 1423 10362 10364
2 1 2 4500 6814
1 1 3 1439 3721 4473
1 1 2 1449 10628
1 2
2 1 3 1451 3587 5049
2 1 4 3588 3589 3646 3647
1 1 2 1452 10867
1 7
2 2
3 1 2 1455 5596
3 1 3 1456 6015 8408
2 2
3 1 2 2668 9815
3 1 3 8407 9816 9817
2 1 3 3831 6021 9814
2 2
3 1 3 5206 6014 6022
3 1 3 8409 9319 9320
2 2
3 1 3 5674 8558 9811
3 1 3 6017 9810 9813
2 1 3 6013 8389 8402
2 1 2 9809 9812
1 2
2 1 3 1457 4470 7905
2 1 4 4345 4346 6229 6230
1 3
2 1 3 1459 2863 8182
2 1 3 1462 1463 3256
2 1 3 5823 6891 7672
1 1 4 1460 4977 4979 7988
1 1 2 1461 7088
1 9
2 1 3 1465 3518 10014
2 1 3 1851 7804 10437
2 1 4 2058 3709 7342 9719
2 2
3 1 4 2329 3940 7223 11224
3 1 2 10015 10042
2 1 2 2330 6468
2 1 3 2838 3051 3605
2 1 2 2840 3050
2 1 2 7805 10438
2 1 2 10612 10619
1 2
2 1 2 1468 3956
2 2
3 1 2 1470 6083
3 1 2 5615 6081
1 2
2 1 3 1472 1988 6012
2 1 2 5954 9876
1 2
2 1 2 1475 9432
2 1 2 6249 9595
1 5
2 1 3 1477 9525 11095
2 1 2 1523 7641
2 1 2 3323 7690
2 1 3 6043 8129 8130
2 1 3 7298 7411 7922
1 1 4 1480 3151 6643 7970
1 3
2 1 3 1482 2180 7477
2 1 2 1483 4765
2 1 2 3554 6023
1 1 2 1487 1488
1 2
2 1 3 1489 5073 5074
2 1 2 3874 5251
1 3
2 1 3 1491 8279 9393
2 1 3 9391 9519 9522
2 1 2 9392 9521
1 3
2 1 3 1492 1973 7780
2 1 2 1493 1877
2 1 3 9712 9713 10382
1 1 3 1496 6176 7537
1 6
2 2
3 1 3 1499 9207 9218
3 1 3 2619 9262 9264
2 1 2 1500 5052
2 3
3 1 2 5057 5059
3 1 5 9215 9221 9223 9227 9263
3 1 2 9224 9235
2 3
3 1 3 5253 9256 9267
3 1 3 9209 9237 9242
3 1 3 9213 9214 9255
2 2
3 1 2 9210 9244
3 1 3 9243 9245 9260
2 1 2 9241 9248
1 2
2 1 4 1507 5715 5716 5717
2 1 2 5855 8269
1 2
2 1 2 1509 2146
2 1 2 2147 10874
1 4
2 1 2 1518 2834
2 1 2 1632 9576
2 1 2 1874 5307
2 1 5 2421 2422 3281 5687 5688
1 3
2 1 3 1519 2160 3802
2 1 3 1725 1887 2387
2 1 2 5268 11075
1 1 3 1521 6419 6962
1 2
2 2
3 1 2 1534 1855
3 1 2 2372 3310
2 2
3 1 3 1535 4236 4980
3 1 2 2371 6897
1 2
2 1 7 1542 4302 5531 5593 7085 8015 9216
2 1 2 6752 11180
1 1 2 1543 7233
1 3
2 2
3 1 2 1544 3375
3 1 3 3376 5118 8252
2 2
3 1 4 2380 4467 5119 5120
3 1 2 8480 8481
2 1 2 7115 9369
1 1 3 1545 2242 9335
1 1 3 1548 6152 6680
1 1 4 1552 7010 7011 8025
1 2
2 1 3 1555 1646 1838
2 1 2 6421 8926
1 1 2 1559 2811
1 1 2 1563 3100
1 3
2 1 2 1571 4610
2 1 2 4608 4699
2 1 2 4609 4611
1 2
2 1 2 1573 2262
2 1 2 3436 11236
1 1 4 1574 1848 1886 7613
1 2
2 1 2 1575 7675
2 1 4 1576 1577 2388 7614
1 2
2 1 2 1583 9102
2 1 2 9101 9105
1 2
2 1 5 1588 1793 3148 3608 4896
2 1 4 3147 8007 8008 10993
1 1 3 1592 4182 5312
1 4
2 1 3 1593 3065 7886
2 1 2 3886 4581
2 1 2 5313 5888
2 1 3 5887 6217 7927
1 1 3 1613 1614 1615
1 3
2 1 2 1618 3830
2 1 2 4869 5824
2 1 2 7421 8351
1 7
2 3
3 1 2 1621 1626
3 1 3 1624 1625 9354
3 1 2 9350 9362
2 2
3 1 5 1704 7143 7144 9342 9346
3 1 3 9341 9343 9352
2 1 2 3408 8231
2 1 4 5392 5393 5394 9358
2 1 2 6201 10865
2 1 2 8218 8241
2 1 3 9351 9359 9360
1 2
2 1 7 1628 1629 1763 1764 1765 5350 6196
2 1 4 3955 7020 7048 8977
1 1 2 1630 1631
1 3
2 1 2 1633 5895
2 1 3 3062 3063 3677
2 1 2 4051 7216
1 3
2 1 3 1635 3770 5141
2 1 2 3769 5142
2 1 2 5143 9889
1 2
2 1 3 1640 7060 7693
2 1 2 7784 9918
1 1 3 1642 7916 8131
1 1 3 1643 4297 7536
1 3
2 1 3 1644 9602 9632
2 2
3 1 2 5298 9618
3 1 3 8244 9631 9635
2 1 4 8271 9608 9621 9630
1 2
2 1 2 1645 8222
2 1 2 4178 8236
1 2
2 1 2 1649 1654
2 1 3 1652 1653 3045
1 2
2 1 2 1650 7462
2 1 2 1905 1906
1 3
2 1 4 1651 3291 6917 10647
2 1 3 3018 4963 5105
2 1 2 6571 8097
1 4
2 1 4 1665 2517 6448 8888
2 1 3 3202 4798 7239
2 1 3 3255 7394 9952
2 1 3 3739 4859 6036
1 4
2 1 4 1678 3778 6719 10298
2 1 3 1974 3780 7237
2 1 3 3559 5618 10416
2 1 2 7940 8014
1 1 2 1679 6404
1 1 2 1682 1683
1 5
2 2
3 1 2 1690 7551
3 1 3 4457 5989 7707
2 1 3 1691 1692 7709
2 1 2 3373 7372
2 1 2 4458 7708
2 1 2 6515 7123
1 3
2 1 4 1705 3246 4342 6931
2 1 2 3269 11107
2 1 2 8897 8948
1 1 3 1706 6344 7134
1 3
2 1 2 1707 10447
2 1 3 3634 8637 9614
2 1 2 9301 9629
1 1 4 1712 2783 2784 3521
1 2
2 1 3 1713 2999 3000
2 1 2 2998 7074
1 5
2 1 2 1714 4916
2 1 5 1715 2966 3001 4244 4917
2 1 2 4621 4622
2 1 2 6461 6462
2 1 2 6463 9429
1 2
2 1 3 1722 5984 6055
2 1 3 3271 3300 10835
1 1 2 1726 3672
1 1 3 1727 1728 5514
1 1 3 1736 8462 8463
1 1 4 1738 4419 8139 10451
1 2
2 1 4 1744 7189 7190 10950
2 1 3 4753 7187 7188
1 1 3 1755 4218 7100
1 2
2 1 3 1766 3019 4483
2 1 2 1767 2872
1 2
2 1 3 1770 1771 1772
2 1 3 1773 5037 9365
1 6
2 2
3 1 2 1776 7044
3 1 2 3618 5870
2 1 3 2348 2350 8366
2 1 2 2349 2351
2 1 3 3329 7461 8554
2 1 3 3529 3978 8553
2 1 2 4958 8063
1 1 2 1780 11145
1 1 3 1785 2947 2948
1 2
2 2
3 1 2 1786 9636
3 1 2 1792 5496
2 1 2 3561 5500
1 3
2 1 5 1787 8458 8469 8470 8476
2 2
3 1 3 8471 8473 8474
3 1 2 8972 8973
2 1 2 8475 8592
1 1 2 1795 11087
1 2
2 1 3 1799 5050 5305
2 1 2 3406 9637
1 4
2 1 5 1805 4605 5065 5066 5495
2 1 2 1807 8561
2 2
3 1 2 2128 4606
3 1 2 2906 4607
2 1 2 5986 5987
1 2
2 1 3 1806 3273 3276
2 1 3 3272 8675 9745
1 6
2 1 2 1810 8929
2 1 2 3903 7000
2 1 2 4373 8174
2 1 3 4524 8896 11090
2 1 4 7001 7225 7998 7999
2 1 2 8895 8930
1 3
2 1 2 1819 6974
2 1 3 1820 5516 6447
2 1 3 6430 6975 7149
1 1 2 1821 7165
1 1 4 1823 3983 4707 4726
1 3
2 1 2 1826 5213
2 1 2 2233 2375
2 1 3 2234 2235 7213
1 1 2 1831 8165
1 2
2 1 2 1836 3321
2 1 5 1987 2267 3320 6845 7446
1 3
2 1 3 1842 1844 8547
2 1 2 1843 7339
2 1 2 6186 6807
1 1 3 1845 1846 7748
1 2
2 1 2 1847 5732
2 1 2 6210 6211
1 1 3 1849 1850 7349
1 1 3 1856 6987 8009
1 2
2 1 7 1858 6573 7254 7425 9971 10925 10926
2 2
3 1 2 2037 8442
3 1 2 7157 9973
1 3
2 1 3 1860 7175 7256
2 1 2 1861 2522
2 1 2 1862 6788
1 5
2 2
3 1 4 1865 1868 4174 4693
3 1 2 1869 5841
2 2
3 1 2 1866 6399
3 1 2 4090 7897
2 1 2 1867 7432
2 1 2 4692 6398
2 1 2 5842 7809
1 2
2 1 4 1870 5352 6979 7514
2 1 3 4327 4921 6978
1 4
2 2
3 1 3 1872 4326 9488
3 1 2 4240 9174
2 2
3 1 2 2103 5648
3 1 2 2280 9543
2 1 2 9178 9646
2 1 2 9544 9546
1 3
2 1 2 1878 10294
2 1 2 10205 10206
2 1 2 10210 10276
1 1 2 1881 3873
1 3
2 2
3 1 3 1882 8851 8852
3 1 2 7101 8850
2 1 3 3569 3570 3572
2 2
3 1 3 3571 5204 5205
3 1 2 4211 5338
1 3
2 1 3 1885 3574 8939
2 1 3 6191 8938 8942
2 1 2 8940 8941
1 3
2 1 3 1904 5694 7720
2 1 3 3444 9061 10357
2 1 3 4437 4462 4590
1 3
2 1 5 1915 2809 5862 9925 9926
2 1 4 4008 4010 9890 9928
2 1 2 6116 9932
1 3
2 1 3 1923 3594 3596
2 1 3 1924 5764 10714
2 2
3 1 2 3164 3166
3 1 2 3165 3243
1 3
2 1 2 1925 3517
2 1 2 4518 4520
2 1 3 4519 4521 6569
1 1 2 1926 5513
1 2
2 1 2 1927 3984
2 1 2 1928 6881
1 4
2 1 3 1934 4878 10997
2 1 3 2424 2425 4349
2 2
3 1 2 2426 9900
3 1 2 2812 8789
2 1 3 2427 8450 11116
1 2
2 1 2 1935 5196
2 1 5 3508 6334 8845 9062 10105
1 2
2 1 3 1939 2209 4724
2 1 3 1940 1979 10074
1 1 4 1948 3252 4691 8082
1 7
2 1 4 1952 3894 3895 7775
2 1 2 1955 7243
2 1 2 3551 7444
2 1 2 6086 10403
2 2
3 1 2 6122 7776
3 1 2 6486 10404
2 1 2 10401 10409
2 1 3 10405 10406 10508
1 3
2 1 3 1956 2400 2401
2 1 2 3022 3396
2 1 3 3774 3775 6930
1 3
2 1 4 1966 8965 10841 10842
2 1 3 1967 3846 7572
2 1 2 8971 10183
1 1 3 1971 3012 3013
1 1 3 1981 7321 7920
1 2
2 1 3 1986 6038 7545
2 2
3 1 2 2126 4279
3 1 2 5743 10550
1 3
2 1 3 1989 2456 7981
2 1 2 2682 5133
2 1 3 3530 6212 6889
1 2
2 1 2 1991 4013
2 1 2 4011 8345
1 3
2 1 2 1995 9015
2 1 2 4972 10720
2 1 3 7893 8631 8636
1 2
2 1 6 1999 2000 7811 8369 8461 11193
2 1 2 4169 11191
1 1 4 2001 4106 4770 6298
1 2
2 1 3 2002 5755 6976
2 1 3 2488 5754 6787
1 1 5 2010 2011 2676 2678 2837
1 7
2 1 3 2013 6395 10480
2 3
3 1 2 2014 10143
3 1 3 3196 7427 10468
3 1 2 4273 6337
2 1 2 4274 10007
2 1 2 6133 7566
2 1 3 6432 7691 11129
2 1 4 7528 7529 9987 10479
2 1 4 10009 10010 10011 10091
1 3
2 1 3 2028 7596 9205
2 1 2 2029 2883
2 1 3 2030 2031 3110
1 1 2 2033 5801
1 1 2 2036 8181
1 9
2 1 3 2039 2049 11052
2 1 3 2040 10885 10886
2 1 4 2041 9066 10887 10896
2 1 2 2043 10857
2 1 4 2045 2047 10415 10888
2 1 3 2048 6533 10889
2 1 2 3469 10191
2 1 2 3470 11056
2 1 4 5033 10890 10891 10892
1 1 2 2056 6450
1 4
2 1 2 2060 5915
2 1 3 2606 7564 10708
2 1 3 7118 8074 9507
2 1 2 9844 10719
1 1 3 2066 2071 11150
1 1 3 2084 6094 9853
1 1 3 2086 6958 10666
1 4
2 1 3 2095 3361 5499
2 1 2 2096 6579
2 1 3 2458 3502 9773
2 1 2 2687 5497
1 3
2 1 4 2106 4463 4598 6892
2 2
3 1 3 2927 4597 6860
3 1 2 4596 5286
2 1 3 4171 4172 5581
1 5
2 1 2 2107 4068
2 1 4 5442 5444 9016 9024
2 1 2 5443 9025
2 1 4 5445 5446 9051 9058
2 1 3 7950 9021 10660
1 1 4 2108 2109 2111 4478
1 2
2 1 6 2113 2346 2730 2731 2732 5354
2 2
3 1 2 2728 2729
3 1 2 2733 2734
1 3
2 1 3 2115 6701 7286
2 1 2 2778 2779
2 1 3 3471 6276 8512
1 1 3 2133 2134 4583
1 5
2 1 2 2135 8792
2 1 3 2136 2301 3740
2 1 2 2411 5007
2 1 2 2574 6809
2 1 2 4147 5244
1 2
2 1 3 2145 6589 7275
2 1 2 3679 7931
1 5
2 1 3 2148 4375 5106
2 1 2 4376 7736
2 2
3 1 2 5836 6685
3 1 2 5935 7589
2 1 3 5837 6234 8061
2 1 2 7820 7934
1 2
2 1 3 2149 5309 7938
2 1 3 3912 5310 10543
1 3
2 1 2 2155 9835
2 1 3 9714 9716 9833
2 2
3 1 2 9717 9718
3 1 2 9837 9838
1 1 2 2156 2449
1 1 2 2157 5004
1 1 3 2163 5376 6246
1 1 4 2166 5377 7052 9298
1 2
2 2
3 1 2 2171 7047
3 1 2 5080 7699
2 1 3 2172 7171 7172
1 4
2 1 2 2174 4876
2 1 3 3218 8798 8799
2 2
3 1 4 4687 8693 8694 8696
3 1 2 8691 8695
2 1 3 6765 8038 8701
1 1 5 2193 3143 4268 5060 6256
1 1 2 2210 2957
1 2
2 2
3 1 2 2214 5765
3 1 2 2217 11187
2 1 3 7136 7137 7732
1 1 2 2216 7520
1 1 2 2222 6887
1 1 3 2224 2480 3523
1 1 2 2244 5548
1 2
2 1 2 2268 5693
2 1 2 5517 11256
1 1 3 2269 4827 8350
1 1 4 2270 5857 5858 8035
1 1 2 2272 2273
1 1 3 2278 2399 2402
1 2
2 1 2 2289 7764
2 1 2 4580 9591
1 2
2 1 4 2312 6396 10379 11055
2 1 2 4574 9706
1 1 2 2315 5614
1 3
2 1 3 2316 9892 9893
2 1 2 5890 9943
2 1 2 9942 10791
1 1 3 2324 3839 4567
1 1 3 2331 3653 3654
1 2
2 1 2 2334 11241
2 1 3 7498 10633 10634
1 1 3 2337 4286 8559
1 2
2 1 2 2339 7664
2 1 3 3996 5438 6529
1 1 4 2342 6604 6605 6992
1 2
2 1 4 2343 3697 6204 6316
2 1 3 3160 5096 6315
1 1 3 2344 6171 7433
1 3
2 1 2 2356 3168
2 1 2 3975 3977
2 1 2 3976 7651
1 1 2 2362 2363
1 1 4 2366 4561 5627 6886
1 3
2 2
3 1 2 2385 7899
3 1 2 9617 9619
2 1 3 2491 7025 9610
2 1 5 7024 8417 8418 8419 11144
1 1 2 2403 2404
1 1 5 2408 2409 3951 8624 8625
1 1 2 2412 3167
1 2
2 1 2 2413 9627
2 1 3 4971 9363 9613
1 2
2 1 4 2415 10117 10386 10387
2 1 2 4360 10385
1 1 3 2435 2721 3192
1 4
2 1 2 2439 7774
2 2
3 1 2 3525 6457
3 1 2 3668 3671
2 1 3 3669 3670 6179
2 1 2 5645 6761
1 2
2 2
3 1 2 2440 7323
3 1 2 4332 6088
2 1 3 2825 5454 7752
1 2
2 1 3 2444 2445 3876
2 1 2 2446 8552
1 1 2 2448 7478
1 3
2 1 2 2459 5498
2 1 4 2461 6760 7147 11065
2 1 2 4207 4209
1 1 3 2460 2462 9638
1 2
2 2
3 1 3 2463 3473 5396
3 1 2 3699 6822
2 1 3 5397 6753 6908
1 3
2 2
3 1 2 2468 3268
3 1 3 3649 6732 11248
2 1 3 4134 6441 8356
2 2
3 1 2 6442 8328
3 1 2 8329 8330
1 3
2 1 3 2477 8447 8448
2 1 3 2478 7346 8449
2 1 2 4064 7517
1 1 2 2484 6617
1 2
2 1 4 2503 10063 10064 10065
2 1 2 10062 10119
1 2
2 1 2 2504 10090
2 1 2 5463 10118
1 1 2 2505 3685
1 1 2 2510 7295
1 1 3 2511 2672 7456
1 1 2 2531 4079
1 1 2 2532 9875
1 2
2 1 2 2534 2535
2 1 2 9871 9885
1 1 4 2539 8770 8771 8772
1 1 3 2543 2544 2785
1 1 2 2545 5892
1 2
2 1 2 2550 9317
2 1 2 8415 10361
1 2
2 1 3 2554 2555 5470
2 1 2 5469 8666
1 3
2 1 3 2557 3656 3889
2 1 3 2558 3655 8065
2 1 3 3890 7738 10715
1 4
2 2
3 1 2 2560 9012
3 1 2 9010 9011
2 1 2 2818 7448
2 1 3 5843 7987 10651
2 1 2 6689 9857
1 1 2 2564 10395
1 1 3 2568 2569 2771
1 3
2 1 2 2570 6385
2 1 2 3556 7513
2 1 3 5349 5530 6381
1 2
2 2
3 1 3 2578 2579 2580
3 1 2 3127 5964
2 1 3 2581 3698 11032
1 2
2 1 5 2592 9230 9231 9232 9233
2 1 5 2683 6202 9228 9229 9476
1 1 3 2594 8375 8376
1 1 3 2597 6668 6669
1 5
2 1 3 2618 8563 8570
2 1 3 5515 8566 9551
2 1 2 8017 9258
2 1 3 8564 8565 9269
2 1 3 8567 8568 8569
1 4
2 1 2 2620 6558
2 1 2 3642 10716
2 1 2 3643 6557
2 1 2 6454 8720
1 1 2 2622 5632
1 1 3 2623 2624 4835
1 1 4 2636 2638 2639 5536
1 1 3 2644 2645 3644
1 1 4 2650 6522 8962 10602
1 1 3 2666 4124 9462
1 1 4 2669 2670 2888 3584
1 3
2 2
3 1 2 2675 4191
3 1 3 5906 6288 6289
2 1 2 4189 8167
2 1 2 4190 10986
1 4
2 1 2 2679 8499
2 1 3 5788 6221 10854
2 1 3 5971 8477 10826
2 2
3 1 4 8967 8969 10824 10828
3 1 2 8968 10827
1 2
2 2
3 1 2 2680 2681
3 1 2 2827 3267
2 1 2 4076 5439
1 3
2 1 3 2689 7917 10988
2 1 2 5291 7434
2 1 2 7622 8002
1 1 3 2691 5597 6241
1 1 2 2698 7262
1 1 2 2703 9361
1 3
2 1 5 2716 4782 5375 8044 9330
2 1 2 5328 9328
2 1 3 7351 7964 8045
1 1 3 2720 3686 8094
1 1 2 2740 4700
1 2
2 1 5 2741 5179 5279 5280 6262
2 1 3 5180 5277 5278
1 4
2 1 2 2743 10527
2 1 2 4107 11186
2 1 3 6744 6818 9577
2 1 3 6817 9414 9541
1 1 2 2745 4792
1 2
2 2
3 1 3 2750 9578 9581
3 1 2 5333 5519
2 1 2 8916 8918
1 3
2 1 4 2759 2761 6934 9193
2 1 2 4996 7501
2 1 3 6933 7021 7022
1 2
2 1 3 2766 6610 7205
2 1 2 6185 7499
1 1 3 2767 6475 8178
1 4
2 1 3 2768 5956 6305
2 1 3 3388 4053 5629
2 1 3 5646 6306 11157
2 2
3 1 2 6197 6198
3 1 2 6199 6304
1 2
2 1 3 2769 2770 6139
2 1 2 5076 9660
1 5
2 1 3 2781 4674 9143
2 2
3 1 2 2830 2832
3 1 2 7422 11175
2 1 3 4675 7919 10289
2 1 2 4786 7093
2 1 2 9142 10266
1 2
2 1 3 2782 6405 7978
2 1 2 4418 7314
1 2
2 1 3 2791 8285 10529
2 1 2 10363 10528
1 1 3 2798 2799 3113
1 1 4 2817 4249 6688 6690
1 3
2 1 3 2823 2824 5938
2 2
3 1 2 5939 7281
3 1 2 6492 7282
2 1 2 6848 8124
1 2
2 1 3 2831 6751 9063
2 1 3 5019 10267 10268
1 2
2 1 2 2835 11053
2 1 2 2836 5538
1 1 3 2852 6756 8917
1 2
2 1 2 2855 8455
2 1 2 9423 9424
1 2
2 1 2 2860 4978
2 1 3 3724 3982 4120
1 2
2 1 2 2861 7418
2 1 2 3213 7727
1 2
2 1 3 2865 2866 7038
2 1 2 4438 4439
1 1 3 2882 3149 5825
1 1 2 2886 8179
1 3
2 1 2 2887 10222
2 1 3 4882 8420 8626
2 1 2 6235 10162
1 2
2 1 2 2889 5452
2 1 2 5453 7619
1 3
2 1 2 2893 3730
2 1 3 4615 7577 7975
2 1 2 6695 8119
1 1 2 2895 6598
1 2
2 2
3 1 4 2911 2912 2913 2914
3 1 2 6708 7852
2 1 2 3369 3370
1 2
2 1 3 2915 6166 8854
2 1 2 3603 3704
1 2
2 1 2 2924 4810
2 1 2 2925 4809
1 1 3 2926 4807 4808
1 2
2 1 2 2928 7865
2 1 3 4212 6424 7350
1 1 3 2929 6311 8414
1 2
2 1 2 2959 5744
2 1 2 5941 8076
1 1 3 2963 3892 7965
1 1 2 2967 5779
1 1 2 2988 5399
1 1 2 3006 7329
1 3
2 1 6 3014 8593 8594 8597 8598 8599
2 1 3 3015 11054 11169
2 1 4 3017 9933 11168 11170
1 2
2 1 2 3020 6254
2 1 3 3021 4416 5539
1 1 2 3025 3221
1 1 2 3027 3028
1 2
2 1 2 3029 7772
2 1 2 3030 3146
1 2
2 1 2 3034 4929
2 1 2 3394 6981
1 2
2 1 2 3054 7959
2 1 2 3055 7867
1 2
2 1 2 3059 6129
2 1 2 6130 8004
1 1 4 3061 7318 7687 7688
1 1 3 3066 7151 7416
1 2
2 1 2 3074 4908
2 1 2 7191 8523
1 1 2 3075 3076
1 2
2 1 2 3077 4164
2 1 3 5039 5040 8595
1 3
2 1 2 3103 6124
2 2
3 1 2 5774 7735
3 1 2 6899 7888
2 1 3 5775 6898 11205
1 1 2 3104 7887
1 1 2 3111 3112
1 2
2 1 2 3122 3124
2 1 3 3123 3125 6637
1 1 2 3132 3133
1 2
2 1 2 3134 3135
2 1 2 7067 8327
1 1 2 3136 7376
1 2
2 1 3 3138 4548 5741
2 1 2 4435 8319
1 2
2 1 2 3139 4522
2 1 2 3140 8013
1 1 3 3155 3503 5851
1 1 4 3157 3158 8096 8518
1 1 3 3159 3359 6505
1 2
2 1 2 3163 5210
2 1 2 6918 7700
1 1 3 3173 5518 7249
1 3
2 1 3 3174 6382 8213
2 1 4 5466 6856 8046 10933
2 1 2 8970 10581
1 2
2 1 3 3175 5974 5975
2 1 2 7451 9315
1 1 2 3193 3194
1 1 3 3198 7153 9491
1 1 2 3222 4623
1 1 3 3254 9495 9497
1 3
2 1 2 3261 4086
2 1 2 8280 10116
2 1 3 10077 10093 10115
1 2
2 1 2 3274 6420
2 1 3 3275 6423 10982
1 2
2 1 3 3277 8397 8399
2 1 2 8396 8398
1 2
2 1 4 3285 3286 3287 3538
2 1 3 3501 4099 7423
1 1 3 3289 6596 7512
1 1 2 3290 4635
1 1 4 3309 6888 7198 8270
1 1 5 3312 10700 10702 10723 10773
1 2
2 1 2 3313 4347
2 1 2 5525 7914
1 1 3 3315 3316 4889
1 2
2 1 2 3317 6388
2 1 2 3612 3613
1 2
2 1 2 3318 7269
2 1 3 3319 6871 7058
1 4
2 1 3 3330 6576 9588
2 1 2 6574 9587
2 1 2 6575 9590
2 1 2 9008 9585
1 2
2 1 5 3342 5578 5579 5580 6653
2 1 3 5576 5577 6654
1 2
2 1 2 3343 5341
2 1 3 4806 8609 8632
1 2
2 1 3 3347 4831 6285
2 1 3 4828 4832 7984
1 1 3 3348 9419 9489
1 7
2 1 3 3353 5178 5272
2 1 2 3637 6255
2 1 2 4121 11167
2 1 3 5225 8729 10112
2 1 2 5411 7003
2 1 3 5545 8353 10897
2 1 2 6964 6965
1 1 3 3357 3358 6706
1 1 2 3368 10944
1 1 3 3384 5047 10314
1 1 2 3385 8577
1 2
2 1 3 3389 3390 7087
2 1 2 4696 5740
1 6
2 2
3 1 4 3391 9786 9839 9852
3 1 2 9834 9836
2 2
3 1 4 3856 4338 9045 9049
3 1 3 3857 9858 9860
2 2
3 1 2 3979 4704
3 1 2 4703 6167
2 1 3 4339 9739 9827
2 1 3 8618 9751 9752
2 1 2 9757 9828
1 3
2 1 3 3403 5899 5900
2 1 2 3407 4401
2 1 2 4400 6991
1 3
2 1 3 3413 7595 9850
2 1 2 3851 4752
2 1 3 8147 9729 9730
1 1 2 3417 4045
1 1 2 3423 5421
1 1 2 3426 3427
1 3
2 3
3 1 2 3428 4879
3 1 2 6754 10367
3 1 2 6755 7881
2 1 3 4843 6250 9083
2 1 2 6037 8137
1 2
2 1 2 3435 10782
2 1 2 4014 10675
1 3
2 1 2 3441 9951
2 1 3 3442 9883 9949
2 1 2 5794 5795
1 2
2 1 3 3443 3446 7077
2 1 3 3445 7183 11018
1 2
2 1 3 3449 7324 7755
2 1 5 7083 7590 10573 10574 10575
1 1 2 3456 9482
1 1 3 3457 3458 8596
1 2
2 1 3 3460 9506 11212
2 1 2 8155 8156
1 1 3 3482 3483 3484
1 1 2 3488 6259
1 1 2 3498 3499
1 1 2 3506 5256
1 3
2 1 2 3507 5224
2 1 2 4039 4741
2 1 2 4740 7685
1 1 2 3511 3512
1 1 3 3513 3514 3515
1 1 2 3519 5780
1 1 2 3531 3532
1 2
2 1 3 3547 4428 5340
2 1 2 9084 10033
1 2
2 1 2 3549 10864
2 1 3 3992 3993 11097
1 2
2 1 2 3550 7991
2 1 3 3932 8658 10957
1 1 3 3557 7848 11100
1 1 2 3564 11000
1 3
2 1 4 3565 7146 7203 9370
2 1 4 5322 5324 5325 8489
2 1 3 8229 8230 8245
1 2
2 1 3 3568 6514 6630
2 1 3 5086 6631 8113
1 1 2 3576 4267
1 2
2 1 3 3599 3600 7393
2 1 2 3601 7933
1 1 2 3609 5170
1 2
2 1 2 3615 11019
2 1 2 10513 11021
1 2
2 1 3 3640 5306 8490
2 1 2 4960 10292
1 1 2 3645 4101
1 4
2 1 3 3658 7635 8022
2 1 3 4253 5153 7287
2 1 6 4652 4653 4654 4655 5197 6248
2 1 3 4990 5365 6264
1 2
2 1 2 3660 7032
2 1 3 4353 4354 10240
1 2
2 1 3 3663 8573 8574
2 1 2 8571 8572
1 1 2 3667 4919
1 2
2 1 2 3687 8718
2 1 2 9586 9589
1 3
2 1 2 3707 7858
2 1 3 3708 6528 6863
2 1 2 5360 6240
1 1 2 3722 7206
1 3
2 1 3 3758 6280 7273
2 1 2 4728 10412
2 1 3 10833 10834 10916
1 1 3 3764 3765 5643
1 2
2 1 2 3772 4723
2 1 3 7992 7993 7994
1 1 2 3776 7704
1 2
2 1 3 3779 7236 8315
2 1 2 7234 9708
1 2
2 1 4 3785 3786 4281 4282
2 1 3 3787 3788 7300
1 1 2 3794 5761
1 2
2 1 2 3810 3908
2 1 2 3811 3816
1 1 4 3820 5876 10196 10197
1 1 2 3821 10962
1 1 2 3832 3833
1 1 2 3834 11093
1 1 2 3835 7771
1 1 3 3842 3843 7113
1 1 3 3847 3848 6687
1 2
2 1 2 3860 5269
2 1 2 4043 7857
1 1 3 3878 3879 3880
1 1 2 3904 5544
1 1 2 3905 5636
1 1 3 3909 8488 10538
1 1 2 3910 6681
1 1 2 3911 8177
1 1 2 3913 10138
1 4
2 1 4 3934 3937 9976 10500
2 1 2 3935 3936
2 1 4 3938 8638 9977 10519
2 1 2 10497 10518
1 1 2 3941 7313
1 1 2 3942 10155
1 9
2 1 5 3948 5533 8676 10578 10918
2 1 2 3949 10977
2 2
3 1 3 3950 9715 9724
3 1 3 9722 9723 9727
2 2
3 1 5 4324 4645 8630 9772 9821
3 1 2 9753 9770
2 1 2 5640 9822
2 1 2 6347 7871
2 3
3 2
4 1 2 7116 9749
4 1 2 9721 9755
3 1 3 8671 8672 9769
3 1 3 9725 9750 10976
2 1 2 7604 10564
2 1 2 9726 9771
1 1 3 3958 3959 8162
1 1 2 3960 8001
1 1 2 3974 4893
1 1 2 3980 8557
1 1 3 3994 8223 8226
1 2
2 1 2 4012 9236
2 1 2 6534 7406
1 1 4 4023 4733 4734 7103
1 1 3 4040 6621 7308
1 1 2 4044 4452
1 1 2 4075 11131
1 2
2 1 2 4085 4088
2 1 2 4087 7703
1 5
2 2
3 1 2 4125 7347
3 1 3 10160 10214 10218
2 1 3 4527 4529 11020
2 1 2 5759 10217
2 1 4 10159 10161 10220 10225
2 1 4 10215 10219 10223 10224
1 1 2 4126 4127
1 1 5 4128 4130 4131 4471 4472
1 4
2 1 3 4143 9108 9113
2 1 3 6239 9110 10482
2 1 2 8134 9109
2 1 2 9112 11045
1 1 2 4150 8324
1 1 2 4151 10866
1 1 2 4152 11216
1 1 2 4158 7896
1 1 2 4161 8882
1 1 5 4162 5046 8612 8613 10669
1 2
2 1 3 4163 6098 6551
2 1 3 5654 6099 6100
1 1 3 4173 5087 7958
1 3
2 1 2 4183 7261
2 1 2 4481 9529
2 1 2 4482 9765
1 2
2 1 3 4204 6999 8302
2 1 2 6998 8303
1 1 3 4208 7587 11063
1 1 2 4213 5109
1 1 4 4230 5401 7129 7652
1 2
2 1 2 4231 10084
2 1 2 10097 10098
1 4
2 1 2 4255 10731
2 1 2 4767 9878
2 1 3 6740 7618 10730
2 1 3 8284 10026 10373
1 1 4 4258 6900 8033 9864
1 1 2 4259 9964
1 1 4 4264 7705 10460 10934
1 1 2 4269 10430
1 1 2 4284 9948
1 1 2 4287 5457
1 1 2 4288 9800
1 2
2 1 3 4313 9958 9970
2 1 3 6390 9290 9957
1 1 2 4319 9292
1 1 3 4320 11069 11197
1 1 3 4322 9548 9549
1 1 3 4330 6550 9188
1 1 2 4331 6215
1 1 2 4335 5847
1 2
2 1 2 4355 6830
2 1 2 5838 7420
1 1 2 4361 4362
1 2
2 1 4 4374 4840 4842 5799
2 1 2 4841 4997
1 1 3 4402 10549 10984
1 1 2 4424 4425
1 1 2 4430 9761
1 1 2 4431 7603
1 1 5 4464 8684 8685 8687 8688
1 2
2 1 3 4475 4480 4682
2 1 3 9396 9499 9584
1 2
2 1 2 4493 7500
2 1 2 6010 6656
1 2
2 1 6 4505 4506 4508 4509 4510 5366
2 1 2 4507 7395
1 1 2 4511 10498
1 3
2 1 4 4516 4934 5811 5812
2 1 3 5809 5813 5815
2 1 2 5810 5814
1 1 2 4525 4526
1 1 2 4528 8628
1 1 3 4530 7718 8478
1 2
2 1 3 4546 4547 8346
2 1 2 6602 6603
1 1 4 4566 8152 9119 9120
1 1 5 4577 4578 5884 6400 7194
1 1 3 4579 4857 9648
1 1 2 4585 4586
1 1 3 4587 9348 9349
1 2
2 1 4 4591 6642 9418 11111
2 1 3 5753 10946 11240
1 2
2 1 3 4601 10374 11012
2 1 3 5125 6169 10375
1 1 3 4602 8144 8145
1 1 2 4639 9556
1 3
2 2
3 1 3 4651 5584 7822
3 1 3 4994 5585 6988
2 1 5 4991 4992 5603 6593 8087
2 1 3 4993 5602 5994
1 1 2 4667 10931
1 1 3 4671 7841 7842
1 1 3 4683 7005 9859
1 1 4 4694 4695 10216 10974
1 1 2 4718 4719
1 2
2 1 3 4737 4738 4739
2 1 2 4847 4848
1 1 2 4745 11122
1 2
2 1 4 4754 4952 5860 10911
2 2
3 1 2 5092 11254
3 1 2 7928 10909
1 1 3 4763 4764 10424
1 1 2 4766 7710
1 1 4 4771 7322 7810 8112
1 1 5 4796 8300 9247 9982 10729
1 1 2 4800 8730
1 1 2 4811 4856
1 2
2 1 2 4826 10458
2 1 2 5943 7380
1 1 3 4829 4830 10952
1 1 2 4845 4846
1 1 2 4849 6944
1 2
2 1 4 4853 5936 6317 6609
2 1 2 6608 6673
1 2
2 1 2 4854 7463
2 1 2 4855 6335
1 1 2 4868 8219
1 1 3 4874 5193 8853
1 3
2 1 2 4886 10973
2 1 2 6703 7276
2 1 2 8380 8381
1 1 2 4887 10980
1 2
2 1 2 4892 10296
2 1 2 10179 10297
1 1 3 4905 5750 7563
1 1 3 4906 4907 5995
1 4
2 1 3 4931 7533 9946
2 1 3 5512 5569 8433
2 2
3 1 2 6628 8434
3 1 2 7366 9261
2 1 2 7534 8435
1 2
2 1 2 4933 10127
2 1 2 8920 10126
1 2
2 1 2 4940 4941
2 1 2 5692 10662
1 1 2 4942 5549
1 3
2 1 2 4956 7769
2 1 2 5605 7150
2 1 2 5606 5781
1 3
2 1 3 4983 10697 10783
2 1 4 10423 10676 10745 10774
2 1 2 10724 10746
1 2
2 1 2 4987 4988
2 1 2 7817 11067
1 2
2 1 5 4998 7504 9295 9296 9919
2 1 2 6328 11101
1 1 3 5006 6541 9768
1 1 2 5008 8901
1 1 2 5014 5864
1 2
2 1 2 5015 8899
2 1 3 6020 8908 10851
1 2
2 1 2 5024 7731
2 1 2 6296 6823
1 1 4 5034 5035 5036 7202
1 2
2 1 3 5038 6077 6359
2 1 2 7473 8581
1 1 3 5041 10459 10462
1 1 3 5042 7201 9321
1 1 4 5043 9299 9300 10158
1 3
2 1 4 5051 6907 6911 7471
2 1 2 5246 8378
2 1 3 6910 10580 10600
1 1 2 5056 5058
1 2
2 1 2 5061 5062
2 1 2 5631 7586
1 1 2 5068 6646
1 7
2 1 3 5071 5931 6919
2 1 3 5929 6009 6244
2 1 2 5930 6008
2 1 2 8782 8783
2 1 2 8785 11081
2 1 2 8786 8787
2 1 2 9603 11083
1 1 2 5072 11234
1 4
2 1 2 5078 10254
2 2
3 1 2 6135 10273
3 1 3 10247 10270 10272
2 2
3 1 4 10241 10242 10243 10271
3 1 3 10244 10245 10248
2 2
3 1 3 10246 10249 10274
3 1 2 10250 10252
1 1 2 5085 11142
1 5
2 1 3 5091 10577 10603
2 1 4 8479 10583 10584 10613
2 1 2 10582 10611
2 2
3 1 2 10594 10598
3 1 2 10597 10621
2 1 4 10610 10614 10615 10620
1 1 3 5097 6554 9441
1 1 3 5098 5099 5996
1 1 3 5102 7634 8006
1 3
2 1 2 5104 7728
2 1 2 5772 10862
2 1 3 7657 8983 10861
1 1 4 5136 10607 10608 10609
1 2
2 1 2 5157 6271
2 1 3 5701 5702 6435
1 1 2 5160 7833
1 1 2 5161 8909
1 2
2 1 2 5172 11222
2 1 2 9122 11221
1 2
2 1 2 5175 9597
2 1 2 7438 9888
1 1 4 5187 5189 5190 5303
1 3
2 1 2 5201 8272
2 1 2 8422 8424
2 1 2 8425 8492
1 1 3 5202 5699 8058
1 1 2 5203 5835
1 4
2 1 5 5208 6102 9568 9570 9571
2 1 3 7925 9573 9604
2 1 3 8403 9433 9574
2 1 3 9569 9572 9598
1 1 2 5214 10947
1 1 2 5216 5217
1 3
2 1 3 5223 5738 7204
2 1 2 7714 8294
2 1 2 8003 8169
1 1 3 5239 5240 7489
1 1 2 5245 10606
1 2
2 1 3 5247 5248 10496
2 1 3 5249 8057 10495
1 2
2 1 2 5262 5263
2 1 2 5264 6031
1 1 2 5266 5437
1 1 4 5271 5465 10130 10445
1 1 3 5289 5927 7270
1 4
2 1 2 5299 9611
2 1 3 7468 7765 7766
2 1 2 8055 9430
2 1 2 8894 10251
1 1 2 5300 6585
1 2
2 2
3 1 2 5304 8575
3 1 3 5379 5381 11048
2 1 3 5380 7588 9270
1 1 2 5311 10987
1 2
2 1 3 5315 5316 8889
2 1 2 8890 8891
1 2
2 1 3 5327 8661 8665
2 1 2 7173 9526
1 1 2 5329 8426
1 1 2 5331 5332
1 1 2 5356 9961
1 1 5 5361 8114 10585 10586 10587
1 2
2 1 2 5370 8712
2 1 2 6973 7952
1 1 3 5373 5464 7870
1 1 3 5400 7440 11189
1 2
2 1 2 5415 10820
2 1 2 8974 8984
1 1 3 5418 9133 10198
1 3
2 1 2 5424 5844
2 1 4 8122 9501 9502 9503
2 1 3 9048 9500 9504
1 1 2 5425 5426
1 1 3 5428 5429 5430
1 1 2 5434 6825
1 1 2 5449 5462
1 3
2 1 2 5459 10269
2 1 2 7383 8012
2 1 2 9460 9461
1 2
2 1 2 5467 7029
2 1 2 6342 10365
1 1 2 5484 5485
1 1 4 5504 7894 10326 10433
1 1 3 5528 5529 7767
1 1 3 5537 9884 11151
1 1 3 5542 5543 6890
1 2
2 1 3 5571 6939 7391
2 1 2 6164 6165
1 1 3 5586 5638 7850
1 1 3 5588 10350 10356
1 1 3 5594 5595 8081
1 2
2 1 2 5598 6410
2 1 2 6718 8606
1 1 3 5604 9385 10260
1 1 3 5607 5608 6626
1 1 2 5657 5658
1 1 3 5667 5668 5669
1 2
2 1 2 5685 5686
2 1 2 6113 10969
1 1 2 5710 5711
1 1 2 5735 5736
1 1 3 5745 5746 7649
1 2
2 1 3 5751 5752 8961
2 1 3 5955 8639 9896
1 1 3 5756 5757 5758
1 1 2 5763 6929
1 1 2 5776 6543
1 1 2 5778 10013
1 1 2 5785 7483
1 1 3 5789 5790 5791
1 1 2 5822 6729
1 1 3 5829 5830 9183
1 3
2 1 2 5833 8457
2 2
3 1 2 6566 10128
3 1 2 8056 10129
2 1 2 7873 8472
1 1 2 5866 6874
1 1 3 5867 5868 5969
1 1 2 5872 6997
1 1 3 5918 5919 10956
1 1 3 5932 5933 10201
1 1 2 5944 7684
1 1 2 5979 11147
1 2
2 1 2 5991 11237
2 1 2 5992 8619
1 1 4 5993 6336 6806 10434
1 1 5 5998 6000 6001 10457 10849
1 1 2 6034 6035
1 4
2 1 3 6039 8267 9908
2 1 4 7410 9042 10635 10636
2 1 2 9044 10638
2 1 2 10639 10652
1 1 2 6066 6722
1 1 4 6072 6073 6200 7320
1 2
2 1 2 6080 10046
2 1 3 7263 7264 7697
1 1 2 6087 8080
1 2
2 1 2 6101 7636
2 1 2 8354 8542
1 1 2 6112 10940
1 1 2 6120 6121
1 1 3 6131 6132 8214
1 1 2 6154 10895
1 1 2 6159 10221
1 1 4 6160 6161 9411 11214
1 1 2 6163 6397
1 1 2 6195 8050
1 2
2 1 2 6247 9117
2 1 2 7942 9118
1 1 2 6260 6261
1 1 3 6266 9798 9799
1 1 3 6278 6312 6313
1 1 3 6299 6936 6937
1 1 2 6338 9171
1 1 4 6346 7267 7825 11016
1 1 3 6349 6350 6351
1 1 3 6355 9869 9870
1 1 2 6363 10425
1 1 2 6365 8238
1 2
2 1 3 6375 6811 9781
2 1 2 6376 9779
1 1 2 6378 7591
1 1 2 6393 6394
1 1 3 6406 6407 10777
1 1 2 6409 7068
1 1 2 6426 7924
1 1 2 6440 10908
1 1 2 6444 10226
1 1 3 6465 7716 7717
1 1 2 6473 6474
1 1 2 6478 6479
1 1 2 6494 7382
1 2
2 1 2 6502 9338
2 1 2 6503 9337
1 1 2 6506 6507
1 1 3 6527 10166 10905
1 2
2 1 2 6535 6537
2 1 3 6536 6600 9774
1 1 2 6548 9127
1 2
2 1 2 6559 6957
2 1 2 6560 9824
1 1 2 6586 9851
1 2
2 1 2 6591 9872
2 1 3 7653 8707 9217
1 1 2 6618 6619
1 1 2 6644 8084
1 1 2 6651 7698
1 1 4 6666 6947 7364 7365
1 1 3 6682 7387 7396
1 1 2 6684 6768
1 1 2 6699 6700
1 1 2 6724 7593
1 1 2 6728 6913
1 1 2 6730 7178
1 1 3 6741 7936 11208
1 1 3 6750 7092 10300
1 1 2 6758 8098
1 1 3 6771 6772 10622
1 2
2 1 2 6779 9962
2 1 2 7673 7980
1 1 2 6813 8549
1 1 2 6862 7460
1 2
2 1 4 6868 9902 9920 11219
2 1 2 9906 9975
1 1 2 6876 6877
1 1 2 6883 7296
1 1 3 6902 6903 7674
1 2
2 1 2 6904 7792
2 1 2 9863 10372
1 1 2 6932 7482
1 1 2 6948 7181
1 1 3 6949 6950 9082
1 1 3 6960 7373 7374
1 1 3 6993 6994 7779
1 2
2 1 3 7006 9168 9277
2 1 3 9166 9167 9169
1 2
2 1 2 7012 8663
2 1 3 8659 8660 8662
1 1 2 7013 8118
1 1 3 7031 7955 7956
1 1 3 7049 8509 8511
1 1 4 7055 7336 7337 7338
1 1 2 7070 8184
1 1 2 7078 7856
1 1 3 7105 7106 10780
1 1 2 7148 7401
1 1 2 7152 10919
1 1 2 7179 8411
1 1 2 7192 9969
1 1 2 7197 8016
1 1 2 7245 9524
1 1 3 7247 7248 9564
1 2
2 1 2 7252 7253
2 1 2 9517 9518
1 1 5 7293 7742 9415 9645 10122
1 1 2 7294 7531
1 2
2 1 3 7299 9287 9288
2 1 2 9285 9286
1 1 3 7301 9163 9164
1 1 3 7306 10035 10073
1 1 3 7312 8627 11210
1 1 2 7326 10315
1 2
2 1 3 7352 7353 7355
2 1 3 7354 7597 10792
1 1 2 7385 7386
1 1 2 7389 11038
1 2
2 1 3 7413 8548 10203
2 1 2 10021 10616
1 3
2 1 3 7435 7839 9093
2 1 2 8168 9088
2 1 2 9094 9095
1 2
2 1 2 7439 10679
2 1 7 9454 9734 10645 10677 10678 10680 10681
1 1 2 7445 8117
1 1 2 7453 11173
1 1 3 7459 10733 11010
1 1 2 7464 7681
1 1 3 7469 9823 10227
1 3
2 1 2 7476 10100
2 1 3 10101 10102 11110
2 1 2 10103 10104
1 2
2 1 4 7493 9594 9596 10990
2 1 2 9592 9593
1 1 2 7515 7863
1 1 2 7527 9195
1 1 2 7550 8391
1 1 2 7552 10524
1 1 2 7556 7557
1 1 2 7567 10951
1 1 4 7570 7571 9923 9967
1 1 2 7584 7788
1 1 2 7585 10996
1 1 2 7628 7904
1 1 2 7643 7882
1 1 3 7645 10352 10355
1 1 2 7648 10601
1 1 2 7650 10043
1 1 3 7658 9547 10111
1 1 2 7726 8534
1 1 2 7733 7734
1 1 2 7741 9194
1 2
2 1 2 7744 10000
2 1 2 9995 10001
1 1 2 7861 8040
1 1 4 7884 7885 10478 10507
1 1 2 7890 10784
1 1 2 7891 9856
1 1 2 7935 11156
1 1 2 7951 8104
1 1 2 7957 8739
1 2
2 1 2 7972 9655
2 1 4 9656 9657 9658 9707
1 1 2 8023 8140
1 1 3 8031 10195 10978
1 1 3 8032 10169 10239
1 2
2 1 2 8036 9054
2 1 2 9020 9057
1 1 3 8041 8322 8323
1 1 2 8077 9466
1 1 2 8127 9956
1 1 6 8192 8194 8195 8196 8197 8198
1 1 2 8199 8200
1 2
2 1 2 8207 10182
2 1 2 10180 10181
1 1 2 8209 8210
1 1 4 8220 8221 8224 8225
1 1 4 8227 8228 8232 8242
1 1 3 8243 10335 10336
1 2
2 1 2 8249 9356
2 1 3 8250 8251 9357
1 1 3 8253 10322 10323
1 1 2 8259 8260
1 2
2 1 2 8296 9743
2 1 2 10449 10450
1 1 2 8308 9116
1 1 2 8334 8348
1 3
2 1 2 8335 8339
2 1 4 8336 8337 8340 8342
2 1 3 8338 8341 8343
1 1 2 8367 10964
1 1 3 8382 8383 8384
1 1 2 8388 8761
1 1 2 8394 8395
1 1 3 8412 8413 10153
1 2
2 1 2 8430 8432
2 1 3 8431 10188 10509
1 1 2 8439 8440
1 2
2 1 2 8444 10540
2 1 2 9909 11184
1 1 2 8452 8453
1 1 3 8459 8460 8623
1 1 2 8464 11064
1 1 2 8493 10728
1 1 2 8495 10623
1 1 3 8524 8525 8527
1 1 3 8526 8528 8536
1 3
2 1 3 8530 10022 10202
2 1 2 8531 10617
2 1 2 8532 10020
1 1 2 8533 8848
1 2
2 1 2 8546 10345
2 1 2 9405 10370
1 1 2 8582 8584
1 1 2 8629 9633
1 1 3 8702 8703 8704
1 1 2 8705 8706
1 1 3 8714 8715 8716
1 3
2 1 3 8748 8752 8754
2 1 2 8749 8750
2 1 2 8751 8753
1 1 2 8764 8765
1 1 2 8777 8779
1 1 2 8811 8812
1 1 3 8841 8842 8843
1 1 2 8849 9177
1 1 2 8904 8905
1 1 2 8914 11091
1 1 2 8931 8932
1 1 3 8933 8935 8936
1 1 2 8945 10814
1 1 2 8946 8952
1 1 2 8950 9841
1 1 2 8951 9007
1 1 2 8963 8964
1 1 5 9003 9004 9005 9033 10640
1 1 3 9006 10667 10668
1 1 3 9017 9018 9022
1 1 3 9026 9027 9032
1 1 3 9055 9056 9059
1 1 2 9065 11171
1 1 2 9071 9284
1 1 3 9074 9075 9076
1 1 3 9090 9091 9096
1 1 2 9098 9099
1 1 2 9115 9628
1 1 2 9121 10576
1 1 2 9130 9139
1 1 4 9136 9137 9138 9145
1 1 3 9140 9141 10985
1 2
2 1 3 9144 10258 10259
2 1 2 10755 10758
1 1 2 9152 9153
1 1 2 9170 9282
1 1 2 9198 9199
1 1 3 9208 9253 9254
1 1 2 9211 9234
1 3
2 1 2 9219 9239
2 1 2 9220 9240
2 1 3 9249 9250 9257
1 1 2 9225 9226
1 1 2 9251 9259
1 1 3 9252 9265 9266
1 1 2 9311 9953
1 1 3 9331 9332 9333
1 1 2 9334 9336
1 1 2 9366 9367
1 1 2 9406 10384
1 1 2 9416 9417
1 1 2 9451 9684
1 1 2 9455 11009
1 1 2 9470 10906
1 1 3 9508 9509 10184
1 1 3 9510 10189 10286
1 2
2 1 3 9533 9534 9624
2 1 2 9623 9625
1 1 2 9550 9552
1 1 3 9553 9554 9557
1 1 2 9599 9600
1 1 2 9605 9606
1 1 2 9607 9626
1 1 2 9609 9616
1 1 3 9672 9673 9674
1 1 2 9675 9676
1 1 2 9677 9784
1 2
2 1 2 9678 10795
2 1 2 10448 10796
1 1 2 9679 9680
1 1 2 9685 9686
1 1 2 9687 9688
1 6
2 1 3 9690 9691 9702
2 1 2 9692 9699
2 1 2 9698 9711
2 1 2 9700 9737
2 2
3 1 2 9701 9704
3 1 2 9703 9705
2 1 2 9709 9710
1 1 2 9736 9738
1 1 2 9740 9804
1 1 2 9746 9747
1 1 2 9748 9754
1 1 2 9756 9785
1 1 2 9758 9759
1 1 3 9762 9763 9764
1 1 3 9794 9795 10413
1 1 3 9819 9820 9865
1 1 2 9825 9826
1 1 3 9830 10044 10045
1 1 2 9854 11017
1 1 2 9861 11163
1 1 2 9866 9867
1 1 3 9894 9895 10002
1 1 2 9898 9950
1 1 2 9903 9904
1 1 2 9916 9917
1 1 2 9927 10088
1 3
2 1 3 9929 10691 10776
2 1 4 10682 10738 10743 10744
2 2
3 1 2 10686 10725
3 1 2 10687 10775
1 2
2 1 3 9972 10147 10150
2 1 2 10146 10148
1 1 2 10006 10107
1 2
2 1 2 10012 10018
2 1 2 10039 10131
1 1 2 10019 10644
1 1 2 10023 10094
1 1 3 10024 10027 10151
1 1 3 10030 10031 10032
1 1 2 10051 10943
1 1 2 10135 10136
1 1 2 10140 10141
1 1 2 10142 10192
1 1 3 10171 10554 10555
1 1 2 10193 10194
1 1 2 10200 10618
1 1 2 10204 10208
1 1 3 10207 10209 10211
1 1 2 10228 10229
1 1 2 10261 10304
1 2
2 1 3 10277 10278 10282
2 1 2 10279 10280
1 1 2 10305 10306
1 2
2 1 2 10321 10325
2 1 3 10328 10329 10330
1 1 2 10339 10354
1 1 2 10366 10368
1 1 3 10388 10389 10390
1 1 3 10420 10421 10422
1 1 2 10435 10436
1 2
2 1 2 10439 10440
2 1 2 10525 10526
1 1 2 10443 10444
1 1 3 10483 10484 10485
1 1 2 10488 10501
1 1 2 10493 10494
1 1 2 10499 10505
1 1 3 10520 10521 10522
1 1 2 10536 10537
1 1 2 10547 10548
1 1 2 10673 10674
1 2
2 1 2 10688 10689
2 1 2 10694 10704
1 1 3 10718 10736 10737
1 2
2 1 3 10766 10767 10768
2 1 2 10769 10771
1 1 2 10817 10819
1 1 2 10821 10822
1 1 2 10899 10904
1 1 2 10920 11082
