0 3
1 7
2 4
3 1 2 0 90
3 2
4 1 3 17 63 98
4 1 3 20 56 97
3 1 5 26 31 43 45 78
3 1 3 67 85 95
2 4
3 2
4 2
5 1 2 1 10
5 1 2 70 93
4 1 2 27 38
3 2
4 1 2 3 94
4 1 2 15 68
3 1 4 7 37 44 65
3 2
4 1 3 8 53 69
4 1 4 33 35 47 61
2 3
3 2
4 1 3 2 41 58
4 1 3 25 71 79
3 1 5 11 30 40 50 99
3 3
4 1 3 18 59 81
4 2
5 1 2 22 28
5 1 2 84 87
4 1 2 60 83
2 3
3 2
4 1 2 4 88
4 1 3 29 66 96
3 1 3 12 14 75
3 1 3 49 54 77
2 3
3 2
4 1 2 5 39
4 1 2 76 154
3 1 3 16 32 82
3 1 2 34 80
2 3
3 2
4 1 3 6 21 74
4 1 3 13 73 92
3 2
4 1 2 9 62
4 1 2 23 91
3 1 4 24 57 64 72
2 2
3 1 3 36 42 89
3 1 4 48 51 55 86
1 4
2 3
3 1 3 19 46 122
3 1 3 110 149 168
3 1 2 135 193
2 2
3 2
4 1 2 104 165
4 1 2 185 187
3 1 3 111 120 171
2 3
3 1 3 121 153 188
3 1 2 140 190
3 1 2 162 194
2 3
3 2
4 1 2 133 142
4 1 2 147 195
3 1 2 166 183
3 1 2 170 182
1 8
2 4
3 1 2 52 196
3 2
4 1 3 102 126 173
4 1 2 144 179
3 1 3 112 148 176
3 1 3 119 145 192
2 3
3 1 3 100 163 174
3 1 2 108 123
3 1 3 115 141 152
2 2
3 1 4 101 131 134 189
3 1 3 160 175 177
2 3
3 1 2 103 132
3 1 3 114 164 172
3 1 3 130 167 180
2 2
3 1 3 105 150 197
3 1 3 136 151 199
2 3
3 2
4 1 2 106 129
4 1 2 116 186
3 1 5 117 139 155 181 191
3 2
4 1 2 118 146
4 1 2 127 198
2 3
3 1 3 107 157 158
3 1 4 113 124 128 184
3 2
4 1 2 137 178
4 1 2 138 143
2 2
3 1 3 109 125 159
3 1 3 156 161 169
