0 -8.259298e-01 2.105011e-01 -2.717007e-01 -7.143989e-01 -9.900255e-01 -8.647609e-01 -7.252232e-01 9.488780e-01 3.488781e-01 -2.528749e-01 8.035434e-01 5.044852e-01 -4.773739e-01 -2.516310e-01 7.549274e-01 -2.424012e-01 1.144867e-01 8.117328e-01 5.933217e-01 8.705703e-01 -1.350738e-01 7.009886e-02 5.238242e-01 -9.081020e-01 -3.224856e-01 6.948103e-01 -3.781252e-01 5.980331e-01 -1.654540e-01 4.112224e-01 5.852966e-01 -1.464388e-03
13 -8.259210e-01 2.105970e-01 -2.716968e-01 -7.144444e-01 -9.899127e-01 -8.647380e-01 -7.252192e-01 9.489750e-01 3.490535e-01 -2.530649e-01 8.034783e-01 5.044462e-01 -4.773920e-01 -2.516857e-01 7.548506e-01 -2.425014e-01 1.146614e-01 8.116116e-01 5.932714e-01 8.706468e-01 -1.350073e-01 6.999641e-02 5.238778e-01 -9.079816e-01 -3.226499e-01 6.946763e-01 -3.780532e-01 5.978639e-01 -1.655925e-01 4.112111e-01 5.853218e-01 -1.409364e-03
68 -8.258390e-01 2.106513e-01 -2.716811e-01 -7.144441e-01 -9.898504e-01 -8.649056e-01 -7.251161e-01 9.490162e-01 3.488844e-01 -2.530206e-01 8.034910e-01 5.044567e-01 -4.774190e-01 -2.515389e-01 7.549737e-01 -2.425449e-01 1.144874e-01 8.116757e-01 5.933096e-01 8.705281e-01 -1.350431e-01 7.008635e-02 5.238766e-01 -9.079787e-01 -3.224775e-01 6.947731e-01 -3.780258e-01 5.978911e-01 -1.655135e-01 4.110848e-01 5.854101e-01 -1.439365e-03
1 -8.287475e-01 2.171239e-01 -2.738881e-01 -7.191146e-01 -9.817225e-01 -8.718476e-01 -7.116828e-01 9.465730e-01 3.586087e-01 -2.498745e-01 7.974470e-01 5.146895e-01 -4.856569e-01 -2.551932e-01 7.416288e-01 -2.407802e-01 1.244007e-01 8.177959e-01 5.969932e-01 8.672603e-01 -1.261623e-01 5.736693e-02 5.173927e-01 -9.065396e-01 -3.174351e-01 7.014542e-01 -3.675208e-01 6.081080e-01 -1.680178e-01 4.208801e-01 5.916645e-01 1.334399e-02
10 -8.287403e-01 2.171989e-01 -2.737631e-01 -7.190619e-01 -9.817280e-01 -8.718240e-01 -7.116825e-01 9.465195e-01 3.587163e-01 -2.498452e-01 7.975191e-01 5.145929e-01 -4.855793e-01 -2.551858e-01 7.415016e-01 -2.407836e-01 1.244228e-01 8.179714e-01 5.968674e-01 8.674066e-01 -1.261521e-01 5.745580e-02 5.172590e-01 -9.065328e-01 -3.175619e-01 7.015039e-01 -3.674922e-01 6.080140e-01 -1.679526e-01 4.208791e-01 5.915859e-01 1.341229e-02
27 -8.286774e-01 2.170501e-01 -2.738327e-01 -7.191948e-01 -9.818502e-01 -8.716998e-01 -7.116638e-01 9.465063e-01 3.586699e-01 -2.499616e-01 7.974203e-01 5.146323e-01 -4.854847e-01 -2.552257e-01 7.415290e-01 -2.406682e-01 1.243699e-01 8.178774e-01 5.969413e-01 8.673668e-01 -1.261652e-01 5.739245e-02 5.174205e-01 -9.064796e-01 -3.175695e-01 7.015026e-01 -3.675125e-01 6.080780e-01 -1.679672e-01 4.207734e-01 5.917140e-01 1.346935e-02
2 -8.290695e-01 2.138248e-01 -2.654262e-01 -7.128507e-01 -9.919672e-01 -8.708055e-01 -7.189464e-01 9.477695e-01 3.626530e-01 -2.385504e-01 7.922111e-01 5.125374e-01 -4.811242e-01 -2.550864e-01 7.477428e-01 -2.299735e-01 1.211161e-01 8.183489e-01 5.997196e-01 8.725686e-01 -1.294258e-01 5.712612e-02 5.139762e-01 -9.046361e-01 -3.188646e-01 6.935349e-01 -3.796521e-01 5.991664e-01 -1.791510e-01 4.133363e-01 5.904910e-01 1.680475e-03
75 -8.290695e-01 2.138248e-01 -2.654262e-01 -7.128506e-01 -9.919672e-01 -8.708055e-01 -7.189464e-01 9.477695e-01 3.626530e-01 -2.385504e-01 7.922111e-01 5.125375e-01 -4.811242e-01 -2.550864e-01 7.477428e-01 -2.299735e-01 1.211161e-01 8.183489e-01 5.997196e-01 8.725687e-01 -1.294258e-01 5.712612e-02 5.139762e-01 -9.046361e-01 -3.188646e-01 6.935349e-01 -3.796521e-01 5.991664e-01 -1.791510e-01 4.133363e-01 5.904910e-01 1.680465e-03
25 -8.290693e-01 2.138247e-01 -2.654261e-01 -7.128522e-01 -9.919669e-01 -8.708049e-01 -7.189454e-01 9.477700e-01 3.626531e-01 -2.385495e-01 7.922120e-01 5.125363e-01 -4.811239e-01 -2.550869e-01 7.477429e-01 -2.299741e-01 1.211163e-01 8.183505e-01 5.997189e-01 8.725689e-01 -1.294249e-01 5.712463e-02 5.139773e-01 -9.046364e-01 -3.188638e-01 6.935356e-01 -3.796532e-01 5.991659e-01 -1.791514e-01 4.133370e-01 5.904900e-01 1.680362e-03
87 -8.290693e-01 2.138247e-01 -2.654261e-01 -7.128522e-01 -9.919669e-01 -8.708049e-01 -7.189454e-01 9.477700e-01 3.626531e-01 -2.385495e-01 7.922120e-01 5.125363e-01 -4.811238e-01 -2.550869e-01 7.477429e-01 -2.299740e-01 1.211163e-01 8.183505e-01 5.997189e-01 8.725689e-01 -1.294249e-01 5.712464e-02 5.139772e-01 -9.046364e-01 -3.188638e-01 6.935356e-01 -3.796532e-01 5.991659e-01 -1.791514e-01 4.133370e-01 5.904900e-01 1.680366e-03
18 -8.291648e-01 2.138395e-01 -2.655029e-01 -7.129287e-01 -9.919379e-01 -8.708762e-01 -7.189117e-01 9.477458e-01 3.627111e-01 -2.384905e-01 7.920240e-01 5.125124e-01 -4.812261e-01 -2.551637e-01 7.478118e-01 -2.300099e-01 1.211820e-01 8.183302e-01 5.996638e-01 8.725962e-01 -1.293348e-01 5.730404e-02 5.139968e-01 -9.047868e-01 -3.188387e-01 6.935366e-01 -3.795393e-01 5.992210e-01 -1.792825e-01 4.132360e-01 5.903666e-01 1.653674e-03
20 -8.291637e-01 2.138384e-01 -2.655036e-01 -7.129289e-01 -9.919391e-01 -8.708748e-01 -7.189112e-01 9.477470e-01 3.627102e-01 -2.384901e-01 7.920224e-01 5.125121e-01 -4.812262e-01 -2.551636e-01 7.478114e-01 -2.300103e-01 1.211826e-01 8.183297e-01 5.996637e-01 8.725976e-01 -1.293355e-01 5.730313e-02 5.139984e-01 -9.047853e-01 -3.188393e-01 6.935370e-01 -3.795401e-01 5.992202e-01 -1.792826e-01 4.132363e-01 5.903663e-01 1.654830e-03
59 -8.290853e-01 2.137822e-01 -2.654948e-01 -7.128654e-01 -9.919678e-01 -8.708091e-01 -7.189368e-01 9.478722e-01 3.626419e-01 -2.385225e-01 7.921655e-01 5.125853e-01 -4.812019e-01 -2.551309e-01 7.476796e-01 -2.300351e-01 1.212351e-01 8.182521e-01 5.996145e-01 8.725133e-01 -1.292860e-01 5.713197e-02 5.139906e-01 -9.046478e-01 -3.187093e-01 6.934215e-01 -3.796503e-01 5.990894e-01 -1.792386e-01 4.132850e-01 5.905137e-01 1.775215e-03
60 -8.290839e-01 2.137821e-01 -2.654945e-01 -7.128648e-01 -9.919690e-01 -8.708095e-01 -7.189353e-01 9.478735e-01 3.626419e-01 -2.385223e-01 7.921667e-01 5.125843e-01 -4.812016e-01 -2.551313e-01 7.476798e-01 -2.300354e-01 1.212347e-01 8.182532e-01 5.996139e-01 8.725145e-01 -1.292852e-01 5.713076e-02 5.139909e-01 -9.046469e-01 -3.187083e-01 6.934225e-01 -3.796508e-01 5.990895e-01 -1.792399e-01 4.132848e-01 5.905143e-01 1.775277e-03
81 -8.290841e-01 2.137829e-01 -2.654939e-01 -7.128662e-01 -9.919685e-01 -8.708094e-01 -7.189355e-01 9.478738e-01 3.626421e-01 -2.385232e-01 7.921661e-01 5.125849e-01 -4.812009e-01 -2.551296e-01 7.476800e-01 -2.300351e-01 1.212354e-01 8.182529e-01 5.996153e-01 8.725140e-01 -1.292867e-01 5.713032e-02 5.139914e-01 -9.046475e-01 -3.187076e-01 6.934224e-01 -3.796492e-01 5.990889e-01 -1.792401e-01 4.132848e-01 5.905138e-01 1.776837e-03
3 -8.270812e-01 2.262682e-01 -2.658402e-01 -7.059796e-01 -9.823670e-01 -8.660751e-01 -7.172719e-01 9.351187e-01 3.502746e-01 -2.545149e-01 7.905429e-01 5.112293e-01 -4.689730e-01 -2.500157e-01 7.533148e-01 -2.293996e-01 1.132494e-01 8.105082e-01 6.008419e-01 8.619975e-01 -1.246806e-01 7.291124e-02 5.065722e-01 -9.071286e-01 -3.218061e-01 6.907024e-01 -3.718932e-01 6.123012e-01 -1.763995e-01 4.241780e-01 5.876563e-01 6.620313e-03
8 -8.270798e-01 2.262688e-01 -2.658401e-01 -7.059799e-01 -9.823675e-01 -8.660756e-01 -7.172720e-01 9.351177e-01 3.502743e-01 -2.545158e-01 7.905416e-01 5.112301e-01 -4.689723e-01 -2.500160e-01 7.533152e-01 -2.293995e-01 1.132489e-01 8.105080e-01 6.008409e-01 8.619968e-01 -1.246800e-01 7.291222e-02 5.065718e-01 -9.071284e-01 -3.218064e-01 6.907013e-01 -3.718939e-01 6.123011e-01 -1.763986e-01 4.241786e-01 5.876557e-01 6.620614e-03
70 -8.270957e-01 2.262361e-01 -2.658960e-01 -7.058700e-01 -9.822918e-01 -8.660425e-01 -7.173628e-01 9.351091e-01 3.502936e-01 -2.545541e-01 7.906645e-01 5.112435e-01 -4.689858e-01 -2.499063e-01 7.532320e-01 -2.294630e-01 1.132920e-01 8.105434e-01 6.007689e-01 8.620179e-01 -1.246665e-01 7.275097e-02 5.065507e-01 -9.071421e-01 -3.219370e-01 6.908037e-01 -3.718963e-01 6.122372e-01 -1.762675e-01 4.241103e-01 5.875997e-01 6.535942e-03
93 -8.270970e-01 2.262360e-01 -2.658950e-01 -7.058707e-01 -9.822900e-01 -8.660416e-01 -7.173618e-01 9.351091e-01 3.502940e-01 -2.545556e-01 7.906649e-01 5.112432e-01 -4.689860e-01 -2.499059e-01 7.532322e-01 -2.294632e-01 1.132914e-01 8.105444e-01 6.007686e-01 8.620188e-01 -1.246666e-01 7.274996e-02 5.065506e-01 -9.071420e-01 -3.219373e-01 6.908048e-01 -3.718955e-01 6.122382e-01 -1.762684e-01 4.241108e-01 5.876004e-01 6.535652e-03
4 -8.263447e-01 2.202874e-01 -2.799046e-01 -7.151361e-01 -9.881221e-01 -8.644950e-01 -7.164522e-01 9.501661e-01 3.465244e-01 -2.439609e-01 7.947962e-01 5.069144e-01 -4.859978e-01 -2.435831e-01 7.571934e-01 -2.307662e-01 1.158391e-01 8.122950e-01 6.021119e-01 8.655902e-01 -1.238471e-01 6.914985e-02 5.098649e-01 -8.977197e-01 -3.245012e-01 6.917290e-01 -3.682006e-01 6.084541e-01 -1.729541e-01 4.246538e-01 5.875992e-01 1.080225e-02
41 -8.263455e-01 2.202870e-01 -2.799048e-01 -7.151352e-01 -9.881225e-01 -8.644966e-01 -7.164525e-01 9.501660e-01 3.465237e-01 -2.439601e-01 7.947956e-01 5.069152e-01 -4.859969e-01 -2.435830e-01 7.571924e-01 -2.307669e-01 1.158407e-01 8.122943e-01 6.021116e-01 8.655900e-01 -1.238469e-01 6.915038e-02 5.098661e-01 -8.977202e-01 -3.245016e-01 6.917277e-01 -3.682004e-01 6.084522e-01 -1.729539e-01 4.246535e-01 5.876001e-01 1.080160e-02
14 -8.262651e-01 2.202855e-01 -2.798845e-01 -7.152322e-01 -9.880790e-01 -8.646501e-01 -7.165233e-01 9.500649e-01 3.465832e-01 -2.439628e-01 7.947546e-01 5.069343e-01 -4.861268e-01 -2.435556e-01 7.572789e-01 -2.308098e-01 1.157918e-01 8.122431e-01 6.020757e-01 8.655628e-01 -1.238906e-01 6.918480e-02 5.097825e-01 -8.977457e-01 -3.244369e-01 6.918309e-01 -3.683399e-01 6.083059e-01 -1.729692e-01 4.245515e-01 5.875889e-01 1.086479e-02
97 -8.262666e-01 2.202849e-01 -2.798855e-01 -7.152338e-01 -9.880793e-01 -8.646493e-01 -7.165219e-01 9.500653e-01 3.465848e-01 -2.439625e-01 7.947540e-01 5.069348e-01 -4.861267e-01 -2.435551e-01 7.572799e-01 -2.308089e-01 1.157911e-01 8.122441e-01 6.020744e-01 8.655639e-01 -1.238904e-01 6.918423e-02 5.097830e-01 -8.977470e-01 -3.244379e-01 6.918308e-01 -3.683399e-01 6.083062e-01 -1.729704e-01 4.245515e-01 5.875889e-01 1.086412e-02
5 -8.138245e-01 2.078616e-01 -2.766835e-01 -7.066889e-01 -9.807183e-01 -8.747921e-01 -7.181170e-01 9.430143e-01 3.593675e-01 -2.395210e-01 7.939871e-01 5.039949e-01 -4.801888e-01 -2.616884e-01 7.403633e-01 -2.441880e-01 1.177069e-01 8.027656e-01 6.119357e-01 8.537145e-01 -1.226949e-01 6.939156e-02 5.091725e-01 -8.977638e-01 -3.274632e-01 6.916936e-01 -3.656714e-01 6.056877e-01 -1.744100e-01 4.180642e-01 5.884813e-01 1.666192e-03
16 -8.137887e-01 2.079946e-01 -2.766256e-01 -7.066949e-01 -9.806881e-01 -8.749261e-01 -7.182176e-01 9.430341e-01 3.592437e-01 -2.395648e-01 7.939448e-01 5.041739e-01 -4.803140e-01 -2.617378e-01 7.404345e-01 -2.442794e-01 1.176557e-01 8.029381e-01 6.119485e-01 8.536908e-01 -1.227445e-01 6.926550e-02 5.092072e-01 -8.977423e-01 -3.275225e-01 6.917152e-01 -3.656852e-01 6.057021e-01 -1.743781e-01 4.180337e-01 5.884626e-01 1.745204e-03
82 -8.138853e-01 2.080355e-01 -2.765646e-01 -7.065681e-01 -9.807941e-01 -8.747662e-01 -7.180689e-01 9.429993e-01 3.593525e-01 -2.396521e-01 7.940863e-01 5.041664e-01 -4.802481e-01 -2.617254e-01 7.405455e-01 -2.442710e-01 1.176227e-01 8.028563e-01 6.119244e-01 8.536063e-01 -1.227481e-01 6.927417e-02 5.091515e-01 -8.978053e-01 -3.274883e-01 6.916526e-01 -3.657511e-01 6.057478e-01 -1.744750e-01 4.181633e-01 5.883858e-01 1.751054e-03
6 -8.138616e-01 2.265273e-01 -2.767956e-01 -7.013163e-01 -9.770017e-01 -8.738754e-01 -7.300126e-01 9.405892e-01 3.567066e-01 -2.557361e-01 7.979749e-01 4.988740e-01 -4.792292e-01 -2.554198e-01 7.433933e-01 -2.280136e-01 1.233795e-01 8.134488e-01 6.096905e-01 8.628299e-01 -1.208765e-01 6.025357e-02 5.167973e-01 -9.081826e-01 -3.266122e-01 7.094236e-01 -3.823607e-01 6.156458e-01 -1.656212e-01 4.157038e-01 5.863921e-01 1.061624e-02
74 -8.138608e-01 2.265261e-01 -2.767938e-01 -7.013169e-01 -9.770015e-01 -8.738751e-01 -7.300136e-01 9.405887e-01 3.567066e-01 -2.557372e-01 7.979754e-01 4.988737e-01 -4.792282e-01 -2.554197e-01 7.433950e-01 -2.280136e-01 1.233788e-01 8.134490e-01 6.096888e-01 8.628281e-01 -1.208783e-01 6.025320e-02 5.167958e-01 -9.081815e-01 -3.266115e-01 7.094228e-01 -3.823594e-01 6.156461e-01 -1.656208e-01 4.157055e-01 5.863926e-01 1.061745e-02
12 -8.138836e-01 2.265906e-01 -2.769080e-01 -7.011560e-01 -9.770468e-01 -8.739470e-01 -7.300705e-01 9.405645e-01 3.566891e-01 -2.558102e-01 7.980792e-01 4.988889e-01 -4.792888e-01 -2.553810e-01 7.434628e-01 -2.280202e-01 1.232459e-01 8.135635e-01 6.096069e-01 8.627384e-01 -1.208173e-01 6.030261e-02 5.167404e-01 -9.082307e-01 -3.264660e-01 7.095270e-01 -3.825307e-01 6.157340e-01 -1.655779e-01 4.156853e-01 5.862327e-01 1.043746e-02
21 -8.138838e-01 2.265900e-01 -2.769090e-01 -7.011565e-01 -9.770480e-01 -8.739471e-01 -7.300709e-01 9.405632e-01 3.566883e-01 -2.558090e-01 7.980786e-01 4.988875e-01 -4.792888e-01 -2.553828e-01 7.434632e-01 -2.280195e-01 1.232451e-01 8.135642e-01 6.096078e-01 8.627394e-01 -1.208167e-01 6.030190e-02 5.167412e-01 -9.082314e-01 -3.264659e-01 7.095281e-01 -3.825302e-01 6.157339e-01 -1.655792e-01 4.156858e-01 5.862335e-01 1.043800e-02
7 -8.194469e-01 2.092431e-01 -2.750883e-01 -7.018456e-01 -9.889627e-01 -8.610900e-01 -7.283827e-01 9.452905e-01 3.612251e-01 -2.533792e-01 8.079422e-01 5.062995e-01 -4.842855e-01 -2.609371e-01 7.572330e-01 -2.347669e-01 1.187733e-01 8.154823e-01 6.021432e-01 8.658606e-01 -1.206397e-01 5.580168e-02 5.235047e-01 -9.135707e-01 -3.186547e-01 6.964178e-01 -3.783727e-01 6.148791e-01 -1.669505e-01 4.272452e-01 5.882459e-01 3.517840e-03
55 -8.194651e-01 2.092263e-01 -2.750631e-01 -7.018881e-01 -9.888397e-01 -8.611005e-01 -7.283849e-01 9.452165e-01 3.611513e-01 -2.534627e-01 8.079524e-01 5.061438e-01 -4.843025e-01 -2.610051e-01 7.572677e-01 -2.346707e-01 1.187493e-01 8.156545e-01 6.021225e-01 8.658914e-01 -1.204761e-01 5.585771e-02 5.234938e-01 -9.137084e-01 -3.185737e-01 6.963124e-01 -3.784448e-01 6.148764e-01 -1.668877e-01 4.271594e-01 5.882144e-01 3.549220e-03
86 -8.195459e-01 2.092229e-01 -2.750714e-01 -7.018493e-01 -9.888690e-01 -8.611004e-01 -7.284244e-01 9.453021e-01 3.612659e-01 -2.534857e-01 8.078904e-01 5.062498e-01 -4.844030e-01 -2.608147e-01 7.572815e-01 -2.348024e-01 1.189104e-01 8.156390e-01 6.022080e-01 8.660128e-01 -1.206409e-01 5.591863e-02 5.234820e-01 -9.135827e-01 -3.185947e-01 6.964420e-01 -3.785415e-01 6.149050e-01 -1.668398e-01 4.272390e-01 5.882825e-01 3.522089e-03
15 -8.176256e-01 2.168806e-01 -2.728005e-01 -7.134785e-01 -9.744179e-01 -8.734653e-01 -7.238822e-01 9.502356e-01 3.583195e-01 -2.453356e-01 8.052062e-01 5.147648e-01 -4.777954e-01 -2.521286e-01 7.440997e-01 -2.368900e-01 1.124858e-01 8.146144e-01 5.966304e-01 8.619249e-01 -1.303013e-01 6.068331e-02 5.123896e-01 -9.165405e-01 -3.355763e-01 6.989488e-01 -3.753290e-01 6.152473e-01 -1.833088e-01 4.162598e-01 5.800844e-01 9.175653e-03
32 -8.176143e-01 2.167921e-01 -2.727099e-01 -7.136165e-01 -9.742729e-01 -8.734949e-01 -7.240336e-01 9.500726e-01 3.584691e-01 -2.452607e-01 8.051784e-01 5.147966e-01 -4.777992e-01 -2.519964e-01 7.441076e-01 -2.367822e-01 1.123176e-01 8.147253e-01 5.964993e-01 8.620063e-01 -1.302435e-01 6.074593e-02 5.123916e-01 -9.165847e-01 -3.356604e-01 6.989778e-01 -3.752523e-01 6.151601e-01 -1.831562e-01 4.161394e-01 5.802084e-01 9.133536e-03
22 -8.161425e-01 2.187886e-01 -2.700968e-01 -7.049518e-01 -9.759127e-01 -8.659253e-01 -7.135847e-01 9.461590e-01 3.572091e-01 -2.449466e-01 8.017586e-01 5.067866e-01 -4.817361e-01 -2.486153e-01 7.462874e-01 -2.375120e-01 1.161253e-01 8.086767e-01 5.927737e-01 8.618717e-01 -1.212966e-01 6.036142e-02 5.225064e-01 -8.991116e-01 -3.315474e-01 7.067592e-01 -3.826479e-01 5.967208e-01 -1.813435e-01 4.097864e-01 5.866249e-01 1.241317e-02
28 -8.161424e-01 2.187887e-01 -2.700981e-01 -7.049529e-01 -9.759134e-01 -8.659243e-01 -7.135837e-01 9.461577e-01 3.572076e-01 -2.449473e-01 8.017593e-01 5.067867e-01 -4.817353e-01 -2.486156e-01 7.462878e-01 -2.375108e-01 1.161248e-01 8.086766e-01 5.927743e-01 8.618710e-01 -1.212955e-01 6.036079e-02 5.225072e-01 -8.991112e-01 -3.315482e-01 7.067578e-01 -3.826485e-01 5.967202e-01 -1.813439e-01 4.097854e-01 5.866266e-01 1.241270e-02
34 -8.162132e-01 2.187458e-01 -2.701409e-01 -7.049748e-01 -9.757703e-01 -8.659571e-01 -7.135251e-01 9.460381e-01 3.573082e-01 -2.450703e-01 8.018250e-01 5.067283e-01 -4.817635e-01 -2.486793e-01 7.461216e-01 -2.374284e-01 1.161386e-01 8.085928e-01 5.928232e-01 8.618723e-01 -1.213220e-01 6.034644e-02 5.224331e-01 -8.991116e-01 -3.315155e-01 7.067086e-01 -3.825878e-01 5.968736e-01 -1.813500e-01 4.098951e-01 5.866627e-01 1.233587e-02
80 -8.162145e-01 2.187460e-01 -2.701415e-01 -7.049749e-01 -9.757691e-01 -8.659571e-01 -7.135252e-01 9.460382e-01 3.573086e-01 -2.450710e-01 8.018257e-01 5.067273e-01 -4.817638e-01 -2.486791e-01 7.461214e-01 -2.374288e-01 1.161390e-01 8.085925e-01 5.928237e-01 8.618719e-01 -1.213225e-01 6.034756e-02 5.224316e-01 -8.991112e-01 -3.315162e-01 7.067077e-01 -3.825864e-01 5.968742e-01 -1.813497e-01 4.098949e-01 5.866620e-01 1.233697e-02
24 -8.264754e-01 2.134435e-01 -2.731933e-01 -7.159274e-01 -9.888562e-01 -8.742341e-01 -7.235165e-01 9.437525e-01 3.538337e-01 -2.561386e-01 8.037066e-01 5.152810e-01 -4.758987e-01 -2.529901e-01 7.502317e-01 -2.279674e-01 1.244054e-01 8.080742e-01 6.095031e-01 8.627141e-01 -1.362641e-01 7.308211e-02 5.194838e-01 -9.092839e-01 -3.335433e-01 6.990757e-01 -3.795756e-01 6.105835e-01 -1.692729e-01 4.170931e-01 5.860996e-01 -5.842198e-03
57 -8.264710e-01 2.134441e-01 -2.731317e-01 -7.160805e-01 -9.887736e-01 -8.743372e-01 -7.236205e-01 9.436942e-01 3.537733e-01 -2.559975e-01 8.037233e-01 5.152351e-01 -4.759497e-01 -2.530537e-01 7.503168e-01 -2.280305e-01 1.242723e-01 8.082133e-01 6.095439e-01 8.625815e-01 -1.361709e-01 7.306049e-02 5.195020e-01 -9.091828e-01 -3.335362e-01 6.990075e-01 -3.796056e-01 6.104374e-01 -1.693130e-01 4.171179e-01 5.860711e-01 -5.887190e-03
64 -8.264318e-01 2.134843e-01 -2.731185e-01 -7.159503e-01 -9.888504e-01 -8.742224e-01 -7.235406e-01 9.437515e-01 3.538305e-01 -2.561093e-01 8.037318e-01 5.152385e-01 -4.759287e-01 -2.529539e-01 7.502773e-01 -2.279405e-01 1.243095e-01 8.081957e-01 6.094917e-01 8.627049e-01 -1.362108e-01 7.301072e-02 5.195326e-01 -9.092095e-01 -3.334418e-01 6.990266e-01 -3.795996e-01 6.104926e-01 -1.692727e-01 4.171075e-01 5.860899e-01 -5.791068e-03
72 -8.264248e-01 2.135237e-01 -2.731084e-01 -7.160204e-01 -9.888993e-01 -8.743376e-01 -7.235499e-01 9.437656e-01 3.537996e-01 -2.561106e-01 8.035452e-01 5.152198e-01 -4.760339e-01 -2.529881e-01 7.503585e-01 -2.280019e-01 1.242557e-01 8.082178e-01 6.095581e-01 8.626047e-01 -1.362272e-01 7.312481e-02 5.195970e-01 -9.091242e-01 -3.335310e-01 6.991051e-01 -3.796692e-01 6.104418e-01 -1.694092e-01 4.170700e-01 5.859264e-01 -5.921908e-03
29 -8.137966e-01 2.236720e-01 -2.712395e-01 -7.167820e-01 -9.754137e-01 -8.793423e-01 -7.277361e-01 9.404066e-01 3.543999e-01 -2.520733e-01 8.008622e-01 5.052087e-01 -4.746700e-01 -2.555475e-01 7.565845e-01 -2.286998e-01 1.084761e-01 8.043292e-01 5.970681e-01 8.603717e-01 -1.334393e-01 5.824735e-02 5.114307e-01 -9.074620e-01 -3.172617e-01 7.044333e-01 -3.686455e-01 6.002369e-01 -1.829642e-01 4.269710e-01 5.816248e-01 1.314241e-02
66 -8.138965e-01 2.237825e-01 -2.711069e-01 -7.168378e-01 -9.754320e-01 -8.792330e-01 -7.275722e-01 9.404233e-01 3.543945e-01 -2.520196e-01 8.010480e-01 5.052501e-01 -4.746902e-01 -2.557259e-01 7.566676e-01 -2.287128e-01 1.085400e-01 8.044497e-01 5.970674e-01 8.603178e-01 -1.334265e-01 5.816599e-02 5.113788e-01 -9.075524e-01 -3.171650e-01 7.043738e-01 -3.686639e-01 6.002385e-01 -1.829721e-01 4.269523e-01 5.816632e-01 1.323881e-02
96 -8.137879e-01 2.237494e-01 -2.712748e-01 -7.167562e-01 -9.753703e-01 -8.792326e-01 -7.276762e-01 9.404692e-01 3.544458e-01 -2.521317e-01 8.009314e-01 5.052887e-01 -4.747807e-01 -2.555492e-01 7.567070e-01 -2.285482e-01 1.086215e-01 8.042790e-01 5.971599e-01 8.604103e-01 -1.334770e-01 5.819794e-02 5.113911e-01 -9.075000e-01 -3.171825e-01 7.043721e-01 -3.686373e-01 6.001939e-01 -1.829884e-01 4.270284e-01 5.817191e-01 1.313126e-02
33 -8.153698e-01 2.267128e-01 -2.671489e-01 -7.170126e-01 -9.767265e-01 -8.752819e-01 -7.292996e-01 9.454144e-01 3.575152e-01 -2.477830e-01 7.989197e-01 5.153862e-01 -4.811955e-01 -2.591447e-01 7.548268e-01 -2.394186e-01 1.113284e-01 8.132535e-01 6.094600e-01 8.670106e-01 -1.344657e-01 6.525591e-02 5.062043e-01 -8.979640e-01 -3.182116e-01 7.066001e-01 -3.786224e-01 6.017767e-01 -1.798595e-01 4.139251e-01 5.815474e-01 -5.129717e-03
61 -8.152587e-01 2.268106e-01 -2.671169e-01 -7.169637e-01 -9.768247e-01 -8.753127e-01 -7.293635e-01 9.455591e-01 3.574280e-01 -2.477164e-01 7.989164e-01 5.154975e-01 -4.811818e-01 -2.592172e-01 7.548185e-01 -2.395413e-01 1.113890e-01 8.133169e-01 6.095515e-01 8.670188e-01 -1.344541e-01 6.528235e-02 5.061798e-01 -8.980987e-01 -3.181431e-01 7.065684e-01 -3.785511e-01 6.018328e-01 -1.798469e-01 4.140181e-01 5.814629e-01 -5.192584e-03
36 -8.201055e-01 2.167852e-01 -2.784197e-01 -7.077753e-01 -9.809450e-01 -8.660125e-01 -7.205572e-01 9.325882e-01 3.506649e-01 -2.449579e-01 8.071241e-01 5.092404e-01 -4.858050e-01 -2.581994e-01 7.520288e-01 -2.440299e-01 1.231898e-01 8.078311e-01 6.099870e-01 8.701862e-01 -1.200208e-01 6.485261e-02 5.249395e-01 -9.103044e-01 -3.297043e-01 6.992267e-01 -3.832292e-01 6.076500e-01 -1.770246e-01 4.110087e-01 5.852878e-01 1.276902e-02
42 -8.201057e-01 2.167860e-01 -2.784203e-01 -7.077757e-01 -9.809447e-01 -8.660131e-01 -7.205568e-01 9.325891e-01 3.506657e-01 -2.449582e-01 8.071257e-01 5.092404e-01 -4.858055e-01 -2.581988e-01 7.520295e-01 -2.440295e-01 1.231897e-01 8.078318e-01 6.099872e-01 8.701860e-01 -1.200202e-01 6.485139e-02 5.249395e-01 -9.103051e-01 -3.297046e-01 6.992272e-01 -3.832302e-01 6.076505e-01 -1.770251e-01 4.110085e-01 5.852895e-01 1.277030e-02
89 -8.201050e-01 2.167851e-01 -2.784194e-01 -7.077748e-01 -9.809442e-01 -8.660138e-01 -7.205570e-01 9.325883e-01 3.506666e-01 -2.449588e-01 8.071250e-01 5.092409e-01 -4.858054e-01 -2.581987e-01 7.520284e-01 -2.440297e-01 1.231885e-01 8.078310e-01 6.099888e-01 8.701855e-01 -1.200204e-01 6.485101e-02 5.249402e-01 -9.103055e-01 -3.297043e-01 6.992270e-01 -3.832301e-01 6.076502e-01 -1.770236e-01 4.110082e-01 5.852884e-01 1.277049e-02
48 -8.201366e-01 2.166592e-01 -2.784616e-01 -7.077531e-01 -9.809650e-01 -8.658932e-01 -7.204867e-01 9.324890e-01 3.505272e-01 -2.449298e-01 8.072064e-01 5.092235e-01 -4.857239e-01 -2.581946e-01 7.519280e-01 -2.440576e-01 1.231875e-01 8.077391e-01 6.097968e-01 8.701284e-01 -1.200140e-01 6.476152e-02 5.248557e-01 -9.104106e-01 -3.297721e-01 6.991642e-01 -3.830961e-01 6.076670e-01 -1.770868e-01 4.109140e-01 5.852663e-01 1.287565e-02
51 -8.201359e-01 2.166597e-01 -2.784615e-01 -7.077519e-01 -9.809661e-01 -8.658934e-01 -7.204865e-01 9.324880e-01 3.505275e-01 -2.449301e-01 8.072055e-01 5.092237e-01 -4.857243e-01 -2.581947e-01 7.519266e-01 -2.440562e-01 1.231885e-01 8.077385e-01 6.097979e-01 8.701274e-01 -1.200140e-01 6.475999e-02 5.248572e-01 -9.104099e-01 -3.297726e-01 6.991644e-01 -3.830949e-01 6.076684e-01 -1.770874e-01 4.109140e-01 5.852680e-01 1.287572e-02
38 -8.271559e-01 2.103728e-01 -2.652379e-01 -7.113925e-01 -9.750050e-01 -8.683416e-01 -7.141966e-01 9.357709e-01 3.642261e-01 -2.556089e-01 7.939227e-01 5.034118e-01 -4.857929e-01 -2.554717e-01 7.452887e-01 -2.423164e-01 1.246448e-01 8.047187e-01 6.026773e-01 8.611784e-01 -1.310952e-01 6.204590e-02 5.108589e-01 -9.067052e-01 -3.230787e-01 6.938785e-01 -3.789407e-01 6.128693e-01 -1.817596e-01 4.112170e-01 5.737380e-01 1.198055e-03
73 -8.271105e-01 2.101910e-01 -2.653996e-01 -7.114229e-01 -9.749695e-01 -8.683886e-01 -7.141728e-01 9.357758e-01 3.640828e-01 -2.556450e-01 7.938378e-01 5.034221e-01 -4.858574e-01 -2.554121e-01 7.454465e-01 -2.424746e-01 1.245699e-01 8.046148e-01 6.028012e-01 8.610337e-01 -1.309800e-01 6.198533e-02 5.109343e-01 -9.067785e-01 -3.230595e-01 6.938045e-01 -3.790201e-01 6.127949e-01 -1.817546e-01 4.111783e-01 5.737622e-01 1.050521e-03
92 -8.271316e-01 2.102494e-01 -2.653805e-01 -7.114130e-01 -9.749537e-01 -8.683469e-01 -7.141613e-01 9.358488e-01 3.640873e-01 -2.557141e-01 7.939223e-01 5.033663e-01 -4.858641e-01 -2.553709e-01 7.454237e-01 -2.423592e-01 1.247052e-01 8.047242e-01 6.027735e-01 8.610880e-01 -1.309324e-01 6.203558e-02 5.109160e-01 -9.067160e-01 -3.230831e-01 6.938985e-01 -3.790240e-01 6.127731e-01 -1.816975e-01 4.111933e-01 5.737912e-01 1.079871e-03
44 -8.175801e-01 2.196111e-01 -2.770628e-01 -7.094218e-01 -9.885399e-01 -8.608443e-01 -7.218557e-01 9.384352e-01 3.466200e-01 -2.501790e-01 7.917557e-01 5.080014e-01 -4.881094e-01 -2.461087e-01 7.434796e-01 -2.288940e-01 1.143095e-01 8.187815e-01 5.952472e-01 8.578175e-01 -1.295275e-01 6.922127e-02 5.221393e-01 -9.159617e-01 -3.264312e-01 7.078352e-01 -3.754674e-01 6.053210e-01 -1.793695e-01 4.272836e-01 5.886404e-01 1.295259e-02
65 -8.174903e-01 2.196060e-01 -2.771657e-01 -7.095663e-01 -9.885347e-01 -8.608122e-01 -7.218437e-01 9.385024e-01 3.466304e-01 -2.500287e-01 7.917799e-01 5.080059e-01 -4.879169e-01 -2.460944e-01 7.436035e-01 -2.287902e-01 1.142073e-01 8.188074e-01 5.951850e-01 8.578611e-01 -1.293617e-01 6.928737e-02 5.220887e-01 -9.160199e-01 -3.263677e-01 7.077088e-01 -3.752896e-01 6.052937e-01 -1.795073e-01 4.272204e-01 5.886660e-01 1.290357e-02
94 -8.175499e-01 2.197213e-01 -2.771580e-01 -7.094231e-01 -9.883850e-01 -8.607925e-01 -7.218366e-01 9.384593e-01 3.466039e-01 -2.501975e-01 7.917395e-01 5.079736e-01 -4.880687e-01 -2.460082e-01 7.434724e-01 -2.288478e-01 1.141192e-01 8.188159e-01 5.951663e-01 8.579418e-01 -1.294896e-01 6.921439e-02 5.221140e-01 -9.160840e-01 -3.263651e-01 7.077050e-01 -3.753820e-01 6.053591e-01 -1.793697e-01 4.271476e-01 5.886841e-01 1.297950e-02
47 -8.150270e-01 2.240610e-01 -2.812767e-01 -7.060016e-01 -9.921509e-01 -8.720122e-01 -7.306931e-01 9.381691e-01 3.569683e-01 -2.429816e-01 8.026187e-01 5.117141e-01 -4.846404e-01 -2.463067e-01 7.476108e-01 -2.407773e-01 1.125032e-01 8.133092e-01 5.958165e-01 8.663571e-01 -1.352017e-01 6.383811e-02 5.192159e-01 -9.009781e-01 -3.207850e-01 6.931573e-01 -3.718177e-01 6.065603e-01 -1.781406e-01 4.172678e-01 5.918722e-01 -3.250980e-03
53 -8.150643e-01 2.240876e-01 -2.813705e-01 -7.059625e-01 -9.922135e-01 -8.721779e-01 -7.307182e-01 9.383208e-01 3.569222e-01 -2.429591e-01 8.025829e-01 5.116430e-01 -4.845128e-01 -2.462235e-01 7.477627e-01 -2.407211e-01 1.125016e-01 8.134413e-01 5.959661e-01 8.664871e-01 -1.352297e-01 6.383962e-02 5.190831e-01 -9.009883e-01 -3.209059e-01 6.930982e-01 -3.716833e-01 6.065653e-01 -1.782843e-01 4.170749e-01 5.918662e-01 -3.236827e-03
49 -8.272976e-01 2.219658e-01 -2.700400e-01 -7.121960e-01 -9.777747e-01 -8.747041e-01 -7.263313e-01 9.354521e-01 3.597486e-01 -2.388530e-01 8.040299e-01 5.041064e-01 -4.765466e-01 -2.515340e-01 7.403464e-01 -2.333842e-01 1.144849e-01 8.169297e-01 5.982357e-01 8.544015e-01 -1.260268e-01 6.454529e-02 5.165043e-01 -9.002985e-01 -3.197380e-01 6.944874e-01 -3.829546e-01 5.966387e-01 -1.800497e-01 4.160839e-01 5.782482e-01 2.753893e-03
54 -8.272966e-01 2.219660e-01 -2.700396e-01 -7.121951e-01 -9.777744e-01 -8.747032e-01 -7.263317e-01 9.354521e-01 3.597473e-01 -2.388544e-01 8.040290e-01 5.041067e-01 -4.765464e-01 -2.515335e-01 7.403460e-01 -2.333832e-01 1.144836e-01 8.169286e-01 5.982365e-01 8.544001e-01 -1.260283e-01 6.454603e-02 5.165041e-01 -9.002992e-01 -3.197397e-01 6.944878e-01 -3.829546e-01 5.966404e-01 -1.800506e-01 4.160838e-01 5.782494e-01 2.753850e-03
77 -8.272963e-01 2.219675e-01 -2.700387e-01 -7.121965e-01 -9.777741e-01 -8.747028e-01 -7.263312e-01 9.354531e-01 3.597484e-01 -2.388527e-01 8.040283e-01 5.041061e-01 -4.765463e-01 -2.515325e-01 7.403464e-01 -2.333845e-01 1.144835e-01 8.169297e-01 5.982358e-01 8.544005e-01 -1.260285e-01 6.454702e-02 5.165040e-01 -9.002990e-01 -3.197382e-01 6.944876e-01 -3.829548e-01 5.966389e-01 -1.800507e-01 4.160847e-01 5.782479e-01 2.753992e-03
83 -8.271249e-01 2.219175e-01 -2.702054e-01 -7.122830e-01 -9.777249e-01 -8.746421e-01 -7.263078e-01 9.353240e-01 3.598022e-01 -2.389431e-01 8.040236e-01 5.040884e-01 -4.765581e-01 -2.515634e-01 7.404742e-01 -2.334699e-01 1.144232e-01 8.168720e-01 5.982060e-01 8.542567e-01 -1.259995e-01 6.451041e-02 5.164435e-01 -9.004678e-01 -3.196620e-01 6.944493e-01 -3.830977e-01 5.965192e-01 -1.799704e-01 4.160993e-01 5.782270e-01 2.803795e-03
88 -8.271249e-01 2.219181e-01 -2.702058e-01 -7.122827e-01 -9.777251e-01 -8.746414e-01 -7.263083e-01 9.353239e-01 3.598024e-01 -2.389413e-01 8.040237e-01 5.040890e-01 -4.765581e-01 -2.515633e-01 7.404729e-01 -2.334687e-01 1.144239e-01 8.168727e-01 5.982065e-01 8.542562e-01 -1.259991e-01 6.451175e-02 5.164421e-01 -9.004679e-01 -3.196616e-01 6.944510e-01 -3.830977e-01 5.965191e-01 -1.799695e-01 4.160984e-01 5.782266e-01 2.804724e-03
56 -8.163476e-01 2.092259e-01 -2.783287e-01 -7.144218e-01 -9.839714e-01 -8.641843e-01 -7.264577e-01 9.315521e-01 3.617105e-01 -2.416832e-01 8.089044e-01 4.989471e-01 -4.847314e-01 -2.581216e-01 7.409170e-01 -2.415319e-01 1.069732e-01 8.182597e-01 6.084940e-01 8.720318e-01 -1.246083e-01 5.462142e-02 5.152984e-01 -9.077896e-01 -3.359489e-01 6.944506e-01 -3.710537e-01 6.115580e-01 -1.733196e-01 4.102271e-01 5.837539e-01 4.319186e-04
67 -8.163480e-01 2.092270e-01 -2.783278e-01 -7.144216e-01 -9.839725e-01 -8.641845e-01 -7.264572e-01 9.315524e-01 3.617103e-01 -2.416830e-01 8.089053e-01 4.989480e-01 -4.847316e-01 -2.581207e-01 7.409162e-01 -2.415327e-01 1.069738e-01 8.182597e-01 6.084951e-01 8.720325e-01 -1.246087e-01 5.462128e-02 5.152983e-01 -9.077900e-01 -3.359482e-01 6.944501e-01 -3.710546e-01 6.115578e-01 -1.733209e-01 4.102263e-01 5.837546e-01 4.302686e-04
58 -8.161983e-01 2.091302e-01 -2.782883e-01 -7.145076e-01 -9.840956e-01 -8.643320e-01 -7.264021e-01 9.315318e-01 3.617589e-01 -2.416309e-01 8.089838e-01 4.987980e-01 -4.847364e-01 -2.581461e-01 7.410412e-01 -2.416185e-01 1.069240e-01 8.181766e-01 6.083505e-01 8.720129e-01 -1.247166e-01 5.459871e-02 5.152214e-01 -9.079496e-01 -3.359064e-01 6.944463e-01 -3.710208e-01 6.115584e-01 -1.732612e-01 4.103031e-01 5.837137e-01 4.396526e-04
85 -8.161987e-01 2.091305e-01 -2.782879e-01 -7.145077e-01 -9.840941e-01 -8.643329e-01 -7.264008e-01 9.315326e-01 3.617588e-01 -2.416311e-01 8.089849e-01 4.987979e-01 -4.847360e-01 -2.581469e-01 7.410406e-01 -2.416183e-01 1.069239e-01 8.181767e-01 6.083517e-01 8.720117e-01 -1.247174e-01 5.459864e-02 5.152211e-01 -9.079496e-01 -3.359060e-01 6.944453e-01 -3.710210e-01 6.115577e-01 -1.732599e-01 4.103033e-01 5.837139e-01 4.405297e-04
9 1.001688e+00 -6.982401e-02 -2.574509e-01 8.023349e-01 3.896229e-01 -3.962231e-01 -2.732717e-01 -6.914057e-01 -1.406198e-01 -7.632277e-01 -2.106661e-01 -1.763450e-01 1.456441e-01 6.092587e-01 3.540652e-01 5.391389e-01 1.450358e-01 1.985848e-01 6.534547e-01 -8.813932e-01 -4.235429e-01 -1.691656e-01 2.724844e-01 1.327594e-01 9.390874e-02 -9.225103e-01 -9.819227e-01 -2.804717e-01 6.837761e-01 3.881684e-03 7.277911e-01 6.953670e-01
91 1.001609e+00 -6.995137e-02 -2.574725e-01 8.023205e-01 3.895695e-01 -3.961358e-01 -2.732649e-01 -6.913662e-01 -1.406230e-01 -7.633273e-01 -2.106545e-01 -1.764051e-01 1.456174e-01 6.092150e-01 3.541870e-01 5.391556e-01 1.449025e-01 1.984514e-01 6.534125e-01 -8.814530e-01 -4.235435e-01 -1.693029e-01 2.726527e-01 1.327908e-01 9.400496e-02 -9.225487e-01 -9.820405e-01 -2.805026e-01 6.837609e-01 3.855817e-03 7.277969e-01 6.954747e-01
26 9.957532e-01 -7.450712e-02 -2.527197e-01 7.940495e-01 3.967634e-01 -3.913620e-01 -2.796827e-01 -7.002319e-01 -1.331809e-01 -7.588554e-01 -1.992265e-01 -1.866258e-01 1.581914e-01 6.249273e-01 3.594361e-01 5.432364e-01 1.344374e-01 1.910480e-01 6.434609e-01 -8.934265e-01 -4.350133e-01 -1.746535e-01 2.820449e-01 1.295050e-01 9.879215e-02 -9.308942e-01 -9.866350e-01 -2.677092e-01 6.967278e-01 1.114170e-02 7.374751e-01 6.823919e-01
31 9.956440e-01 -7.452019e-02 -2.527855e-01 7.939241e-01 3.966867e-01 -3.912420e-01 -2.796286e-01 -7.001258e-01 -1.332797e-01 -7.588508e-01 -1.993518e-01 -1.866254e-01 1.583265e-01 6.248333e-01 3.593588e-01 5.432646e-01 1.343528e-01 1.910650e-01 6.433777e-01 -8.935478e-01 -4.348575e-01 -1.747315e-01 2.822148e-01 1.295113e-01 9.878875e-02 -9.309199e-01 -9.867204e-01 -2.677581e-01 6.967022e-01 1.112868e-02 7.374432e-01 6.824604e-01
37 9.864928e-01 -5.665022e-02 -2.532264e-01 8.021221e-01 3.900678e-01 -3.862962e-01 -2.777839e-01 -6.991560e-01 -1.261255e-01 -7.538765e-01 -2.026015e-01 -1.754054e-01 1.597777e-01 6.145161e-01 3.488950e-01 5.445894e-01 1.425182e-01 2.021294e-01 6.426218e-01 -8.921353e-01 -4.227727e-01 -1.549257e-01 2.632782e-01 1.377179e-01 9.457308e-02 -9.302597e-01 -9.797868e-01 -2.706822e-01 7.030825e-01 1.089603e-03 7.351436e-01 6.796745e-01
76 9.864932e-01 -5.665038e-02 -2.532267e-01 8.021231e-01 3.900692e-01 -3.862949e-01 -2.777841e-01 -6.991560e-01 -1.261248e-01 -7.538757e-01 -2.026010e-01 -1.754039e-01 1.597782e-01 6.145155e-01 3.488954e-01 5.445900e-01 1.425177e-01 2.021289e-01 6.426226e-01 -8.921345e-01 -4.227721e-01 -1.549258e-01 2.632770e-01 1.377189e-01 9.457396e-02 -9.302587e-01 -9.797883e-01 -2.706828e-01 7.030829e-01 1.088319e-03 7.351437e-01 6.796752e-01
43 9.864217e-01 -5.658753e-02 -2.533285e-01 8.021185e-01 3.899664e-01 -3.862696e-01 -2.778356e-01 -6.992939e-01 -1.259565e-01 -7.538060e-01 -2.025465e-01 -1.755245e-01 1.597054e-01 6.145982e-01 3.487950e-01 5.446910e-01 1.425926e-01 2.020962e-01 6.426100e-01 -8.920920e-01 -4.227887e-01 -1.549479e-01 2.633467e-01 1.377323e-01 9.451147e-02 -9.303285e-01 -9.798893e-01 -2.707834e-01 7.031713e-01 1.146219e-03 7.350931e-01 6.796942e-01
95 9.864234e-01 -5.658763e-02 -2.533281e-01 8.021186e-01 3.899672e-01 -3.862704e-01 -2.778369e-01 -6.992938e-01 -1.259572e-01 -7.538057e-01 -2.025471e-01 -1.755254e-01 1.597069e-01 6.145981e-01 3.487948e-01 5.446917e-01 1.425914e-01 2.020966e-01 6.426101e-01 -8.920914e-01 -4.227890e-01 -1.549475e-01 2.633469e-01 1.377303e-01 9.451043e-02 -9.303285e-01 -9.798885e-01 -2.707834e-01 7.031722e-01 1.146141e-03 7.350942e-01 6.796947e-01
45 1.001577e+00 -6.034517e-02 -2.680848e-01 8.082135e-01 3.842680e-01 -3.924118e-01 -2.783831e-01 -7.006650e-01 -1.422317e-01 -7.672913e-01 -2.010049e-01 -1.729286e-01 1.651671e-01 6.142724e-01 3.510219e-01 5.276979e-01 1.421297e-01 1.948051e-01 6.524319e-01 -8.825865e-01 -4.287858e-01 -1.715893e-01 2.819498e-01 1.399258e-01 1.070142e-01 -9.214546e-01 -9.929453e-01 -2.698413e-01 6.934038e-01 -7.739802e-03 7.352291e-01 6.850849e-01
78 1.001512e+00 -6.044941e-02 -2.680107e-01 8.082727e-01 3.841067e-01 -3.925460e-01 -2.784218e-01 -7.006523e-01 -1.422858e-01 -7.673127e-01 -2.011944e-01 -1.730567e-01 1.651613e-01 6.142016e-01 3.511388e-01 5.277195e-01 1.421448e-01 1.948165e-01 6.525077e-01 -8.825302e-01 -4.287872e-01 -1.715287e-01 2.818061e-01 1.398703e-01 1.069574e-01 -9.213456e-01 -9.929135e-01 -2.697726e-01 6.934773e-01 -7.855534e-03 7.351632e-01 6.850955e-01
11 -3.624016e-01 -8.431432e-01 -7.764462e-01 -2.625154e-01 -2.394561e-01 -1.614999e-01 -1.587062e-01 -8.491524e-01 4.095188e-01 -6.794548e-02 -9.945077e-02 -1.816581e-01 3.168254e-02 -9.014829e-01 4.360209e-01 -6.679467e-01 4.717177e-01 -5.910972e-01 1.677550e-01 3.527814e-02 1.275849e-01 5.133596e-01 9.119969e-01 9.736536e-01 -2.896741e-01 1.155218e-01 -5.390833e-02 5.458110e-01 6.220784e-01 5.028018e-01 2.015444e-01 -7.504128e-01
71 -3.624177e-01 -8.432295e-01 -7.765542e-01 -2.625860e-01 -2.394816e-01 -1.614933e-01 -1.586897e-01 -8.490491e-01 4.095781e-01 -6.793268e-02 -9.937224e-02 -1.817639e-01 3.173725e-02 -9.013346e-01 4.360588e-01 -6.679443e-01 4.715955e-01 -5.910959e-01 1.676574e-01 3.533874e-02 1.275205e-01 5.133291e-01 9.120934e-01 9.736447e-01 -2.898312e-01 1.155724e-01 -5.386479e-02 5.457899e-01 6.220615e-01 5.026707e-01 2.014790e-01 -7.504509e-01
79 -3.624476e-01 -8.432115e-01 -7.764572e-01 -2.626439e-01 -2.396356e-01 -1.613894e-01 -1.588530e-01 -8.491407e-01 4.096933e-01 -6.781018e-02 -9.934780e-02 -1.817698e-01 3.181908e-02 -9.014883e-01 4.360109e-01 -6.677964e-01 4.716569e-01 -5.910048e-01 1.676882e-01 3.535383e-02 1.275640e-01 5.132597e-01 9.120928e-01 9.735088e-01 -2.896383e-01 1.155958e-01 -5.376354e-02 5.457674e-01 6.219477e-01 5.026746e-01 2.016088e-01 -7.504072e-01
99 -3.623954e-01 -8.431842e-01 -7.764497e-01 -2.625332e-01 -2.395125e-01 -1.615342e-01 -1.588221e-01 -8.491038e-01 4.096820e-01 -6.777312e-02 -9.934305e-02 -1.817255e-01 3.170110e-02 -9.015159e-01 4.360341e-01 -6.678393e-01 4.717138e-01 -5.909807e-01 1.676409e-01 3.524307e-02 1.275258e-01 5.133911e-01 9.120618e-01 9.734722e-01 -2.896827e-01 1.154713e-01 -5.385942e-02 5.458281e-01 6.220357e-01 5.027206e-01 2.015327e-01 -7.504489e-01
30 -3.766242e-01 -8.490719e-01 -7.819636e-01 -2.523554e-01 -2.317291e-01 -1.710539e-01 -1.596419e-01 -8.588072e-01 4.088562e-01 -6.372777e-02 -8.773021e-02 -1.907073e-01 1.624525e-02 -9.165809e-01 4.378187e-01 -6.612196e-01 4.715633e-01 -5.943489e-01 1.859424e-01 2.528319e-02 1.244778e-01 4.993793e-01 9.023968e-01 9.586691e-01 -2.887587e-01 1.267177e-01 -4.780888e-02 5.397348e-01 6.052169e-01 5.056639e-01 1.999075e-01 -7.614945e-01
40 -3.765732e-01 -8.491519e-01 -7.820061e-01 -2.522002e-01 -2.316596e-01 -1.710274e-01 -1.596769e-01 -8.587776e-01 4.089690e-01 -6.375140e-02 -8.776413e-02 -1.906812e-01 1.617805e-02 -9.164384e-01 4.378277e-01 -6.612197e-01 4.715954e-01 -5.945340e-01 1.858405e-01 2.531400e-02 1.244783e-01 4.993816e-01 9.023977e-01 9.585423e-01 -2.887950e-01 1.267328e-01 -4.794445e-02 5.398442e-01 6.052442e-01 5.057053e-01 1.998820e-01 -7.614202e-01
50 -3.766141e-01 -8.490171e-01 -7.819740e-01 -2.523708e-01 -2.316991e-01 -1.710312e-01 -1.596185e-01 -8.587058e-01 4.089386e-01 -6.372447e-02 -8.785613e-02 -1.905686e-01 1.614770e-02 -9.165245e-01 4.379331e-01 -6.612223e-01 4.715276e-01 -5.945246e-01 1.858736e-01 2.524941e-02 1.244842e-01 4.994129e-01 9.024045e-01 9.585075e-01 -2.889384e-01 1.266083e-01 -4.785852e-02 5.397238e-01 6.051561e-01 5.057627e-01 2.000342e-01 -7.615480e-01
17 4.029075e-01 6.298512e-01 -1.491036e-01 8.416841e-01 -7.513500e-01 -7.577849e-01 7.057500e-01 3.926956e-01 3.224565e-02 -8.495751e-01 4.775531e-02 2.260064e-01 -2.770585e-01 -7.834537e-01 -2.964434e-01 3.748019e-01 -6.635946e-01 9.867769e-01 -4.945327e-01 -1.285787e-01 -2.467077e-01 -9.428144e-01 -2.269821e-02 -1.698283e-01 -8.971029e-01 -7.120791e-01 -1.630310e-01 1.828750e-01 9.087501e-01 -3.386419e-01 7.308337e-01 3.215666e-01
84 4.028977e-01 6.298681e-01 -1.491867e-01 8.416971e-01 -7.512613e-01 -7.578746e-01 7.055786e-01 3.925407e-01 3.236374e-02 -8.495011e-01 4.760930e-02 2.258839e-01 -2.770843e-01 -7.833925e-01 -2.964550e-01 3.748411e-01 -6.635125e-01 9.866207e-01 -4.945330e-01 -1.285601e-01 -2.467660e-01 -9.427681e-01 -2.279122e-02 -1.697931e-01 -8.969995e-01 -7.120196e-01 -1.630163e-01 1.828507e-01 9.086506e-01 -3.386656e-01 7.309629e-01 3.216731e-01
19 4.109592e-01 6.295765e-01 -1.420851e-01 8.454117e-01 -7.469429e-01 -7.466077e-01 6.991865e-01 3.839754e-01 3.989925e-02 -8.447444e-01 5.212039e-02 2.120983e-01 -2.798233e-01 -7.951935e-01 -2.943781e-01 3.603755e-01 -6.740071e-01 9.739596e-01 -4.957233e-01 -1.212466e-01 -2.515538e-01 -9.442765e-01 -3.337447e-02 -1.793248e-01 -9.091334e-01 -7.067699e-01 -1.536755e-01 1.759547e-01 9.168436e-01 -3.289618e-01 7.277398e-01 3.179127e-01
46 4.110636e-01 6.296914e-01 -1.421143e-01 8.454282e-01 -7.469391e-01 -7.465182e-01 6.993238e-01 3.840383e-01 4.003521e-02 -8.448971e-01 5.208743e-02 2.120150e-01 -2.798473e-01 -7.952195e-01 -2.943400e-01 3.602928e-01 -6.739080e-01 9.738259e-01 -4.955903e-01 -1.213762e-01 -2.515322e-01 -9.443563e-01 -3.324703e-02 -1.794039e-01 -9.092620e-01 -7.066025e-01 -1.535269e-01 1.760195e-01 9.167201e-01 -3.288763e-01 7.277212e-01 3.178934e-01
35 4.114854e-01 6.357460e-01 -1.468259e-01 8.527835e-01 -7.492549e-01 -7.538049e-01 6.919548e-01 3.828431e-01 3.884842e-02 -8.515806e-01 5.010323e-02 2.281032e-01 -2.849040e-01 -7.908109e-01 -3.032703e-01 3.764085e-01 -6.680224e-01 9.734150e-01 -4.800665e-01 -1.297222e-01 -2.598260e-01 -9.431192e-01 -2.647120e-02 -1.826438e-01 -9.031050e-01 -7.069608e-01 -1.690512e-01 1.828584e-01 9.032245e-01 -3.441964e-01 7.350798e-01 3.246180e-01
69 4.113922e-01 6.358401e-01 -1.468134e-01 8.527874e-01 -7.493212e-01 -7.539316e-01 6.920373e-01 3.828530e-01 3.889329e-02 -8.514705e-01 5.000080e-02 2.280609e-01 -2.848953e-01 -7.907067e-01 -3.031941e-01 3.765193e-01 -6.679107e-01 9.734300e-01 -4.801253e-01 -1.296773e-01 -2.599257e-01 -9.429569e-01 -2.640115e-02 -1.825623e-01 -9.030608e-01 -7.070919e-01 -1.690132e-01 1.828396e-01 9.032456e-01 -3.442338e-01 7.352076e-01 3.245473e-01
23 -6.753188e-02 4.171039e-02 -4.668839e-01 -7.633314e-01 4.295254e-01 -4.753215e-01 9.852122e-01 -6.981893e-01 -8.910022e-01 -4.302068e-01 -2.913626e-01 7.410005e-01 6.549540e-01 9.697193e-01 7.169637e-01 7.150426e-02 -5.251415e-01 -6.347285e-01 -7.990227e-01 1.721087e-01 -8.222161e-01 -9.466345e-01 -2.740419e-01 4.974318e-01 -7.454533e-01 4.284458e-01 -5.638567e-01 -9.309838e-01 -2.994672e-01 -7.222457e-01 -7.281701e-01 6.229213e-01
63 -6.750771e-02 4.160353e-02 -4.670414e-01 -7.632886e-01 4.295065e-01 -4.752326e-01 9.851044e-01 -6.982061e-01 -8.910217e-01 -4.302265e-01 -2.911692e-01 7.411705e-01 6.549633e-01 9.696332e-01 7.169868e-01 7.143267e-02 -5.249958e-01 -6.348104e-01 -7.988488e-01 1.720957e-01 -8.221949e-01 -9.466002e-01 -2.740891e-01 4.973445e-01 -7.454244e-01 4.283652e-01 -5.639481e-01 -9.307965e-01 -2.994146e-01 -7.222245e-01 -7.280737e-01 6.229921e-01
39 -7.873230e-02 3.438098e-02 -4.726319e-01 -7.550096e-01 4.329272e-01 -4.762255e-01 9.883250e-01 -6.933572e-01 -8.928881e-01 -4.346877e-01 -2.857136e-01 7.589272e-01 6.534787e-01 9.642574e-01 7.248979e-01 8.495926e-02 -5.257851e-01 -6.293642e-01 -7.999160e-01 1.694577e-01 -8.226246e-01 -9.446158e-01 -2.670685e-01 4.819476e-01 -7.527400e-01 4.164864e-01 -5.806407e-01 -9.273672e-01 -2.987377e-01 -7.417651e-01 -7.331897e-01 6.326468e-01
62 -7.854240e-02 3.438475e-02 -4.726077e-01 -7.551555e-01 4.330526e-01 -4.761698e-01 9.882374e-01 -6.932449e-01 -8.928131e-01 -4.347030e-01 -2.856297e-01 7.588161e-01 6.534709e-01 9.642667e-01 7.249071e-01 8.505591e-02 -5.257198e-01 -6.292551e-01 -7.997734e-01 1.694650e-01 -8.225745e-01 -9.446588e-01 -2.671232e-01 4.818991e-01 -7.528301e-01 4.163950e-01 -5.805740e-01 -9.274341e-01 -2.988868e-01 -7.417127e-01 -7.332537e-01 6.324718e-01
52 -1.954271e-01 -6.724353e-01 -4.250455e-01 -6.059935e-01 6.523778e-01 4.668475e-01 -9.493854e-01 -6.051213e-01 -2.202552e-01 3.152150e-01 -1.350215e-01 -5.519254e-01 7.471082e-01 -7.090995e-01 -6.391907e-01 -4.066547e-01 8.078628e-01 8.722196e-01 -8.523250e-01 3.988827e-02 7.408417e-02 1.510535e-01 -8.950953e-01 -9.523625e-01 -8.533436e-01 -3.235792e-01 -1.783134e-01 -5.135577e-01 -3.325208e-01 4.770655e-01 -2.521720e-01 4.619635e-01
166 -1.955030e-01 -6.723736e-01 -4.250270e-01 -6.059110e-01 6.523301e-01 4.668827e-01 -9.494947e-01 -6.051326e-01 -2.203103e-01 3.151902e-01 -1.350938e-01 -5.518849e-01 7.472588e-01 -7.089615e-01 -6.391835e-01 -4.065231e-01 8.077401e-01 8.722115e-01 -8.524602e-01 3.999849e-02 7.400252e-02 1.509695e-01 -8.950871e-01 -9.523795e-01 -8.533382e-01 -3.236155e-01 -1.783968e-01 -5.135815e-01 -3.325542e-01 4.771490e-01 -2.520398e-01 4.620333e-01
196 -1.955558e-01 -6.724101e-01 -4.250685e-01 -6.060115e-01 6.525231e-01 4.669412e-01 -9.494132e-01 -6.051976e-01 -2.202833e-01 3.152104e-01 -1.350928e-01 -5.518947e-01 7.472021e-01 -7.089425e-01 -6.392696e-01 -4.065062e-01 8.077654e-01 8.721982e-01 -8.523252e-01 3.994172e-02 7.409478e-02 1.511100e-01 -8.951700e-01 -9.524793e-01 -8.534088e-01 -3.235666e-01 -1.783068e-01 -5.134926e-01 -3.326241e-01 4.771704e-01 -2.520792e-01 4.619123e-01
105 -1.941574e-01 -6.847025e-01 -4.376241e-01 -6.012291e-01 6.623459e-01 4.508064e-01 -9.596419e-01 -6.107393e-01 -2.319490e-01 3.168548e-01 -1.349957e-01 -5.492744e-01 7.424764e-01 -7.053935e-01 -6.437126e-01 -3.998627e-01 8.240796e-01 8.640396e-01 -8.626177e-01 3.857494e-02 7.035592e-02 1.495654e-01 -8.903572e-01 -9.514252e-01 -8.467099e-01 -3.131748e-01 -1.858551e-01 -5.100946e-01 -3.464000e-01 4.950242e-01 -2.589035e-01 4.495434e-01
183 -1.941560e-01 -6.847021e-01 -4.376243e-01 -6.012293e-01 6.623463e-01 4.508058e-01 -9.596420e-01 -6.107387e-01 -2.319477e-01 3.168559e-01 -1.349959e-01 -5.492746e-01 7.424776e-01 -7.053946e-01 -6.437118e-01 -3.998613e-01 8.240794e-01 8.640386e-01 -8.626180e-01 3.857406e-02 7.035715e-02 1.495662e-01 -8.903564e-01 -9.514264e-01 -8.467110e-01 -3.131739e-01 -1.858547e-01 -5.100958e-01 -3.463993e-01 4.950227e-01 -2.589025e-01 4.495438e-01
197 -1.941573e-01 -6.847015e-01 -4.376243e-01 -6.012303e-01 6.623466e-01 4.508056e-01 -9.596405e-01 -6.107392e-01 -2.319488e-01 3.168554e-01 -1.349966e-01 -5.492743e-01 7.424781e-01 -7.053946e-01 -6.437124e-01 -3.998612e-01 8.240802e-01 8.640400e-01 -8.626168e-01 3.857428e-02 7.035729e-02 1.495663e-01 -8.903573e-01 -9.514255e-01 -8.467100e-01 -3.131747e-01 -1.858547e-01 -5.100962e-01 -3.463996e-01 4.950234e-01 -2.589027e-01 4.495440e-01
150 -1.941473e-01 -6.846614e-01 -4.374832e-01 -6.014051e-01 6.624001e-01 4.508566e-01 -9.595884e-01 -6.106599e-01 -2.320601e-01 3.167787e-01 -1.348760e-01 -5.492756e-01 7.423660e-01 -7.054549e-01 -6.438902e-01 -3.998592e-01 8.241200e-01 8.641584e-01 -8.625023e-01 3.850822e-02 7.045265e-02 1.495709e-01 -8.903838e-01 -9.515642e-01 -8.467526e-01 -3.130912e-01 -1.859594e-01 -5.100838e-01 -3.464249e-01 4.950053e-01 -2.587799e-01 4.495287e-01
199 -1.941465e-01 -6.846617e-01 -4.374827e-01 -6.014034e-01 6.624002e-01 4.508558e-01 -9.595874e-01 -6.106606e-01 -2.320615e-01 3.167778e-01 -1.348767e-01 -5.492753e-01 7.423661e-01 -7.054560e-01 -6.438905e-01 -3.998600e-01 8.241185e-01 8.641571e-01 -8.625018e-01 3.850714e-02 7.045317e-02 1.495718e-01 -8.903843e-01 -9.515653e-01 -8.467524e-01 -3.130908e-01 -1.859588e-01 -5.100838e-01 -3.464235e-01 4.950048e-01 -2.587795e-01 4.495289e-01
119 -2.073066e-01 -6.701748e-01 -4.353890e-01 -6.097539e-01 6.500740e-01 4.661545e-01 -9.534453e-01 -6.104313e-01 -2.284077e-01 3.102058e-01 -1.177693e-01 -5.545355e-01 7.457391e-01 -7.005035e-01 -6.474663e-01 -4.039017e-01 8.206857e-01 8.560840e-01 -8.570247e-01 2.782748e-02 7.934734e-02 1.410920e-01 -9.061636e-01 -9.509686e-01 -8.419409e-01 -3.238870e-01 -1.834098e-01 -5.144521e-01 -3.472481e-01 4.903873e-01 -2.584353e-01 4.553365e-01
126 -2.074018e-01 -6.702376e-01 -4.355448e-01 -6.098303e-01 6.501692e-01 4.661128e-01 -9.535119e-01 -6.104200e-01 -2.284392e-01 3.103579e-01 -1.177763e-01 -5.544829e-01 7.456368e-01 -7.004320e-01 -6.474340e-01 -4.038995e-01 8.206446e-01 8.561079e-01 -8.570290e-01 2.785642e-02 7.920780e-02 1.409714e-01 -9.062670e-01 -9.511432e-01 -8.420582e-01 -3.237986e-01 -1.833140e-01 -5.144317e-01 -3.474007e-01 4.903086e-01 -2.584283e-01 4.552827e-01
176 -2.073341e-01 -6.701767e-01 -4.354666e-01 -6.098601e-01 6.501829e-01 4.661354e-01 -9.533214e-01 -6.104308e-01 -2.284618e-01 3.103335e-01 -1.179548e-01 -5.544365e-01 7.456753e-01 -7.003644e-01 -6.475604e-01 -4.038832e-01 8.207303e-01 8.561558e-01 -8.569914e-01 2.798897e-02 7.934873e-02 1.411041e-01 -9.061035e-01 -9.511110e-01 -8.420474e-01 -3.237334e-01 -1.834885e-01 -5.145596e-01 -3.474072e-01 4.903591e-01 -2.583983e-01 4.553516e-01
90 7.490342e-01 -9.962062e-01 3.492324e-01 6.155094e-01 1.273719e-01 2.188526e-01 -2.334649e-01 -8.456253e-01 -1.626062e-01 -2.284394e-01 6.377101e-01 8.052422e-01 -2.714664e-01 -7.497506e-01 6.543324e-02 8.061430e-01 9.644680e-01 -4.208091e-01 4.343321e-01 9.381487e-01 -8.763573e-01 1.815467e-01 -7.614860e-01 -3.567763e-01 -2.284361e-01 -5.391614e-01 3.211068e-01 -2.150193e-01 3.043572e-01 -7.811292e-01 5.799683e-01 6.526319e-02
98 7.618265e-01 -9.953162e-01 3.455443e-01 6.175264e-01 1.308057e-01 2.234725e-01 -2.436074e-01 -8.482827e-01 -1.542776e-01 -2.259701e-01 6.455298e-01 7.995563e-01 -2.730629e-01 -7.639712e-01 7.526932e-02 8.097377e-01 9.651239e-01 -4.117265e-01 4.237672e-01 9.509390e-01 -8.829217e-01 1.814886e-01 -7.535518e-01 -3.509924e-01 -2.280334e-01 -5.368055e-01 3.117160e-01 -2.202903e-01 3.105872e-01 -7.823883e-01 5.944741e-01 6.302345e-02
100 4.382486e-01 -8.044966e-01 -5.934852e-01 9.359062e-01 -9.108888e-01 -2.829666e-02 -3.490751e-01 1.334749e-01 -6.440183e-01 -7.180278e-01 5.696617e-01 6.120685e-01 -3.549759e-01 3.740879e-01 3.097852e-01 1.844897e-01 -5.067906e-01 6.029823e-01 7.172976e-02 1.762262e-01 1.047818e-01 6.890464e-02 8.521149e-01 1.654041e-01 9.686712e-01 8.543524e-01 -9.865330e-01 3.637083e-01 -7.592634e-01 8.303589e-01 -8.194337e-01 6.883605e-01
163 4.443409e-01 -7.979201e-01 -6.033490e-01 9.360835e-01 -9.123213e-01 -1.117163e-02 -3.610123e-01 1.342528e-01 -6.423415e-01 -7.094128e-01 5.660908e-01 6.084121e-01 -3.526698e-01 3.828746e-01 3.225091e-01 1.867052e-01 -5.005041e-01 6.028485e-01 5.700143e-02 1.759619e-01 1.120768e-01 6.318060e-02 8.455060e-01 1.693529e-01 9.717273e-01 8.668678e-01 -1.000079e+00 3.488003e-01 -7.643581e-01 8.319632e-01 -8.247430e-01 6.890111e-01
174 4.504565e-01 -7.920978e-01 -6.021118e-01 9.415975e-01 -9.090771e-01 -2.249607e-02 -3.544471e-01 1.195270e-01 -6.453732e-01 -7.066889e-01 5.694697e-01 6.085748e-01 -3.413310e-01 3.775569e-01 3.237838e-01 1.843075e-01 -5.043667e-01 5.901595e-01 5.613838e-02 1.795814e-01 1.129574e-01 5.614344e-02 8.518195e-01 1.728319e-01 9.575407e-01 8.608805e-01 -9.890048e-01 3.499568e-01 -7.501033e-01 8.372342e-01 -8.237327e-01 6.899722e-01
101 -5.530020e-01 9.027744e-01 4.407252e-01 -8.011225e-01 -2.330480e-01 -8.754712e-01 -2.746355e-01 2.269682e-01 -9.534172e-01 -7.611599e-01 -8.800518e-01 6.148964e-01 4.148021e-01 8.959868e-01 -7.415127e-01 -8.862296e-01 -9.198842e-01 -4.343735e-01 -9.608486e-01 4.329374e-01 2.315794e-02 -2.217683e-01 -3.619192e-01 4.712704e-01 -8.700711e-01 -7.194553e-01 9.408530e-01 5.910801e-01 -2.843278e-02 4.909760e-02 -6.567219e-01 4.086449e-01
131 -5.530123e-01 9.027235e-01 4.408166e-01 -8.011527e-01 -2.331876e-01 -8.756123e-01 -2.746356e-01 2.270213e-01 -9.534434e-01 -7.610996e-01 -8.800568e-01 6.147721e-01 4.147087e-01 8.960124e-01 -7.414934e-01 -8.861151e-01 -9.197828e-01 -4.344226e-01 -9.609392e-01 4.329373e-01 2.307303e-02 -2.217067e-01 -3.618977e-01 4.712085e-01 -8.701921e-01 -7.195313e-01 9.406978e-01 5.909789e-01 -2.827421e-02 4.899828e-02 -6.566285e-01 4.085981e-01
134 -5.529662e-01 9.027018e-01 4.407361e-01 -8.010469e-01 -2.331467e-01 -8.754987e-01 -2.746795e-01 2.270335e-01 -9.532661e-01 -7.611507e-01 -8.799665e-01 6.148602e-01 4.146867e-01 8.961161e-01 -7.414956e-01 -8.862403e-01 -9.199233e-01 -4.343123e-01 -9.608638e-01 4.329157e-01 2.304209e-02 -2.218078e-01 -3.617849e-01 4.712579e-01 -8.701738e-01 -7.193769e-01 9.408502e-01 5.909570e-01 -2.841981e-02 4.903669e-02 -6.567019e-01 4.086975e-01
160 -5.488215e-01 8.954074e-01 4.315717e-01 -8.179109e-01 -2.498887e-01 -8.705427e-01 -2.749915e-01 2.092426e-01 -9.478995e-01 -7.522300e-01 -8.834025e-01 6.147231e-01 4.210845e-01 8.957457e-01 -7.398798e-01 -8.806018e-01 -9.110974e-01 -4.167027e-01 -9.585859e-01 4.193377e-01 1.594207e-02 -2.284190e-01 -3.584464e-01 4.682254e-01 -8.813888e-01 -7.199595e-01 9.433768e-01 5.916401e-01 -3.171993e-02 5.256429e-02 -6.571493e-01 4.095450e-01
175 -5.488031e-01 8.954354e-01 4.315356e-01 -8.177950e-01 -2.499694e-01 -8.705891e-01 -2.750617e-01 2.092233e-01 -9.479424e-01 -7.521977e-01 -8.832837e-01 6.147116e-01 4.209857e-01 8.957226e-01 -7.399335e-01 -8.805901e-01 -9.109596e-01 -4.167128e-01 -9.585214e-01 4.194480e-01 1.592811e-02 -2.283462e-01 -3.583936e-01 4.683071e-01 -8.813626e-01 -7.199285e-01 9.434884e-01 5.916642e-01 -3.180636e-02 5.267988e-02 -6.572197e-01 4.094833e-01
177 -5.486701e-01 8.955392e-01 4.315829e-01 -8.179423e-01 -2.499165e-01 -8.706096e-01 -2.750235e-01 2.092399e-01 -9.479356e-01 -7.520394e-01 -8.832857e-01 6.146076e-01 4.209153e-01 8.958680e-01 -7.398142e-01 -8.805128e-01 -9.110308e-01 -4.167369e-01 -9.585320e-01 4.193548e-01 1.578797e-02 -2.282944e-01 -3.584071e-01 4.683968e-01 -8.814920e-01 -7.198236e-01 9.433907e-01 5.916474e-01 -3.178694e-02 5.272740e-02 -6.572988e-01 4.094353e-01
189 -5.487283e-01 8.955092e-01 4.315852e-01 -8.179477e-01 -2.499665e-01 -8.705733e-01 -2.750150e-01 2.093947e-01 -9.479438e-01 -7.520298e-01 -8.834204e-01 6.147419e-01 4.210700e-01 8.958454e-01 -7.398125e-01 -8.806358e-01 -9.110696e-01 -4.167375e-01 -9.585404e-01 4.193798e-01 1.583227e-02 -2.283142e-01 -3.584993e-01 4.683095e-01 -8.814005e-01 -7.198082e-01 9.435014e-01 5.917533e-01 -3.173084e-02 5.255350e-02 -6.572472e-01 4.094332e-01
102 3.358288e-01 8.055147e-01 5.653966e-02 7.678605e-01 3.116479e-01 5.687435e-01 6.013195e-01 -3.333210e-01 5.217479e-01 6.748095e-01 -8.249555e-01 1.588244e-01 1.693379e-01 6.259279e-01 9.154403e-01 9.038540e-01 -2.093984e-01 5.258167e-01 8.646651e-03 6.252094e-01 5.232852e-04 9.166806e-01 -3.992718e-01 -9.729550e-01 6.217473e-01 -5.442436e-01 9.589312e-01 8.426949e-02 -5.022873e-01 -3.245398e-01 8.910005e-01 8.436356e-01
123 3.358496e-01 8.053998e-01 5.655763e-02 7.679203e-01 3.117198e-01 5.688167e-01 6.013528e-01 -3.333674e-01 5.217836e-01 6.749033e-01 -8.250209e-01 1.587546e-01 1.692997e-01 6.257688e-01 9.154651e-01 9.038382e-01 -2.092829e-01 5.257313e-01 8.636072e-03 6.251286e-01 4.433579e-04 9.167283e-01 -3.991382e-01 -9.729103e-01 6.218025e-01 -5.443839e-01 9.588695e-01 8.423705e-02 -5.022741e-01 -3.246118e-01 8.908689e-01 8.434686e-01
136 3.394470e-01 8.095473e-01 5.696146e-02 7.542160e-01 3.177080e-01 5.663832e-01 6.134314e-01 -3.230475e-01 5.142851e-01 6.773640e-01 -8.332099e-01 1.697439e-01 1.775907e-01 6.312960e-01 9.054270e-01 9.030917e-01 -2.102275e-01 5.206952e-01 2.011393e-02 6.160855e-01 -6.322838e-03 9.177414e-01 -3.976594e-01 -9.606010e-01 6.225672e-01 -5.592227e-01 9.487561e-01 9.427379e-02 -5.011248e-01 -3.273872e-01 9.034352e-01 8.484146e-01
151 3.394749e-01 8.095929e-01 5.686862e-02 7.541283e-01 3.175945e-01 5.663924e-01 6.134452e-01 -3.229549e-01 5.143215e-01 6.772615e-01 -8.332914e-01 1.697657e-01 1.775517e-01 6.313404e-01 9.054783e-01 9.030613e-01 -2.102099e-01 5.207804e-01 2.010645e-02 6.160436e-01 -6.388322e-03 9.176114e-01 -3.975389e-01 -9.606466e-01 6.227566e-01 -5.592998e-01 9.488514e-01 9.426546e-02 -5.011382e-01 -3.274561e-01 9.034003e-01 8.484325e-01
173 3.394641e-01 8.094624e-01 5.679329e-02 7.541967e-01 3.176770e-01 5.663431e-01 6.134050e-01 -3.230269e-01 5.143727e-01 6.773433e-01 -8.331710e-01 1.697449e-01 1.776715e-01 6.313332e-01 9.054428e-01 9.030160e-01 -2.101477e-01 5.207270e-01 2.020672e-02 6.160309e-01 -6.351874e-03 9.176422e-01 -3.975886e-01 -9.606130e-01 6.226875e-01 -5.592728e-01 9.488488e-01 9.439162e-02 -5.011590e-01 -3.274817e-01 9.033548e-01 8.483888e-01
103 1.219617e-01 -3.208358e-02 -7.393421e-01 -2.757477e-01 9.137085e-01 -1.866018e-01 -2.976893e-02 -5.924059e-04 7.436644e-01 -3.538837e-01 -5.370486e-01 4.373074e-01 1.826575e-01 2.936478e-02 -9.570137e-01 -3.428792e-01 6.250900e-01 1.020953e-01 4.392810e-02 -1.103148e-01 -9.900720e-01 -5.958638e-01 -9.233266e-01 3.427929e-01 2.443922e-01 6.683380e-01 5.370975e-02 3.202306e-01 -3.351780e-01 9.671137e-01 -9.061077e-01 7.768650e-01
129 1.219687e-01 -3.198577e-02 -7.394702e-01 -2.758531e-01 9.138041e-01 -1.866623e-01 -2.974885e-02 -5.220090e-04 7.436566e-01 -3.539588e-01 -5.371799e-01 4.372932e-01 1.826770e-01 2.926086e-02 -9.568357e-01 -3.427710e-01 6.250972e-01 1.021062e-01 4.406083e-02 -1.104455e-01 -9.899396e-01 -5.959802e-01 -9.233540e-01 3.426736e-01 2.443234e-01 6.683260e-01 5.364544e-02 3.202085e-01 -3.352040e-01 9.670316e-01 -9.061312e-01 7.768546e-01
192 1.219689e-01 -3.193615e-02 -7.393918e-01 -2.757578e-01 9.137954e-01 -1.865716e-01 -2.978177e-02 -5.369769e-04 7.436677e-01 -3.539213e-01 -5.370025e-01 4.373340e-01 1.826162e-01 2.940289e-02 -9.568959e-01 -3.428289e-01 6.250494e-01 1.021869e-01 4.408106e-02 -1.103569e-01 -9.899772e-01 -5.959821e-01 -9.231882e-01 3.427598e-01 2.443075e-01 6.684285e-01 5.352390e-02 3.201608e-01 -3.351928e-01 9.670843e-01 -9.061974e-01 7.768640e-01
116 1.284576e-01 -3.490084e-02 -7.415176e-01 -2.794089e-01 9.215536e-01 -1.947319e-01 -3.587588e-02 9.365620e-03 7.537635e-01 -3.458399e-01 -5.268641e-01 4.441827e-01 1.781607e-01 3.275007e-02 -9.636708e-01 -3.433533e-01 6.272160e-01 1.033755e-01 2.867300e-02 -1.183672e-01 -9.925294e-01 -6.138195e-01 -9.313531e-01 3.494125e-01 2.414865e-01 6.506925e-01 4.956794e-02 3.332803e-01 -3.362059e-01 9.709759e-01 -9.032235e-01 7.823527e-01
118 1.284585e-01 -3.490071e-02 -7.415165e-01 -2.794101e-01 9.215534e-01 -1.947309e-01 -3.587615e-02 9.365557e-03 7.537634e-01 -3.458398e-01 -5.268644e-01 4.441824e-01 1.781618e-01 3.275082e-02 -9.636703e-01 -3.433538e-01 6.272164e-01 1.033764e-01 2.867240e-02 -1.183683e-01 -9.925291e-01 -6.138196e-01 -9.313539e-01 3.494128e-01 2.414870e-01 6.506929e-01 4.956780e-02 3.332807e-01 -3.362060e-01 9.709755e-01 -9.032232e-01 7.823514e-01
146 1.285367e-01 -3.477797e-02 -7.415969e-01 -2.794300e-01 9.215738e-01 -1.947305e-01 -3.575034e-02 9.499686e-03 7.539212e-01 -3.458221e-01 -5.268627e-01 4.441924e-01 1.782540e-01 3.260353e-02 -9.634886e-01 -3.432741e-01 6.272523e-01 1.033779e-01 2.874882e-02 -1.185145e-01 -9.925111e-01 -6.138646e-01 -9.313813e-01 3.492619e-01 2.414175e-01 6.507937e-01 4.953638e-02 3.333486e-01 -3.362507e-01 9.709513e-01 -9.032412e-01 7.821849e-01
191 1.285370e-01 -3.477798e-02 -7.415969e-01 -2.794310e-01 9.215746e-01 -1.947315e-01 -3.575100e-02 9.500631e-03 7.539195e-01 -3.458219e-01 -5.268636e-01 4.441927e-01 1.782532e-01 3.260307e-02 -9.634887e-01 -3.432743e-01 6.272516e-01 1.033792e-01 2.874871e-02 -1.185135e-01 -9.925103e-01 -6.138627e-01 -9.313817e-01 3.492622e-01 2.414158e-01 6.507949e-01 4.953778e-02 3.333500e-01 -3.362505e-01 9.709514e-01 -9.032407e-01 7.821854e-01
117 1.302262e-01 -2.058664e-02 -7.274371e-01 -2.759873e-01 9.073882e-01 -1.837533e-01 -2.955395e-02 -2.359855e-03 7.537578e-01 -3.540317e-01 -5.365973e-01 4.423229e-01 1.806730e-01 3.195406e-02 -9.743331e-01 -3.510671e-01 6.106527e-01 1.042143e-01 4.358120e-02 -1.104954e-01 -9.923401e-01 -6.101516e-01 -9.233482e-01 3.497621e-01 2.466520e-01 6.576658e-01 4.706393e-02 3.353485e-01 -3.384774e-01 9.719109e-01 -8.918600e-01 7.818344e-01
132 1.302511e-01 -2.063872e-02 -7.274287e-01 -2.759177e-01 9.073594e-01 -1.835978e-01 -2.954727e-02 -2.268534e-03 7.538567e-01 -3.540777e-01 -5.367327e-01 4.423444e-01 1.807684e-01 3.196713e-02 -9.744763e-01 -3.510457e-01 6.106997e-01 1.040806e-01 4.349728e-02 -1.103628e-01 -9.922448e-01 -6.101426e-01 -9.233615e-01 3.496401e-01 2.466842e-01 6.576956e-01 4.707496e-02 3.353877e-01 -3.385912e-01 9.718257e-01 -8.917866e-01 7.817497e-01
127 1.213564e-01 -2.112205e-02 -7.439439e-01 -2.689677e-01 9.124615e-01 -1.869214e-01 -4.266232e-02 -5.922457e-03 7.495038e-01 -3.460873e-01 -5.392598e-01 4.254247e-01 1.824776e-01 2.893127e-02 -9.686478e-01 -3.415988e-01 6.156537e-01 1.115058e-01 3.435738e-02 -1.099069e-01 -9.957466e-01 -6.095787e-01 -9.299392e-01 3.441535e-01 2.472855e-01 6.689676e-01 3.737936e-02 3.210959e-01 -3.516518e-01 9.819958e-01 -8.954763e-01 7.796035e-01
198 1.213563e-01 -2.112313e-02 -7.439426e-01 -2.689680e-01 9.124624e-01 -1.869218e-01 -4.266129e-02 -5.922267e-03 7.495031e-01 -3.460873e-01 -5.392587e-01 4.254253e-01 1.824786e-01 2.893166e-02 -9.686461e-01 -3.415989e-01 6.156535e-01 1.115060e-01 3.435758e-02 -1.099069e-01 -9.957464e-01 -6.095787e-01 -9.299398e-01 3.441538e-01 2.472853e-01 6.689674e-01 3.737913e-02 3.210958e-01 -3.516521e-01 9.819945e-01 -8.954766e-01 7.796030e-01
139 1.212958e-01 -2.112793e-02 -7.438989e-01 -2.688119e-01 9.125819e-01 -1.869509e-01 -4.265563e-02 -5.986136e-03 7.495886e-01 -3.459455e-01 -5.394013e-01 4.253254e-01 1.825422e-01 2.909723e-02 -9.686111e-01 -3.417123e-01 6.157677e-01 1.114211e-01 3.440438e-02 -1.098130e-01 -9.957736e-01 -6.096720e-01 -9.299336e-01 3.442473e-01 2.471740e-01 6.690176e-01 3.751363e-02 3.210962e-01 -3.517280e-01 9.819383e-01 -8.953859e-01 7.796686e-01
155 1.212962e-01 -2.112740e-02 -7.438980e-01 -2.688119e-01 9.125809e-01 -1.869517e-01 -4.265560e-02 -5.984932e-03 7.495886e-01 -3.459462e-01 -5.394020e-01 4.253262e-01 1.825421e-01 2.909677e-02 -9.686107e-01 -3.417122e-01 6.157673e-01 1.114217e-01 3.440399e-02 -1.098124e-01 -9.957738e-01 -6.096715e-01 -9.299330e-01 3.442473e-01 2.471741e-01 6.690190e-01 3.751308e-02 3.210971e-01 -3.517276e-01 9.819385e-01 -8.953844e-01 7.796674e-01
181 1.212969e-01 -2.112703e-02 -7.438992e-01 -2.688101e-01 9.125823e-01 -1.869509e-01 -4.265468e-02 -5.985702e-03 7.495886e-01 -3.459459e-01 -5.394018e-01 4.253263e-01 1.825419e-01 2.909732e-02 -9.686105e-01 -3.417130e-01 6.157665e-01 1.114215e-01 3.440378e-02 -1.098133e-01 -9.957736e-01 -6.096731e-01 -9.299340e-01 3.442477e-01 2.471740e-01 6.690176e-01 3.751432e-02 3.210953e-01 -3.517288e-01 9.819393e-01 -8.953855e-01 7.796671e-01
130 1.160453e-01 -2.447464e-02 -7.251826e-01 -2.824735e-01 9.057865e-01 -1.858474e-01 -3.591610e-02 7.229190e-03 7.612127e-01 -3.560489e-01 -5.244506e-01 4.265994e-01 1.758911e-01 4.062256e-02 -9.620114e-01 -3.450728e-01 6.183809e-01 9.856743e-02 4.393530e-02 -1.250344e-01 -9.937495e-01 -6.141565e-01 -9.159698e-01 3.486849e-01 2.334790e-01 6.592463e-01 4.716744e-02 3.299127e-01 -3.340852e-01 9.852845e-01 -8.931711e-01 7.720499e-01
186 1.161171e-01 -2.456365e-02 -7.251542e-01 -2.825619e-01 9.057376e-01 -1.858377e-01 -3.591368e-02 7.183812e-03 7.610900e-01 -3.561185e-01 -5.244640e-01 4.266308e-01 1.759115e-01 4.059814e-02 -9.619670e-01 -3.450382e-01 6.184208e-01 9.855078e-02 4.396851e-02 -1.251516e-01 -9.937132e-01 -6.141590e-01 -9.160217e-01 3.486312e-01 2.334218e-01 6.593486e-01 4.717547e-02 3.299068e-01 -3.341213e-01 9.853382e-01 -8.932719e-01 7.720753e-01
104 5.878689e-01 6.975289e-01 -7.593997e-01 8.785192e-01 5.661030e-01 4.196563e-01 -9.373886e-01 -8.432231e-01 5.212991e-01 -1.557257e-01 7.152151e-03 9.622271e-01 -4.033854e-02 -4.990335e-02 4.010437e-01 -6.949365e-01 9.785606e-01 -1.647495e-01 -6.679717e-03 7.258920e-01 4.530193e-01 5.536794e-01 1.218865e-01 -4.288762e-01 1.900724e-01 -8.068026e-01 -9.007761e-01 2.387375e-01 2.698661e-01 2.068009e-03 -6.671662e-03 -1.521870e-01
165 5.878859e-01 6.976817e-01 -7.594333e-01 8.785875e-01 5.660540e-01 4.196698e-01 -9.374563e-01 -8.432082e-01 5.212733e-01 -1.556759e-01 7.186170e-03 9.622334e-01 -4.021232e-02 -4.986152e-02 4.011149e-01 -6.950284e-01 9.787325e-01 -1.648149e-01 -6.579781e-03 7.257567e-01 4.531438e-01 5.535712e-01 1.218665e-01 -4.289297e-01 1.899525e-01 -8.067425e-01 -9.007858e-01 2.387830e-01 2.698316e-01 2.238721e-03 -6.716982e-03 -1.521926e-01
111 5.955868e-01 6.949494e-01 -7.601932e-01 8.766847e-01 5.793473e-01 4.200820e-01 -9.314083e-01 -8.439901e-01 5.091093e-01 -1.631757e-01 1.393640e-02 9.588599e-01 -2.949020e-02 -5.999253e-02 3.952227e-01 -6.844774e-01 9.851179e-01 -1.829009e-01 1.049056e-02 7.144437e-01 4.408218e-01 5.417491e-01 1.377553e-01 -4.288598e-01 1.837112e-01 -8.074750e-01 -9.172525e-01 2.480767e-01 2.564500e-01 4.674965e-03 -1.403542e-02 -1.378672e-01
171 5.956639e-01 6.948977e-01 -7.603616e-01 8.767925e-01 5.794882e-01 4.200299e-01 -9.312390e-01 -8.439452e-01 5.090891e-01 -1.631861e-01 1.383792e-02 9.588353e-01 -2.961764e-02 -6.008775e-02 3.953063e-01 -6.843528e-01 9.850247e-01 -1.828793e-01 1.052196e-02 7.143412e-01 4.409590e-01 5.418302e-01 1.378813e-01 -4.288436e-01 1.836132e-01 -8.075259e-01 -9.172317e-01 2.479541e-01 2.564310e-01 4.540959e-03 -1.412325e-02 -1.380142e-01
185 5.956769e-01 6.948373e-01 -7.601922e-01 8.767553e-01 5.793791e-01 4.201620e-01 -9.312313e-01 -8.438794e-01 5.090192e-01 -1.630885e-01 1.388800e-02 9.588426e-01 -2.961369e-02 -5.996252e-02 3.952351e-01 -6.844463e-01 9.849905e-01 -1.827209e-01 1.052947e-02 7.144475e-01 4.409887e-01 5.417577e-01 1.377960e-01 -4.289074e-01 1.836919e-01 -8.073838e-01 -9.172099e-01 2.480259e-01 2.564341e-01 4.662686e-03 -1.400150e-02 -1.379877e-01
133 5.980324e-01 6.969616e-01 -7.520173e-01 8.789114e-01 5.666805e-01 4.253552e-01 -9.408958e-01 -8.334541e-01 5.181931e-01 -1.645246e-01 2.421900e-02 9.727109e-01 -4.139885e-02 -6.211259e-02 3.966848e-01 -6.947109e-01 9.777155e-01 -1.837268e-01 -6.883233e-03 7.092243e-01 4.506868e-01 5.500464e-01 1.247005e-01 -4.287883e-01 1.801439e-01 -7.954413e-01 -9.023328e-01 2.326709e-01 2.642197e-01 5.948543e-03 -1.412711e-02 -1.476620e-01
142 5.980640e-01 6.971015e-01 -7.519341e-01 8.788478e-01 5.665817e-01 4.252540e-01 -9.407691e-01 -8.335269e-01 5.180509e-01 -1.645289e-01 2.417568e-02 9.725879e-01 -4.131917e-02 -6.218600e-02 3.967985e-01 -6.947409e-01 9.776845e-01 -1.837400e-01 -6.883458e-03 7.091912e-01 4.507375e-01 5.500855e-01 1.247616e-01 -4.288647e-01 1.801065e-01 -7.953642e-01 -9.024112e-01 2.327577e-01 2.642154e-01 6.060193e-03 -1.405057e-02 -1.476224e-01
154 5.981127e-01 6.970528e-01 -7.519678e-01 8.789921e-01 5.666350e-01 4.253418e-01 -9.408998e-01 -8.334161e-01 5.181359e-01 -1.645020e-01 2.435644e-02 9.725522e-01 -4.135976e-02 -6.209567e-02 3.967312e-01 -6.946151e-01 9.777551e-01 -1.836054e-01 -6.794214e-03 7.093152e-01 4.507150e-01 5.500413e-01 1.246108e-01 -4.289248e-01 1.801280e-01 -7.954035e-01 -9.023882e-01 2.327719e-01 2.642906e-01 5.957631e-03 -1.400074e-02 -1.477052e-01
145 5.992983e-01 6.989220e-01 -7.661857e-01 8.860154e-01 5.621826e-01 4.144201e-01 -9.377343e-01 -8.319615e-01 5.116268e-01 -1.663683e-01 2.150788e-02 9.713424e-01 -2.700339e-02 -6.230383e-02 4.038183e-01 -6.859499e-01 9.937757e-01 -1.744007e-01 -1.804065e-03 7.215493e-01 4.429305e-01 5.492539e-01 1.350960e-01 -4.210866e-01 1.953428e-01 -8.026881e-01 -9.149179e-01 2.395284e-01 2.703665e-01 -2.263542e-03 -1.323320e-02 -1.404448e-01
187 5.991283e-01 6.988625e-01 -7.661900e-01 8.861411e-01 5.621708e-01 4.145147e-01 -9.377465e-01 -8.321236e-01 5.115744e-01 -1.663918e-01 2.147931e-02 9.714358e-01 -2.699397e-02 -6.223333e-02 4.038960e-01 -6.859638e-01 9.936217e-01 -1.743357e-01 -1.751533e-03 7.217014e-01 4.429364e-01 5.492913e-01 1.350536e-01 -4.211683e-01 1.952919e-01 -8.025536e-01 -9.148227e-01 2.395703e-01 2.703737e-01 -2.257558e-03 -1.329713e-02 -1.404093e-01
178 5.963105e-01 7.020736e-01 -7.470688e-01 8.825153e-01 5.736349e-01 4.235650e-01 -9.322476e-01 -8.444086e-01 5.236438e-01 -1.691293e-01 2.474698e-02 9.682550e-01 -2.999289e-02 -5.678242e-02 3.932615e-01 -6.837027e-01 9.775825e-01 -1.725162e-01 3.549541e-03 7.262085e-01 4.552208e-01 5.437656e-01 1.231676e-01 -4.331069e-01 1.919320e-01 -7.937702e-01 -9.069402e-01 2.334600e-01 2.646640e-01 -6.501933e-04 -1.433783e-02 -1.489323e-01
195 5.964589e-01 7.021629e-01 -7.471666e-01 8.825233e-01 5.735974e-01 4.237509e-01 -9.322523e-01 -8.444152e-01 5.237754e-01 -1.692174e-01 2.478508e-02 9.680881e-01 -2.985336e-02 -5.684079e-02 3.932365e-01 -6.837490e-01 9.776296e-01 -1.724104e-01 3.520477e-03 7.263258e-01 4.552181e-01 5.437167e-01 1.232695e-01 -4.329773e-01 1.918730e-01 -7.937479e-01 -9.068642e-01 2.333191e-01 2.647243e-01 -5.983640e-04 -1.427496e-02 -1.489140e-01
106 -3.248935e-02 2.604779e-01 -6.144099e-01 -4.345737e-01 2.138119e-01 -9.890395e-01 -6.119565e-01 -2.205977e-01 -3.121138e-01 8.498301e-01 -1.712487e-01 -4.248065e-01 -5.567953e-01 6.072297e-01 -1.829967e-01 2.952326e-01 -4.766737e-02 1.387460e-01 -3.291215e-01 4.002275e-01 7.825461e-01 -8.641732e-01 -2.902298e-01 -9.548007e-01 8.815176e-01 8.498487e-01 -4.683153e-01 -3.021223e-01 3.143073e-01 5.752930e-01 3.143294e-01 -7.082928e-01
148 -3.246656e-02 2.605957e-01 -6.143765e-01 -4.345247e-01 2.136602e-01 -9.889658e-01 -6.120464e-01 -2.206458e-01 -3.119711e-01 8.498827e-01 -1.711036e-01 -4.247745e-01 -5.567790e-01 6.072346e-01 -1.830950e-01 2.952371e-01 -4.768037e-02 1.386553e-01 -3.291300e-01 4.002060e-01 7.824532e-01 -8.640578e-01 -2.900429e-01 -9.549483e-01 8.815325e-01 8.499314e-01 -4.683463e-01 -3.020033e-01 3.143174e-01 5.752883e-01 3.143784e-01 -7.082506e-01
109 -3.350828e-02 2.489592e-01 -6.148266e-01 -4.242163e-01 2.146405e-01 -9.894196e-01 -6.046189e-01 -2.111157e-01 -3.222756e-01 8.479545e-01 -1.713794e-01 -4.373438e-01 -5.598657e-01 6.046315e-01 -1.781796e-01 3.092636e-01 -3.941718e-02 1.322437e-01 -3.273191e-01 3.968689e-01 7.700506e-01 -8.507975e-01 -2.913556e-01 -9.681515e-01 8.862060e-01 8.507225e-01 -4.528394e-01 -3.114088e-01 3.082430e-01 5.636801e-01 3.166467e-01 -7.153644e-01
135 -3.350768e-02 2.489585e-01 -6.148272e-01 -4.242163e-01 2.146392e-01 -9.894191e-01 -6.046186e-01 -2.111161e-01 -3.222747e-01 8.479548e-01 -1.713791e-01 -4.373444e-01 -5.598651e-01 6.046310e-01 -1.781787e-01 3.092631e-01 -3.941758e-02 1.322425e-01 -3.273182e-01 3.968701e-01 7.700518e-01 -8.507977e-01 -2.913548e-01 -9.681522e-01 8.862071e-01 8.507232e-01 -4.528390e-01 -3.114106e-01 3.082434e-01 5.636788e-01 3.166481e-01 -7.153654e-01
112 -3.344466e-02 2.490693e-01 -6.146975e-01 -4.241289e-01 2.147788e-01 -9.895046e-01 -6.044587e-01 -2.110916e-01 -3.223222e-01 8.478831e-01 -1.713816e-01 -4.375044e-01 -5.597418e-01 6.044638e-01 -1.781854e-01 3.093032e-01 -3.944724e-02 1.322100e-01 -3.273535e-01 3.967920e-01 7.700062e-01 -8.508085e-01 -2.914003e-01 -9.682848e-01 8.861497e-01 8.507405e-01 -4.528099e-01 -3.114171e-01 3.082716e-01 5.636630e-01 3.165757e-01 -7.152721e-01
144 -3.344592e-02 2.490705e-01 -6.146969e-01 -4.241285e-01 2.147796e-01 -9.895041e-01 -6.044589e-01 -2.110926e-01 -3.223219e-01 8.478827e-01 -1.713806e-01 -4.375040e-01 -5.597427e-01 6.044625e-01 -1.781854e-01 3.093047e-01 -3.944617e-02 1.322100e-01 -3.273530e-01 3.967910e-01 7.700062e-01 -8.508091e-01 -2.914011e-01 -9.682846e-01 8.861500e-01 8.507404e-01 -4.528109e-01 -3.114184e-01 3.082720e-01 5.636639e-01 3.165752e-01 -7.152730e-01
110 -3.357943e-02 2.602101e-01 -6.149459e-01 -4.283519e-01 2.029499e-01 -9.985090e-01 -6.074938e-01 -2.087723e-01 -3.044928e-01 8.368807e-01 -1.757686e-01 -4.305072e-01 -5.636286e-01 6.061427e-01 -1.845389e-01 2.949661e-01 -4.472366e-02 1.394408e-01 -3.418728e-01 4.111587e-01 7.859440e-01 -8.567513e-01 -2.928434e-01 -9.664685e-01 8.902765e-01 8.455166e-01 -4.626535e-01 -3.033127e-01 3.258408e-01 5.715359e-01 3.001950e-01 -7.176564e-01
149 -3.356623e-02 2.602579e-01 -6.149740e-01 -4.284515e-01 2.028186e-01 -9.985616e-01 -6.074146e-01 -2.087929e-01 -3.044328e-01 8.367350e-01 -1.757305e-01 -4.305824e-01 -5.636516e-01 6.060824e-01 -1.845796e-01 2.950769e-01 -4.474102e-02 1.395728e-01 -3.418891e-01 4.112453e-01 7.860355e-01 -8.567245e-01 -2.927834e-01 -9.663315e-01 8.901958e-01 8.454629e-01 -4.627190e-01 -3.033150e-01 3.258477e-01 5.714660e-01 3.002876e-01 -7.176279e-01
159 -3.361195e-02 2.601347e-01 -6.150501e-01 -4.284191e-01 2.028386e-01 -9.985646e-01 -6.073945e-01 -2.087077e-01 -3.045828e-01 8.367844e-01 -1.757192e-01 -4.305639e-01 -5.636673e-01 6.062408e-01 -1.846382e-01 2.950522e-01 -4.464255e-02 1.394864e-01 -3.418185e-01 4.112278e-01 7.859822e-01 -8.567836e-01 -2.928756e-01 -9.664581e-01 8.902668e-01 8.455240e-01 -4.626529e-01 -3.034302e-01 3.258279e-01 5.714363e-01 3.001934e-01 -7.176836e-01
168 -3.356546e-02 2.601520e-01 -6.148873e-01 -4.283663e-01 2.028571e-01 -9.983869e-01 -6.074669e-01 -2.088442e-01 -3.045583e-01 8.367351e-01 -1.756309e-01 -4.305380e-01 -5.635514e-01 6.060676e-01 -1.846536e-01 2.950527e-01 -4.470821e-02 1.395582e-01 -3.418371e-01 4.111185e-01 7.859904e-01 -8.566898e-01 -2.929103e-01 -9.663840e-01 8.902240e-01 8.455406e-01 -4.626839e-01 -3.033087e-01 3.258178e-01 5.715005e-01 3.002522e-01 -7.176618e-01
138 -2.175037e-02 2.513276e-01 -6.143444e-01 -4.302790e-01 2.029670e-01 -1.000315e+00 -6.094212e-01 -2.145031e-01 -3.216723e-01 8.407565e-01 -1.784314e-01 -4.395547e-01 -5.599281e-01 5.965766e-01 -1.781243e-01 3.097977e-01 -3.753448e-02 1.424396e-01 -3.266256e-01 4.080590e-01 7.775598e-01 -8.655164e-01 -2.934453e-01 -9.697867e-01 8.804416e-01 8.534604e-01 -4.547879e-01 -3.102226e-01 3.161578e-01 5.637388e-01 2.992067e-01 -7.157023e-01
143 -2.167971e-02 2.512530e-01 -6.144099e-01 -4.303500e-01 2.029304e-01 -1.000213e+00 -6.094586e-01 -2.146349e-01 -3.217411e-01 8.408412e-01 -1.785606e-01 -4.395383e-01 -5.600350e-01 5.966873e-01 -1.781174e-01 3.097571e-01 -3.745146e-02 1.423798e-01 -3.266335e-01 4.080088e-01 7.774296e-01 -8.655834e-01 -2.935153e-01 -9.698169e-01 8.803539e-01 8.534713e-01 -4.546619e-01 -3.100351e-01 3.160055e-01 5.637376e-01 2.991943e-01 -7.157887e-01
107 1.914899e-01 6.235495e-01 1.829192e-01 -9.486336e-01 1.002951e-01 6.196470e-01 -9.078142e-01 5.814694e-01 4.904858e-01 -7.740105e-01 7.913769e-01 -8.839284e-01 -9.045075e-01 6.647605e-01 3.633289e-01 5.699477e-01 -3.655891e-01 -6.095800e-01 -1.899487e-01 8.714155e-02 2.132275e-01 8.477116e-01 -3.459706e-01 4.229312e-01 3.926636e-01 -6.459901e-01 4.063092e-01 6.770747e-01 1.160064e-01 -6.587917e-01 7.752288e-01 -7.025981e-01
157 1.801850e-01 6.201743e-01 1.931042e-01 -9.449052e-01 1.050947e-01 6.154475e-01 -8.990088e-01 5.982111e-01 4.885326e-01 -7.612252e-01 7.946405e-01 -8.862003e-01 -8.926878e-01 6.580191e-01 3.730067e-01 5.754275e-01 -3.845271e-01 -6.100392e-01 -2.035571e-01 8.602433e-02 2.191782e-01 8.537257e-01 -3.373859e-01 4.236000e-01 3.950419e-01 -6.306208e-01 4.095577e-01 6.720174e-01 1.266925e-01 -6.704811e-01 7.903215e-01 -7.030965e-01
158 1.854897e-01 6.236034e-01 1.963785e-01 -9.554488e-01 1.062761e-01 6.270308e-01 -9.138148e-01 5.975408e-01 4.936210e-01 -7.725272e-01 7.916051e-01 -8.889628e-01 -8.898031e-01 6.643832e-01 3.732734e-01 5.788107e-01 -3.780889e-01 -6.013819e-01 -2.009408e-01 7.961198e-02 2.132569e-01 8.453073e-01 -3.431285e-01 4.192487e-01 4.014356e-01 -6.359907e-01 4.225201e-01 6.698888e-01 1.305667e-01 -6.649517e-01 7.874248e-01 -6.953585e-01
108 -4.790873e-01 7.385290e-02 5.294611e-01 6.728112e-01 -7.347486e-01 6.541584e-01 3.296490e-01 1.926655e-01 -6.804998e-01 5.547840e-01 4.239112e-01 8.993523e-01 1.095313e-01 -4.813999e-02 5.252381e-01 7.794186e-01 -9.611357e-02 -7.712601e-01 -9.286874e-01 9.501391e-01 -5.792413e-01 -1.810012e-01 -9.082167e-01 -8.391532e-01 9.787018e-01 6.785275e-01 3.154572e-01 8.339044e-01 5.328659e-02 -2.907132e-01 -1.904432e-02 5.624091e-01
137 -4.855333e-01 7.053294e-02 5.235127e-01 6.864233e-01 -7.288227e-01 6.668185e-01 3.368141e-01 1.965623e-01 -6.759415e-01 5.502691e-01 4.216118e-01 8.892419e-01 9.502008e-02 -5.668174e-02 5.230795e-01 7.773131e-01 -9.463048e-02 -7.697969e-01 -9.242321e-01 9.466973e-01 -5.804597e-01 -1.706843e-01 -9.147682e-01 -8.570501e-01 9.919638e-01 6.973837e-01 3.130667e-01 8.250623e-01 5.133237e-02 -2.941675e-01 -1.870173e-02 5.752661e-01
113 -4.660271e-01 4.982586e-01 1.626212e-01 2.681252e-01 3.408932e-01 6.023464e-02 -8.564013e-01 8.997703e-01 3.334836e-01 -7.403399e-01 -9.241189e-01 5.586828e-01 4.056558e-01 -1.961757e-01 9.151791e-01 6.429845e-01 -9.555106e-01 -1.670672e-01 8.006420e-01 8.589971e-01 -5.367190e-01 8.669315e-01 9.777574e-01 -8.883560e-01 6.664374e-01 4.440398e-01 -5.020932e-01 -8.092279e-01 8.109995e-01 4.056859e-01 9.513068e-01 -6.451294e-01
193 -4.660934e-01 4.984161e-01 1.626178e-01 2.680350e-01 3.408391e-01 6.015470e-02 -8.564457e-01 8.996975e-01 3.334272e-01 -7.403460e-01 -9.242533e-01 5.586599e-01 4.056058e-01 -1.962230e-01 9.151698e-01 6.428988e-01 -9.555596e-01 -1.670177e-01 8.005480e-01 8.590513e-01 -5.367704e-01 8.668643e-01 9.777830e-01 -8.883643e-01 6.664029e-01 4.440276e-01 -5.020094e-01 -8.093024e-01 8.108193e-01 4.057433e-01 9.514687e-01 -6.451799e-01
124 -4.628575e-01 5.005283e-01 1.467509e-01 2.716790e-01 3.406959e-01 5.234649e-02 -8.394848e-01 8.985987e-01 3.468355e-01 -7.230054e-01 -9.340882e-01 5.473779e-01 3.953147e-01 -1.864090e-01 9.110760e-01 6.416402e-01 -9.601435e-01 -1.634976e-01 8.075681e-01 8.627140e-01 -5.401048e-01 8.626718e-01 9.808621e-01 -8.834718e-01 6.797461e-01 4.536062e-01 -4.959560e-01 -7.934331e-01 8.211879e-01 4.110541e-01 9.543118e-01 -6.515797e-01
128 -4.627758e-01 5.005893e-01 1.466675e-01 2.717298e-01 3.405809e-01 5.227405e-02 -8.394547e-01 8.986480e-01 3.467823e-01 -7.228240e-01 -9.341732e-01 5.473252e-01 3.953364e-01 -1.863703e-01 9.110469e-01 6.416768e-01 -9.602647e-01 -1.634742e-01 8.077413e-01 8.625677e-01 -5.400656e-01 8.626646e-01 9.808040e-01 -8.835528e-01 6.797560e-01 4.537513e-01 -4.960013e-01 -7.934202e-01 8.210654e-01 4.111489e-01 9.544379e-01 -6.516320e-01
184 -4.627919e-01 5.006329e-01 1.466716e-01 2.717956e-01 3.405371e-01 5.232064e-02 -8.393404e-01 8.985416e-01 3.468095e-01 -7.229910e-01 -9.341357e-01 5.473753e-01 3.954023e-01 -1.863420e-01 9.109502e-01 6.416183e-01 -9.602234e-01 -1.636106e-01 8.077180e-01 8.626434e-01 -5.400098e-01 8.627668e-01 9.808108e-01 -8.834804e-01 6.798233e-01 4.537206e-01 -4.959431e-01 -7.934859e-01 8.211367e-01 4.111443e-01 9.543324e-01 -6.515713e-01
114 2.508551e-01 6.551136e-02 6.192359e-01 5.362276e-01 8.645893e-01 1.136720e-01 -7.678852e-01 -3.892272e-01 3.229828e-01 3.493582e-01 6.011573e-01 -7.849527e-01 -7.219274e-01 -6.635363e-01 3.571545e-01 -5.921783e-04 -2.011107e-01 -1.336844e-01 -7.569750e-01 8.402697e-01 -4.800926e-01 -4.160605e-01 5.642252e-01 8.452689e-01 8.781689e-01 2.116306e-01 2.257055e-01 -3.767829e-01 -4.959831e-01 8.968897e-01 -5.489652e-01 7.645043e-01
164 2.415155e-01 6.826144e-02 6.082836e-01 5.398746e-01 8.720576e-01 1.151133e-01 -7.656418e-01 -3.859109e-01 3.217703e-01 3.426418e-01 6.130590e-01 -7.962182e-01 -7.315843e-01 -6.631396e-01 3.578838e-01 1.186268e-02 -2.051908e-01 -1.353486e-01 -7.483406e-01 8.406914e-01 -4.711775e-01 -4.293099e-01 5.547537e-01 8.438555e-01 8.770797e-01 2.239925e-01 2.107732e-01 -3.778916e-01 -4.822910e-01 8.880450e-01 -5.535925e-01 7.683994e-01
172 2.565536e-01 7.204395e-02 6.154154e-01 5.416249e-01 8.575567e-01 1.051585e-01 -7.815527e-01 -3.818298e-01 3.254371e-01 3.392879e-01 6.057230e-01 -7.828073e-01 -7.352530e-01 -6.482642e-01 3.637065e-01 4.106734e-03 -1.917078e-01 -1.207120e-01 -7.563685e-01 8.430781e-01 -4.896642e-01 -4.264441e-01 5.555929e-01 8.451541e-01 8.721070e-01 2.089384e-01 2.301690e-01 -3.890955e-01 -4.848264e-01 8.824172e-01 -5.405602e-01 7.600416e-01
115 3.324069e-01 -1.919583e-01 -6.747222e-01 7.638825e-01 4.555168e-01 -5.515968e-01 -9.403065e-02 -5.024632e-01 -4.916262e-01 -8.649079e-01 -1.005750e+00 -3.348168e-01 6.540625e-01 -5.655221e-02 2.909055e-01 4.581185e-01 -2.305133e-01 3.950148e-01 1.768623e-01 -1.842633e-01 8.498008e-01 5.819694e-01 6.187198e-01 -8.559850e-01 -1.001976e+00 6.007727e-01 -7.712769e-01 5.050780e-01 -8.475140e-01 -9.377886e-01 -5.354797e-01 4.738465e-01
141 3.325645e-01 -1.853757e-01 -6.806405e-01 7.627249e-01 4.593371e-01 -5.385229e-01 -8.212628e-02 -5.006071e-01 -4.910824e-01 -8.697116e-01 -9.914304e-01 -3.542886e-01 6.367237e-01 -6.125157e-02 2.828541e-01 4.648535e-01 -2.224679e-01 4.078204e-01 1.652386e-01 -1.735579e-01 8.566715e-01 5.856581e-01 6.089729e-01 -8.427654e-01 -1.001990e+00 6.059598e-01 -7.866116e-01 4.990726e-01 -8.415691e-01 -9.359094e-01 -5.333771e-01 4.805732e-01
152 3.410941e-01 -1.904569e-01 -6.757364e-01 7.744969e-01 4.474624e-01 -5.426161e-01 -8.921533e-02 -5.129273e-01 -4.797923e-01 -8.622414e-01 -1.002090e+00 -3.381977e-01 6.403135e-01 -6.082877e-02 2.844152e-01 4.547849e-01 -2.289014e-01 3.987709e-01 1.656806e-01 -1.921079e-01 8.502347e-01 5.759922e-01 6.234917e-01 -8.493968e-01 -1.005731e+00 6.047164e-01 -7.783093e-01 5.002296e-01 -8.612373e-01 -9.268725e-01 -5.262437e-01 4.891425e-01
120 -7.613764e-01 -8.061350e-01 2.111852e-01 -3.126610e-01 2.675533e-01 -4.885372e-01 3.914951e-01 -2.834464e-01 6.436884e-01 -8.473813e-01 -7.352732e-01 -9.797138e-01 4.924758e-01 2.057199e-02 -7.595307e-01 -2.618000e-01 9.325794e-01 -5.652462e-01 -1.349037e-01 -8.360295e-01 -1.979890e-01 -5.800222e-01 3.573173e-02 -3.531835e-03 -8.675195e-01 9.421108e-01 1.662246e-01 -8.031360e-01 2.084952e-01 -7.503793e-01 -9.740488e-01 4.572129e-01
169 -7.614410e-01 -8.061731e-01 2.111799e-01 -3.125974e-01 2.675420e-01 -4.885884e-01 3.914942e-01 -2.833764e-01 6.436985e-01 -8.473247e-01 -7.353085e-01 -9.795844e-01 4.925477e-01 2.053376e-02 -7.596591e-01 -2.618733e-01 9.326177e-01 -5.653672e-01 -1.350911e-01 -8.360724e-01 -1.980122e-01 -5.800845e-01 3.567489e-02 -3.551249e-03 -8.674284e-01 9.422130e-01 1.662046e-01 -8.029639e-01 2.085045e-01 -7.503604e-01 -9.741572e-01 4.571527e-01
167 -7.470680e-01 -8.178784e-01 2.242092e-01 -3.211666e-01 2.635811e-01 -4.905453e-01 3.901538e-01 -2.779647e-01 6.386563e-01 -8.352436e-01 -7.347775e-01 -9.827355e-01 4.884661e-01 2.398915e-02 -7.674203e-01 -2.754344e-01 9.359569e-01 -5.614782e-01 -1.366948e-01 -8.392029e-01 -2.072233e-01 -5.866268e-01 3.195473e-02 2.718617e-03 -8.570818e-01 9.364432e-01 1.686084e-01 -8.026942e-01 2.076486e-01 -7.613467e-01 -9.856564e-01 4.504757e-01
180 -7.470052e-01 -8.180280e-01 2.242232e-01 -3.213312e-01 2.635146e-01 -4.903817e-01 3.900189e-01 -2.779443e-01 6.387595e-01 -8.352217e-01 -7.347167e-01 -9.828484e-01 4.885059e-01 2.409593e-02 -7.673908e-01 -2.754954e-01 9.358749e-01 -5.615985e-01 -1.366531e-01 -8.391772e-01 -2.071893e-01 -5.867777e-01 3.189901e-02 2.789879e-03 -8.569615e-01 9.363293e-01 1.686042e-01 -8.027124e-01 2.076385e-01 -7.613446e-01 -9.855615e-01 4.505305e-01
121 6.678832e-01 2.467884e-01 -1.386711e-01 -9.897632e-01 1.067222e-02 2.421537e-01 -6.065301e-01 -9.773123e-01 -2.760201e-01 -9.107481e-01 -7.624343e-01 -5.833595e-01 3.491957e-01 -8.893829e-01 4.312117e-01 8.039571e-01 -8.445892e-01 -9.714806e-01 6.078992e-01 8.712955e-01 -8.404677e-01 -4.282429e-01 7.036246e-01 5.370052e-01 -2.936132e-01 -1.604374e-01 -3.866157e-01 -7.354777e-01 -6.996303e-01 8.621748e-01 -5.336882e-02 9.581515e-01
188 6.677398e-01 2.467054e-01 -1.385862e-01 -9.896549e-01 1.067230e-02 2.420643e-01 -6.063954e-01 -9.772096e-01 -2.760893e-01 -9.106340e-01 -7.625265e-01 -5.834669e-01 3.493078e-01 -8.893769e-01 4.312110e-01 8.037894e-01 -8.446059e-01 -9.715649e-01 6.078172e-01 8.714219e-01 -8.404801e-01 -4.281337e-01 7.035232e-01 5.371716e-01 -2.935051e-01 -1.604834e-01 -3.867123e-01 -7.353716e-01 -6.997594e-01 8.620937e-01 -5.342261e-02 9.580676e-01
190 6.677901e-01 2.467321e-01 -1.387533e-01 -9.898042e-01 1.061196e-02 2.422371e-01 -6.064460e-01 -9.771421e-01 -2.759977e-01 -9.107772e-01 -7.625650e-01 -5.834644e-01 3.493680e-01 -8.894068e-01 4.312435e-01 8.038320e-01 -8.445142e-01 -9.714136e-01 6.077822e-01 8.713026e-01 -8.404244e-01 -4.282771e-01 7.035720e-01 5.371378e-01 -2.936862e-01 -1.605355e-01 -3.866398e-01 -7.354764e-01 -6.996858e-01 8.621051e-01 -5.340533e-02 9.581920e-01
122 6.667487e-01 2.412364e-01 -1.393803e-01 -9.710094e-01 1.212296e-02 2.501585e-01 -5.903629e-01 -9.866544e-01 -2.662741e-01 -9.106997e-01 -7.470179e-01 -5.882118e-01 3.611684e-01 -8.981909e-01 4.335394e-01 8.096306e-01 -8.561205e-01 -9.814820e-01 6.213752e-01 8.551237e-01 -8.513708e-01 -4.259938e-01 7.078875e-01 5.404091e-01 -2.883133e-01 -1.696851e-01 -3.800468e-01 -7.413024e-01 -7.056298e-01 8.500187e-01 -6.140909e-02 9.512074e-01
147 6.666115e-01 2.413324e-01 -1.393125e-01 -9.709063e-01 1.208435e-02 2.500366e-01 -5.904375e-01 -9.866138e-01 -2.662774e-01 -9.107160e-01 -7.469235e-01 -5.883619e-01 3.612951e-01 -8.981704e-01 4.335591e-01 8.095630e-01 -8.560291e-01 -9.815648e-01 6.214122e-01 8.550694e-01 -8.514212e-01 -4.259218e-01 7.080311e-01 5.403840e-01 -2.883938e-01 -1.697159e-01 -3.800652e-01 -7.412922e-01 -7.055090e-01 8.500745e-01 -6.142970e-02 9.511972e-01
153 6.667566e-01 2.413802e-01 -1.392311e-01 -9.710073e-01 1.200607e-02 2.500411e-01 -5.905023e-01 -9.866986e-01 -2.662958e-01 -9.106766e-01 -7.469488e-01 -5.882398e-01 3.611549e-01 -8.981786e-01 4.336079e-01 8.097058e-01 -8.561241e-01 -9.814717e-01 6.213020e-01 8.551268e-01 -8.514582e-01 -4.258839e-01 7.080611e-01 5.404651e-01 -2.883819e-01 -1.697018e-01 -3.801704e-01 -7.413755e-01 -7.054426e-01 8.501504e-01 -6.132919e-02 9.512029e-01
140 6.677246e-01 2.453366e-01 -1.503643e-01 -9.758756e-01 3.681966e-03 2.505430e-01 -6.069527e-01 -9.905804e-01 -2.714695e-01 -9.028800e-01 -7.633069e-01 -5.908412e-01 3.592236e-01 -8.868501e-01 4.208043e-01 8.172654e-01 -8.515863e-01 -9.760255e-01 6.158794e-01 8.671908e-01 -8.528735e-01 -4.182032e-01 6.981816e-01 5.476672e-01 -2.982947e-01 -1.678593e-01 -3.760955e-01 -7.435301e-01 -7.122971e-01 8.629182e-01 -6.314767e-02 9.653244e-01
162 6.676411e-01 2.453934e-01 -1.503799e-01 -9.759598e-01 3.739081e-03 2.505377e-01 -6.069538e-01 -9.905880e-01 -2.713512e-01 -9.028615e-01 -7.632371e-01 -5.908354e-01 3.593575e-01 -8.868758e-01 4.207174e-01 8.172733e-01 -8.515821e-01 -9.759802e-01 6.159886e-01 8.673637e-01 -8.528249e-01 -4.181829e-01 6.980702e-01 5.477036e-01 -2.982103e-01 -1.680335e-01 -3.761877e-01 -7.435366e-01 -7.123031e-01 8.628478e-01 -6.301276e-02 9.652370e-01
125 -3.856199e-01 -1.573403e-01 2.007346e-01 5.072397e-01 9.924068e-01 4.486095e-01 -2.856405e-01 4.928749e-01 -9.658335e-01 7.297883e-01 2.176383e-01 5.618080e-01 -5.221782e-01 -8.903021e-01 -1.782594e-01 -7.439180e-01 5.041528e-01 -6.049853e-01 -7.431834e-01 -7.842457e-01 9.301823e-01 1.454327e-02 4.432293e-01 2.328009e-01 3.236631e-02 6.908900e-01 -8.523319e-01 -3.885362e-01 -4.208337e-01 -8.721891e-01 -1.678404e-01 1.828961e-01
156 -3.790468e-01 -1.471641e-01 2.108039e-01 5.090641e-01 9.824018e-01 4.355311e-01 -2.833851e-01 4.937277e-01 -9.594055e-01 7.303557e-01 2.194730e-01 5.619265e-01 -5.232808e-01 -8.987020e-01 -1.884216e-01 -7.375995e-01 5.131677e-01 -6.023421e-01 -7.565621e-01 -7.829105e-01 9.315719e-01 2.107093e-02 4.337185e-01 2.497052e-01 3.860065e-02 6.877513e-01 -8.486933e-01 -3.906276e-01 -4.295735e-01 -8.736369e-01 -1.549282e-01 1.810301e-01
161 -3.895333e-01 -1.451218e-01 2.106439e-01 5.079798e-01 9.921695e-01 4.377764e-01 -2.839277e-01 4.901863e-01 -9.763353e-01 7.319230e-01 2.148918e-01 5.632708e-01 -5.296001e-01 -8.929907e-01 -1.812986e-01 -7.547482e-01 5.206821e-01 -5.880451e-01 -7.527960e-01 -7.737114e-01 9.327703e-01 1.550998e-02 4.405202e-01 2.366775e-01 2.925006e-02 6.762756e-01 -8.437495e-01 -3.884814e-01 -4.215489e-01 -8.763432e-01 -1.543430e-01 1.775674e-01
170 -4.057832e-01 3.940820e-01 2.786264e-01 -9.462061e-01 7.318043e-01 9.603674e-01 2.997351e-01 8.079220e-01 8.625983e-01 -9.057747e-01 5.028374e-01 -1.455197e-01 7.327515e-01 1.440495e-01 5.217918e-02 6.795880e-01 -8.324565e-02 5.729300e-01 -9.016658e-02 -6.888844e-01 -3.987799e-01 -9.578406e-01 -8.493160e-02 -9.972801e-02 -7.569702e-01 -5.062899e-01 -9.246959e-01 9.511811e-01 7.409505e-01 7.899847e-01 -8.221152e-01 -6.547452e-01
194 -4.164697e-01 3.838232e-01 2.765680e-01 -9.410079e-01 7.195898e-01 9.531211e-01 2.989411e-01 7.954594e-01 8.564891e-01 -8.992903e-01 5.163908e-01 -1.558415e-01 7.194644e-01 1.405336e-01 4.729496e-02 6.849198e-01 -8.222873e-02 5.856815e-01 -9.466487e-02 -6.921539e-01 -3.906829e-01 -9.682167e-01 -7.252490e-02 -9.415635e-02 -7.491010e-01 -4.929365e-01 -9.210137e-01 9.427307e-01 7.432118e-01 7.926910e-01 -8.202270e-01 -6.646941e-01
179 3.754133e-01 -4.521055e-01 8.462616e-01 5.752057e-01 4.962833e-01 -4.082618e-01 5.874945e-01 -2.996039e-01 4.420321e-01 1.163800e-01 2.527829e-01 4.781559e-01 8.687809e-01 -8.957092e-01 -7.143873e-01 -2.533746e-01 5.523751e-01 -5.447278e-01 8.003437e-01 -4.948502e-01 -1.036192e-01 2.651368e-01 4.859626e-01 7.140401e-01 9.976652e-02 -7.569330e-01 -3.322342e-01 4.953544e-01 9.695706e-02 -3.858564e-02 8.880898e-01 -5.190250e-01
182 3.668261e-01 -4.647279e-01 8.533218e-01 5.752274e-01 4.938136e-01 -4.200305e-01 5.786210e-01 -3.090414e-01 4.486040e-01 1.073477e-01 2.546716e-01 4.762672e-01 8.740083e-01 -9.030513e-01 -7.173165e-01 -2.433740e-01 5.523350e-01 -5.552291e-01 7.942932e-01 -4.998340e-01 -1.008412e-01 2.702901e-01 4.990842e-01 7.143937e-01 9.513123e-02 -7.596131e-01 -3.279287e-01 4.822406e-01 1.136099e-01 -2.875839e-02 8.876731e-01 -5.305375e-01
