0 -0.03991245 -0.21250226 -0.24004842 -0.26449435 0.09549976 0.52813475 0.13523122 -0.46202133 -0.04253706 -0.21983286 -0.31548105 -0.04495182 -0.23865460 -0.21555436 0.21181546 0.07681943
1 -0.08414857 0.18646866 -0.00204600 -0.42907017 0.08586516 0.38395456 -0.03501425 -0.50724605 0.14001458 -0.04606479 -0.18277733 -0.28992583 0.35295157 -0.00304735 0.24451085 0.19278055
2 0.00955927 0.50267238 -0.43234253 -0.16464257 0.07580366 0.27492235 0.18756081 -0.39823625 0.03698513 -0.22934717 -0.19388312 -0.27427635 -0.03025329 -0.19732253 -0.05658287 -0.21968825
3 -0.08576632 -0.46147412 0.35625222 0.02349167 0.20528027 0.04793915 0.06865238 0.48682638 -0.08481126 0.18907540 -0.37483071 -0.00398366 0.22638948 0.11211094 -0.12123761 0.32263142
4 0.29272615 0.32809618 -0.35013491 -0.48890349 -0.32455556 0.09273235 -0.18535683 -0.04287809 0.17631354 0.06217742 0.02937928 -0.06556124 0.43112985 0.17100348 0.07729238 -0.18359950
5 -0.13380890 -0.20567191 0.27200576 0.41088802 0.24836541 -0.41169053 0.15495595 0.33191543 -0.02696678 -0.31685707 -0.25001625 0.05801758 -0.17367622 -0.18949379 -0.30874851 0.05681313
6 0.36471191 -0.04625868 0.32990504 0.29744120 -0.39989984 -0.11188731 0.21581849 0.14337495 -0.18959572 -0.01608702 -0.20033524 -0.09146016 -0.05299583 0.32259833 0.41118223 -0.25944273
7 -0.03579190 -0.28449805 0.50909285 0.43873877 0.05672145 -0.10687542 0.04688526 0.01780109 0.24735110 -0.05279827 0.18156688 -0.05220298 -0.32904692 -0.17309416 -0.29602473 0.35132856
8 0.22654961 0.29080937 -0.30015503 -0.39522706 -0.21627762 0.45546384 -0.12695308 -0.37222418 -0.22680315 0.21380338 0.05416192 -0.03493856 0.24699029 0.20239505 0.03023165 0.06876622
9 -0.03335158 -0.08106479 -0.22529785 -0.09920636 -0.50761985 0.16462536 0.46302245 -0.24902681 -0.33313136 0.16727444 -0.33821995 -0.17413491 0.02981577 0.16874043 -0.04799439 -0.23493164
10 -0.37990388 -0.11174545 0.17292983 0.42907017 0.40603875 -0.42114547 -0.09539713 0.42694642 0.02834174 -0.15187733 0.15090550 -0.01970675 -0.16847417 -0.01856555 0.07751861 -0.11746088
11 -0.05875837 0.20602651 -0.29999328 -0.34912306 -0.22162026 0.43986445 0.13338347 -0.57613023 -0.16318253 0.10477721 0.09825465 -0.18999114 0.12617030 0.14226579 0.13457804 -0.11080176
12 -0.20646224 0.38595081 -0.19675702 0.07703081 -0.06989442 -0.36644899 0.23335234 0.01337287 0.18772824 0.45041050 0.30129945 -0.23719970 0.13806270 -0.13073896 0.06854992 -0.37941581
13 -0.22185539 0.00319649 0.18862915 0.35677838 0.12316738 -0.40083229 0.26700752 0.63284487 0.17690283 -0.02273192 -0.19688534 -0.17536462 0.01412248 -0.06686327 -0.05792271 0.17584851
14 -0.46279626 -0.10820556 0.30198975 0.44186043 -0.03309162 0.02075499 -0.07791583 0.07521636 0.35204180 0.04763190 -0.22765312 -0.38251059 0.16847162 -0.30351898 0.06200940 0.16038825
15 0.04879165 0.26700457 -0.09545129 0.14805998 -0.47421414 0.40347737 -0.18326656 -0.31271154 0.00854475 0.11723783 -0.17431931 0.09746334 -0.16653017 0.11187939 0.41517671 0.33154487
16 -0.06028516 0.14797514 -0.40327383 -0.02382920 -0.12009596 0.46614696 -0.04474485 -0.55598099 -0.01392594 0.20838789 -0.06958822 0.22259201 0.27359698 -0.12285294 0.23766739 -0.15490429
17 0.20688873 0.28676630 -0.35197409 -0.37822906 -0.46661376 0.20579011 -0.13411255 -0.30831991 -0.06170982 0.01197584 0.06883051 -0.16047824 0.08931001 0.30071223 0.24153560 -0.20906424
18 0.12988191 0.02988364 -0.49845492 -0.16811579 -0.17971475 0.24842263 0.17779460 -0.33010144 -0.10407539 -0.16475652 -0.25842445 0.23032627 0.41393333 0.15957435 0.34083310 -0.01210739
19 -0.19152026 -0.26649822 -0.23907864 0.24312516 0.16875445 0.32590711 0.20153932 -0.27902195 -0.29296016 -0.30307649 0.35864897 0.26573536 0.19165905 0.18736416 -0.05101424 0.26739306
20 -0.05948824 -0.06325231 0.39226237 0.48756716 0.09457768 -0.13446111 -0.02258218 0.56683555 0.26211783 0.03567600 0.02583781 -0.12436468 0.04628997 -0.27053950 0.27604980 0.11992078
21 -0.25228091 -0.12318699 0.35333511 0.33849691 0.36140123 -0.52222146 -0.08809020 0.37964899 0.11748083 -0.04875861 0.07367390 -0.08498419 -0.24615397 -0.18770912 -0.02201119 0.03733403
22 0.29962285 0.10583204 -0.12778852 -0.56742709 -0.13716815 0.36176754 -0.18122489 -0.50225354 -0.11267326 0.12679382 0.06944688 0.02155304 0.24683119 0.16471036 0.01849334 -0.05893979
23 -0.52109203 0.42401064 -0.03202599 0.31722468 0.18596587 0.01754771 -0.12540227 -0.38825948 0.05334174 -0.04771772 -0.35072976 0.24592445 0.11644205 -0.20052088 0.05324211 -0.02106922
24 0.14089013 0.20536914 -0.43399546 -0.37420985 -0.22152473 0.37585593 0.05813615 -0.38678158 -0.31662203 0.15654140 -0.18986671 -0.02171199 0.15326979 0.25240039 0.10752415 -0.07895062
25 -0.26182687 -0.22523480 -0.06352991 0.44014890 0.13502859 -0.18554551 -0.37724152 0.00899223 0.14283422 -0.12905594 0.29114640 0.14355347 0.17793023 -0.22112856 -0.19985639 -0.47430637
26 -0.17990562 0.20478667 0.31782076 -0.37429141 -0.21341257 0.08336463 -0.33189155 -0.01376845 -0.11335638 -0.03227577 0.16801157 -0.47273344 0.21370476 0.30890189 -0.32052673 -0.11105166
27 -0.09260008 0.39191464 -0.05610856 -0.44621223 -0.19072500 0.47424800 -0.14200653 -0.12523262 -0.01286274 0.32379796 -0.05207089 0.18795976 0.31832702 0.29256351 0.09197530 0.00160941
28 0.27588907 0.33795187 -0.13956446 -0.27610157 -0.35680049 0.29579775 -0.17406518 -0.53090328 -0.06052769 0.32759317 -0.03237835 -0.07023690 0.19739979 0.06664010 0.07359000 -0.14566408
29 0.15450345 0.18285817 -0.41718476 -0.27102253 -0.29298028 0.21971530 -0.09752855 -0.49385964 -0.20849365 0.06731495 -0.01770761 0.19052355 0.27999346 0.26489184 0.27289482 -0.00495094
30 0.10020199 0.10901356 -0.43478353 -0.32778637 -0.23009492 0.52622671 -0.03621799 -0.44065209 -0.18339913 0.22413476 -0.02427924 -0.03172876 0.24241076 0.07443805 0.06519442 -0.04720818
31 -0.18529955 -0.32756442 0.26293936 -0.12229562 0.25344269 -0.46350756 0.11235424 0.33632351 -0.29313993 -0.02432410 -0.26047559 -0.05435342 -0.37207376 -0.06455094 -0.26090280 -0.03824101
32 0.24675570 0.28225203 -0.26356052 -0.14097732 -0.39269470 0.19596847 -0.26286810 -0.38967554 -0.04992246 0.06728450 0.01124680 0.14188064 0.34526064 0.29161075 0.28634423 -0.20745222
33 -0.31286616 -0.07404716 -0.40400776 -0.08297103 -0.11630407 0.13583766 -0.01206268 -0.16160550 -0.19470589 0.30672720 0.20503810 -0.20166069 0.37994576 0.36007762 -0.16656637 -0.38964899
34 0.07924442 0.37758312 -0.08126647 -0.41408764 -0.29815001 0.18184184 0.00149343 -0.42344323 -0.26144033 0.22453032 0.15896363 0.09526133 0.08700641 0.37621087 0.17748098 -0.19518940
35 0.12283447 0.16976580 -0.30299303 -0.36187424 -0.17437427 0.52113872 -0.17418686 -0.25622503 -0.10478666 0.30093870 0.05783124 -0.01938205 0.32211609 0.33605576 0.00385764 0.11566181
36 -0.06073635 -0.20291622 0.15887997 0.44807729 -0.07955848 0.10125406 0.20925254 -0.05888423 0.57759426 -0.09630878 -0.15243892 0.16471816 -0.16676261 -0.37049963 0.23046462 -0.23201333
37 -0.09921064 0.30928036 -0.32570797 -0.02244026 -0.17049445 0.28609359 -0.27176862 -0.21828885 -0.42339977 0.40953401 0.06381894 0.12562884 0.29135915 0.28939743 0.04486626 0.13413655
38 -0.50092136 -0.16940116 0.05811950 -0.17610684 0.25162332 -0.00638428 -0.12260883 -0.19675391 0.25669624 -0.18197724 0.22140051 -0.20008938 -0.07461257 -0.28885257 -0.28447837 -0.45923421
39 0.17077472 0.32182003 -0.43321046 -0.39143849 -0.24390717 0.39307697 0.10824623 -0.39603876 -0.25565314 -0.08308529 -0.16787082 -0.03734648 0.04501399 -0.00963974 0.12364565 -0.15672845
40 0.18284375 -0.04843800 0.31837156 -0.21840861 0.36018682 -0.02503175 0.42723815 0.09910490 0.02098768 -0.06685962 -0.16050547 -0.41734818 0.36130545 -0.14621637 0.31472566 -0.19135963
41 -0.23248996 -0.04615597 -0.27140169 -0.15503239 0.02159994 -0.15150591 0.46753782 -0.42095709 0.56086848 0.09664797 0.02037560 -0.19412587 0.19830609 0.00716732 0.07054610 0.14331541
42 0.37565549 0.05731514 -0.06608131 -0.06359927 -0.09432236 0.51573115 -0.13842602 -0.52665381 0.05099461 -0.16435788 -0.33795126 -0.26397574 -0.18210342 0.09442737 0.14201496 -0.00551032
43 -0.27826197 0.18343861 0.38866201 -0.05845234 0.11347393 0.32098563 0.20245930 0.06944792 0.17602585 0.35483946 -0.07489017 0.16186992 0.25884589 0.35691146 0.29554277 -0.31982146
44 -0.55983937 -0.12176449 0.26011125 0.23870282 0.08305459 -0.28154836 -0.04881663 0.28593771 0.30871882 0.14798161 0.06038642 -0.26269204 -0.36332603 -0.01722811 -0.18586946 -0.14175984
45 -0.34719681 0.30981136 0.09044000 0.06463900 0.33603276 0.50242869 0.01538617 -0.19619406 -0.18990257 0.04830798 -0.06092816 0.25702257 0.32331349 -0.19596688 0.28954555 -0.17914101
46 -0.21920232 -0.45394140 0.19176926 0.17150712 0.31829819 -0.14519997 0.01197070 0.41180401 -0.02578367 0.17522546 0.24118009 -0.22115651 -0.29979985 -0.16441526 -0.20138585 0.30275306
47 -0.22004271 0.01490255 0.61236588 0.29739910 0.21911306 -0.28612456 -0.21410518 0.16489856 0.24030254 0.20016831 0.08187197 -0.17113934 0.05371075 0.33220901 -0.14128039 0.13415805
48 0.01192180 0.28871358 -0.15817265 -0.39491106 -0.35352461 0.31546401 0.02404360 -0.51681074 0.03316052 0.31761835 -0.01430594 -0.04502750 0.28888715 0.16664035 0.15780393 -0.05495769
49 0.01126219 0.32085391 -0.04874249 -0.42821101 -0.29038787 0.27287587 0.16840410 -0.46685282 0.04161965 0.28265657 -0.12999794 0.08349147 0.25516369 0.32045211 0.16415799 0.07644900
50 -0.29537940 -0.04696231 0.01226024 0.34115085 -0.32085435 -0.20893423 -0.13543192 -0.48158660 -0.01569418 0.26699984 -0.01536289 -0.30985559 -0.11645367 0.40525269 0.17478548 -0.14498261
51 -0.07209201 -0.30183275 0.34337086 0.38828017 0.35747994 -0.34150850 0.05439610 0.41548463 0.37306237 -0.14890840 -0.17201474 -0.03375302 -0.11899749 -0.01977634 0.09144744 0.00604942
52 0.16525125 0.30447523 -0.29023650 -0.34595599 -0.28164951 0.23336800 -0.09589938 -0.32672529 -0.34921602 0.18513037 0.10090205 0.14884542 0.36985838 0.28719280 0.04217277 -0.12929104
53 0.23150305 0.33724413 -0.15008453 -0.47883755 -0.38442793 0.38323622 0.07172982 -0.25422203 -0.11411136 0.11791500 -0.13980216 0.10453557 0.31327488 0.14219132 0.18357719 0.08351849
54 -0.25541532 0.44454878 -0.27859906 -0.25615673 -0.43319132 0.18612577 -0.06328055 -0.22508775 -0.34347699 -0.11386946 0.09135695 0.06363578 0.06366660 0.37473513 -0.14087801 -0.09630407
55 -0.33229855 -0.17157256 -0.34391010 0.12645477 0.32188607 0.27375752 -0.18881090 -0.38748220 0.02281759 0.21153176 -0.04725869 -0.08159309 -0.12486288 0.37459430 -0.38690874 0.04198317
56 -0.15068871 -0.32815940 0.22785033 0.14613984 0.47607173 -0.41569708 0.25243463 0.23560604 -0.13696416 0.05285559 0.11758659 0.15911725 -0.30956771 -0.00986354 0.10333384 0.33218180
57 -0.21301700 -0.18930657 0.34538788 0.36952556 0.31970337 -0.39861705 0.06265691 0.48512696 0.15267986 -0.06253507 -0.04405610 0.04429568 -0.24003255 -0.20580784 -0.12633242 0.12453035
58 -0.02962484 -0.43593864 -0.24423535 0.20572634 -0.15205339 -0.37159069 0.26978739 0.16125409 0.28252559 0.26125622 0.32610159 -0.27745399 0.28665971 -0.04450410 0.13711114 0.11298358
59 -0.27363219 -0.39449727 0.39878541 -0.07751567 0.41966662 0.10445893 -0.01154153 0.36310755 0.35266643 0.15815878 -0.01733293 0.05224813 -0.35090451 -0.06015194 -0.05547947 0.05655525
60 -0.18160908 -0.17517024 0.42624046 0.41836193 0.20975920 -0.46514396 -0.10939658 0.46108404 0.13486423 -0.00847944 -0.07293556 -0.12525027 -0.20313984 -0.02101322 -0.08454859 0.08110899
61 -0.00860997 0.31470974 -0.24296039 -0.24256377 -0.33619811 0.48521624 -0.18432391 -0.42041813 0.00134792 0.24676129 0.12218671 0.00374649 0.30492695 0.03210857 0.03810959 -0.22918488
62 0.08447390 0.15275068 0.07758075 -0.49442075 -0.28725543 0.20699851 0.40391423 -0.08946902 -0.41009492 0.17822134 -0.09608026 0.31159052 -0.01432965 0.06081301 -0.07400683 -0.32696168
63 -0.07995863 -0.05952099 0.38816290 0.31212874 0.25340716 -0.56587362 0.08585646 0.22389053 -0.11123592 -0.02176221 -0.19674970 0.07902215 -0.44625150 -0.13120826 0.09507400 -0.12979058
64 -0.28902808 -0.06115743 0.06399547 0.46016363 0.17306661 -0.51481362 -0.09839859 0.28954444 0.18567947 -0.27622379 -0.14676760 0.09300435 -0.30418770 -0.20150900 -0.13665867 -0.12487816
65 0.11667730 0.14582782 -0.00777845 0.01714382 0.10072590 0.24661493 -0.21173880 -0.25755478 0.37235393 -0.18379029 0.22103966 0.29691613 0.27271741 0.06259666 0.39268483 -0.49060705
66 0.11389442 0.20443481 -0.26085863 -0.28340203 -0.11102481 0.09216016 -0.28206017 -0.44210156 -0.49944305 0.07813008 0.13383237 0.04902544 0.21096094 0.41397605 0.05051411 -0.08212292
67 -0.03165695 -0.14216637 0.05530371 0.00432214 -0.04685720 0.54130870 0.18390266 -0.53392824 -0.19539035 -0.01383355 -0.27874467 -0.16505501 0.40906918 -0.17231388 -0.07267473 0.12640147
68 -0.32084115 -0.43318699 0.31530591 -0.00635371 0.40688816 -0.28349770 -0.10558516 0.44659226 0.19247463 0.11710477 0.01466394 -0.05148041 -0.13357203 -0.20824605 -0.09953306 0.16938125
69 0.12527616 0.25784280 -0.04372094 0.27655541 -0.04428280 0.27059073 0.11243259 -0.40175633 0.18839761 -0.06707446 -0.24936747 0.13164268 -0.00230230 0.34454379 0.00298415 0.59326875
70 0.40071337 0.52525400 0.30571920 -0.10163849 -0.08024514 -0.12566509 0.18634307 -0.06030796 -0.26855947 -0.26349112 0.18585654 -0.17876634 0.04276897 -0.30365383 0.30979348 0.03304528
71 0.17022311 0.18116946 -0.29787201 -0.47190716 -0.30149215 0.33761197 -0.02933880 -0.53613414 -0.20172926 0.23209034 0.05470590 0.03182537 0.16163366 0.06675189 0.04806715 -0.04625756
72 -0.11529847 -0.19314593 0.49820500 0.38080380 0.28179317 -0.46616656 0.04375763 0.16148899 0.12803527 -0.15119783 0.08465901 -0.06317350 -0.24649625 -0.33292343 -0.05047137 0.08313518
73 -0.41506040 -0.23241989 0.16188636 0.05287494 0.11208897 -0.46504256 -0.19613340 0.51612137 0.03386549 -0.15589610 -0.11788820 -0.01373530 0.02240278 0.04932927 -0.27143442 0.30801973
74 -0.01656129 0.09656110 -0.19235196 -0.21582998 -0.28930528 0.40547416 0.05207105 -0.48296395 -0.33815114 -0.00753244 -0.05941101 0.18231057 0.29970523 0.27563217 0.24613979 -0.21259480
75 0.29410470 0.14680271 -0.26691358 -0.29947801 -0.28368473 0.29648407 -0.11467442 -0.49632433 -0.25222764 0.15624017 -0.11885832 0.03543683 0.35221873 0.07507262 0.26176959 -0.03903165
76 0.32318943 -0.07639252 -0.39919969 -0.40534287 -0.13100412 0.30594277 0.13994667 -0.46305476 0.10405862 0.13395598 0.02963552 0.15443991 0.21381162 0.33559274 0.09360765 -0.02605883
77 0.13862428 0.34413608 -0.14999482 -0.39912971 -0.39171598 0.27982835 -0.10968766 -0.42740902 -0.32343947 0.16683590 -0.03185592 -0.00566419 0.01189648 0.33455509 -0.07133355 0.05868758
78 0.18681339 0.25398316 -0.29059357 -0.25362472 -0.19529564 0.63406734 0.12819694 -0.42956770 0.11842268 0.25692286 0.03365957 0.06843080 0.05568452 -0.06900748 -0.06003937 0.11559412
79 -0.28533804 -0.18950356 0.34264809 0.23665382 0.17758214 -0.54737806 0.04474316 0.49075981 0.06071571 -0.12137699 -0.01595612 -0.08403829 -0.27752988 -0.10253430 0.02083193 0.14678787
80 0.05314043 0.16925618 -0.22397099 -0.42038922 -0.24884803 0.45354485 0.05475862 -0.39331698 -0.24596516 0.24552367 -0.06136309 0.03353884 0.37256766 0.21059838 0.08215299 -0.02710782
81 0.23599709 -0.14279818 -0.03375162 0.51198997 0.38633874 0.06257943 0.27677340 0.26217679 0.21378640 0.01445164 0.03391274 -0.17473208 -0.20590709 -0.10704307 -0.39197605 -0.27754485
82 0.21546462 0.25369310 -0.35097552 -0.40315525 -0.34838714 0.41062731 -0.08017876 -0.32566154 -0.07511684 0.20741540 -0.09863050 0.04744375 0.33241143 0.09047824 0.07193078 -0.12854613
83 0.22421991 0.28679280 -0.20629715 -0.41371148 -0.33021986 0.33459571 0.03636065 -0.52108594 -0.10648653 0.12300832 0.07535512 -0.00035564 0.22069314 0.14049450 0.23713307 -0.05551852
84 0.00051700 -0.25718327 0.49358627 0.35708691 0.12728620 -0.29319044 -0.07665211 0.18708946 0.33082595 0.16476301 0.23595769 -0.28813262 -0.27163309 -0.00325884 0.26491472 0.02033570
85 -0.01033813 0.32115610 -0.19853980 -0.41499720 -0.24857440 0.35208841 0.09692956 -0.55912145 -0.19000979 0.31205213 -0.08027839 -0.00551463 0.17469613 0.01507001 -0.04935430 -0.06485811
86 0.05086480 0.43446073 -0.31306629 -0.45975742 -0.08757528 0.39136520 -0.03666661 -0.28989582 -0.29042835 0.05479451 0.12584630 0.10030730 0.03137234 0.28661822 0.08373712 -0.22282962
87 -0.42971081 -0.21873861 0.38366548 0.24239889 0.25824563 -0.17822076 -0.22297517 -0.01108397 0.02645284 -0.36747374 -0.05851113 0.06249419 -0.17520007 -0.29737304 0.36710332 -0.12765181
88 -0.46269849 -0.27509432 0.16908287 0.06449155 0.26072363 -0.19677129 -0.07197341 0.31888860 0.31652239 -0.24677875 0.24938029 -0.21719718 -0.06165877 -0.12728976 0.39582361 0.12956485
89 -0.14765012 -0.15372224 0.24599481 0.43651141 0.06866617 -0.54839522 0.04773753 0.37104088 0.23534180 0.08248827 0.15059946 0.13414956 -0.31755232 -0.17113051 -0.07088893 0.14175314
90 0.06603591 0.34757261 -0.32059268 -0.28054004 -0.26597553 0.54775470 -0.18068311 -0.34806447 -0.10113987 0.08377940 -0.17456821 -0.03855117 0.09690795 0.29851294 0.13088901 0.06273061
91 0.12770645 0.08980328 -0.23534092 -0.34142119 -0.29891105 0.44927196 0.15142109 -0.44909962 -0.29741485 0.07834142 0.04412803 0.15344009 0.33805605 0.02260176 0.22342978 -0.05534457
92 0.05409055 0.61531828 -0.21475169 -0.01966053 -0.22395038 -0.07742286 0.14529669 -0.20002492 -0.03488610 0.10050919 -0.58560601 0.20963250 0.11759474 0.15624183 0.08249560 0.10695211
93 -0.30506567 -0.37993971 0.46481892 0.15382266 0.43364385 -0.23103085 0.11327095 0.44106305 -0.04698994 0.09664191 -0.11440033 0.02446870 0.00522031 0.04561176 -0.16906068 0.13472377
94 -0.05058902 -0.43783452 0.05796999 0.46358977 0.26622200 -0.39486148 0.08752554 0.34325589 0.34066388 0.07448513 -0.02367620 0.09806914 -0.16594296 -0.21149566 -0.16480128 0.06313201
95 -0.29161964 -0.37527951 0.40020660 0.28561316 0.32704988 -0.29450441 -0.05600237 0.37135541 0.21468822 0.02734994 -0.08002980 0.08049863 -0.26174398 -0.26237437 0.02334573 0.00533028
96 -0.08207183 -0.23436444 -0.02458258 0.56237389 0.46951590 -0.45482924 0.00145869 0.20689371 0.17578093 -0.10840685 0.17471272 0.10987006 0.12104359 -0.14226011 0.17407323 0.03014869
97 -0.36022595 -0.34995772 -0.09484738 0.46494465 -0.07130652 -0.15630045 -0.05120066 0.48076597 0.25474823 -0.08111240 -0.28426002 -0.21242139 0.16765944 -0.00115278 0.04594213 0.17804841
98 -0.06976425 -0.24270153 0.42827564 0.38015175 0.24829528 -0.15993774 -0.09186452 0.50277836 0.27085686 -0.04683521 -0.26289860 0.11672028 -0.23043187 0.04700104 -0.12649051 -0.17387835
99 -0.17276047 -0.04643188 -0.29603024 -0.14579344 -0.30764334 0.58074628 0.23485366 -0.13846914 -0.27234624 0.24114590 -0.02609726 -0.33097152 0.08983597 0.07810391 0.09573128 -0.29493293
100 0.09593013 -0.28727187 0.37162650 0.25605076 0.29661367 -0.12849366 0.04200236 0.43564712 -0.33377438 -0.44152311 -0.01605115 0.00354238 -0.06268057 0.03406037 -0.21650202 0.22356400
101 -0.00299504 -0.09263851 0.19144269 0.48575620 0.21607488 -0.34282059 0.06298367 0.23501859 -0.17817049 -0.34488259 -0.01951485 -0.06202576 -0.44694890 -0.18838785 -0.26349790 0.18916542
102 0.08730298 0.00193241 0.51253316 0.05033831 0.08963307 -0.30319895 -0.07633309 0.40192960 0.02742256 -0.34897484 -0.08746592 -0.13203491 -0.30595707 -0.07593478 -0.32714250 0.32526213
103 -0.17373732 -0.32312842 0.35403752 0.27548464 0.40153395 -0.28924088 0.09463317 0.39378731 0.09758836 -0.33298811 0.17829480 0.04396869 -0.10706583 -0.19022809 -0.16327174 -0.16377119
104 0.18180589 0.36876204 -0.29669561 -0.37143274 -0.28916337 0.48656564 -0.10842281 -0.33322036 -0.09968518 0.20580568 0.02747768 -0.01631024 0.25160551 0.03724824 0.11587905 -0.17430675
105 0.20100312 0.16027683 -0.28397691 0.42421116 0.04767551 -0.26495814 0.42055807 -0.18848081 0.18738272 -0.20774537 0.40576021 0.11935488 -0.10597741 -0.06766572 -0.01475136 -0.33949432
106 -0.17971810 -0.25878884 0.31041464 0.25921652 0.29898116 -0.42145229 -0.01500632 0.54229066 0.09291675 -0.05006563 0.08050266 -0.04731565 -0.29967119 -0.09787359 -0.12137665 0.20466871
107 0.12371167 0.36289690 -0.37956448 -0.32806720 -0.15790293 0.43377391 0.09155435 -0.33343595 -0.11280330 -0.02088271 0.03726892 0.20531645 0.34830253 0.26918841 0.11671286 -0.06742173
108 0.24592073 0.11194625 -0.31331275 -0.36840026 -0.19738659 0.26791767 0.07151652 -0.65190567 0.11502434 -0.01520823 -0.22034339 -0.01385425 0.10537933 0.25594443 0.11406187 0.02104589
109 0.32777879 0.07417197 0.35418833 -0.21644953 -0.10011568 -0.34748246 -0.04980185 0.35579740 0.21936768 -0.28895618 -0.22163466 0.39852985 -0.19142038 -0.12710080 0.14979953 0.20029602
110 -0.11061010 -0.11193937 0.19637938 0.04508239 0.18104291 -0.06330305 -0.01776860 0.47473783 -0.03217755 -0.32088722 -0.18390408 0.15044099 -0.41782218 -0.41215079 0.24994112 0.32371399
111 -0.17697330 -0.29998100 0.32179853 0.30497675 0.34303071 -0.28036287 0.09926113 0.52087961 0.13048897 -0.18431657 0.10810531 -0.08335116 -0.25338010 -0.24463026 -0.10182807 0.02522807
112 0.22565337 0.32054679 -0.24278806 -0.43840632 -0.27627321 0.38805694 -0.11483879 -0.36645841 -0.16453417 0.17025572 -0.18744408 0.07062282 0.28299414 -0.01579054 0.09599342 -0.18723847
113 0.18553265 0.42789256 -0.26951568 0.03963302 0.00575631 0.27486751 -0.19299362 -0.00528562 -0.20538174 0.26458556 0.34595707 -0.20346240 0.28419016 0.28796534 0.35471729 0.18064745
114 0.38062148 0.08252020 -0.12960821 -0.43054470 -0.06083752 0.49856864 -0.01923786 -0.38093139 0.11422692 0.23230504 0.26735512 0.23502262 -0.00806349 0.11423111 -0.18394550 0.08787744
115 -0.19525174 -0.04577137 0.30030735 0.31383299 0.48106591 -0.25588193 0.03676664 0.27773566 -0.07832458 -0.38498914 0.03442815 -0.15650518 -0.45430125 -0.07622692 -0.02260091 0.05455025
116 0.01986691 -0.18894521 0.09190978 0.31914519 0.21916761 0.01465681 -0.47436116 0.30641691 -0.37670373 -0.19406564 -0.05287579 -0.23534198 -0.01243029 -0.23259911 0.24261303 0.36820926
117 0.01646046 0.32148411 -0.54506081 -0.09431680 -0.01836168 -0.19183025 -0.09676699 -0.24313212 -0.13955022 0.00351549 0.39277009 0.26646549 0.08067783 -0.31771634 0.29019577 -0.21989091
118 0.06144440 -0.31006111 -0.01649321 -0.00169850 0.48484963 -0.36827456 -0.07447677 0.55108584 0.26555737 -0.04624779 0.09898088 -0.05380250 -0.28612122 0.19785950 0.01164917 -0.11559903
119 0.18620125 0.22451917 -0.49410978 -0.26067502 -0.48597734 0.35606871 -0.02303131 -0.29014164 -0.33015886 -0.01271944 0.07318825 -0.04809430 0.09292858 0.15281833 -0.05883842 -0.05352969
120 0.27690791 0.16099532 -0.14048159 -0.20213438 -0.50766761 0.23986603 0.14749105 -0.00451705 0.02391728 0.35621888 0.29978777 -0.10983766 -0.16404057 -0.01208879 -0.18105500 0.45884169
121 0.28379798 -0.11866480 0.04243512 -0.61991554 -0.24897138 0.33381461 0.11811828 -0.03625769 -0.04391766 0.01571306 0.37617219 -0.07143549 0.35098570 0.22687421 0.07073164 0.04632295
122 0.30840189 0.18964480 -0.00535821 -0.33069854 -0.27332303 0.25577915 -0.13448012 0.08164463 -0.51210956 -0.38864279 -0.23238910 -0.08034747 0.20675565 0.13386419 0.02350726 0.24428211
123 -0.18343601 -0.28408242 0.14326631 0.40477284 0.29250914 -0.47126748 0.16165330 0.27736262 0.24854958 -0.00365574 -0.18441246 -0.15329679 -0.26633534 -0.29435539 0.00762590 0.11674668
124 -0.14554240 0.22885743 -0.11139557 -0.38404572 -0.29524909 0.42727378 -0.35559631 -0.10704808 -0.32045365 0.28877962 0.15816330 -0.08419127 0.23790617 0.13831164 -0.19771731 -0.16090079
125 -0.24035036 -0.28070305 0.30839550 0.25011244 0.24645470 -0.19829709 0.13878093 0.60088700 0.30024254 -0.20616309 0.03650067 0.22118698 -0.13456786 -0.14189097 -0.02179400 0.06136107
126 -0.12243465 -0.32134354 0.19132263 0.37739715 0.29385123 -0.30759159 -0.01070050 0.51512382 0.23641287 0.03462867 0.02050632 0.14300058 -0.23042127 -0.26193864 -0.23151934 -0.05495512
127 0.21874699 0.47351715 0.08834454 -0.56974901 0.06903739 -0.18123891 -0.24784974 0.06954277 -0.03047121 0.31695596 -0.22846465 0.27464253 0.10240810 -0.04012559 -0.03850995 0.22144635
128 0.14260192 0.33898020 -0.42223145 -0.27806931 -0.22299307 0.31701219 0.00894131 -0.46484981 -0.24194667 0.13802157 -0.03500599 0.12550138 0.27873995 0.23310292 0.09829593 -0.08067255
129 -0.11777138 -0.37674448 0.15522200 0.28682405 0.04076143 0.01206765 0.10145671 0.47732168 0.24901337 -0.14890791 -0.02336110 -0.01362405 -0.38749180 -0.37070253 -0.23155458 0.26794526
130 0.02709835 -0.32177168 -0.06233815 0.05058775 0.08622967 0.01140295 0.20797291 0.39537496 0.37971670 -0.31460078 0.29694320 0.23579484 -0.12238150 -0.24553200 -0.38857831 0.26259213
131 0.03150305 0.31587983 -0.33213661 -0.17938168 -0.31657550 0.34646094 -0.12275553 -0.57349275 -0.05618905 0.26410668 0.06306386 0.15568782 0.18257245 0.23513499 0.04010235 0.03409156
132 0.09479462 0.23078062 -0.33819980 -0.33608433 -0.26808292 0.42246072 -0.04391713 -0.49808389 -0.27008799 0.15684446 -0.10642848 0.06761626 0.17286030 0.25714279 -0.01444136 0.02015879
133 -0.07965287 -0.13475851 0.38101990 0.24893320 0.13989748 -0.53049393 -0.10727943 0.40583186 0.28447909 -0.20303385 -0.02215286 -0.13594300 -0.33390433 -0.19011723 -0.03316718 -0.03590393
134 -0.08349421 -0.20312745 0.29602695 0.38233365 0.35399619 -0.41521314 0.04600468 0.43749538 0.02693816 -0.34701203 -0.11694187 -0.01649498 -0.24046809 -0.06618118 -0.10032071 0.13915280
135 0.05429661 0.17241708 -0.36520356 -0.34490198 -0.07802935 0.40397554 -0.05970446 -0.51224162 -0.27546574 0.23515273 0.11947583 0.10075113 -0.00142071 0.31818874 0.05362986 0.14151533
136 0.24738708 0.39039507 -0.22667957 -0.28109487 -0.49304407 0.22247578 -0.18597890 -0.27267699 -0.19074028 0.28846059 -0.06628125 0.09766466 0.11489753 0.30129239 0.12980049 -0.01071830
137 0.31762254 0.12832401 -0.32249898 -0.26722772 -0.31856963 0.44737296 0.09574950 -0.48218292 -0.05290764 0.00769647 -0.04996117 0.15514291 0.24208526 0.10332890 0.22769598 -0.11568766
138 0.26109961 0.19922767 -0.44831836 0.01541359 -0.00884373 0.39491161 -0.27867621 -0.51752346 -0.00274888 0.03050367 0.15555230 -0.12403525 -0.19150160 -0.29230651 -0.14669195 -0.07232052
139 -0.08411852 -0.34936178 -0.12167741 -0.05016388 0.07562308 -0.17744805 -0.35870156 0.13177052 -0.43065322 0.15059230 -0.20426258 -0.00616217 -0.02596496 -0.22062690 -0.37938554 0.47657787
140 0.43789821 0.33892098 -0.01083052 -0.39478264 -0.22036220 -0.25205415 -0.23459838 0.07576452 -0.45773949 -0.17080969 -0.10762168 0.04168014 -0.21493076 -0.15365961 -0.20494114 0.02666855
141 0.01671778 -0.33620994 0.21360225 0.18912470 0.50012465 -0.34983872 0.09006337 0.50475200 0.07317976 -0.22020165 0.03612849 0.09696837 -0.08422775 -0.15350257 -0.17555022 0.20943763
142 0.11034496 0.26205058 -0.22100321 -0.33942597 -0.40102769 0.48447740 -0.05757044 -0.42189701 -0.28250129 0.10769649 0.06955238 0.00229231 0.19188510 0.19387741 0.08712835 0.00030422
143 0.26207820 0.22220510 -0.25564491 -0.35143728 -0.25891718 0.47025661 -0.14796737 -0.38353500 -0.10226006 0.27252855 -0.04118554 0.08993844 0.33294957 0.08049976 0.14160956 0.06325829
144 0.01351043 -0.34998565 0.45960156 0.19981598 0.18824815 -0.33848166 0.16867185 0.51216466 0.17602589 -0.04122305 -0.03502571 0.19390248 -0.18661040 0.03928306 -0.23295316 0.15249349
145 0.05699222 -0.26845125 0.22459833 0.14023494 0.51572563 -0.25653319 -0.03568773 0.38989157 0.38665374 -0.29225776 -0.24217398 -0.13901385 -0.20418372 -0.10623687 -0.05022206 0.03340642
146 -0.14961725 -0.29780046 0.40434632 0.30229028 0.29452029 -0.40087804 -0.17639860 0.33202573 0.20450010 0.03324990 -0.09770261 0.18153875 -0.33748508 -0.17935413 -0.11452741 -0.02535097
147 0.07860507 -0.13775676 -0.05337553 0.29203821 0.04435704 -0.14147501 0.32947657 -0.31958082 0.33792703 0.08192087 0.07746920 -0.40214733 0.25734500 -0.27018267 -0.41901419 -0.22497100
148 0.22649186 0.33941981 -0.33295689 -0.28163306 -0.38071343 0.34531210 -0.06369937 -0.45524808 -0.14992581 -0.09443832 0.11917034 -0.00376952 0.25030176 -0.06106137 0.15437111 0.17889814
149 -0.19920380 -0.43303932 0.45836111 0.02684047 0.12227362 -0.30945771 -0.03059453 0.53847016 0.17543918 -0.05234364 0.11766514 0.03626781 -0.14852375 -0.05212944 0.14768687 0.25516863
150 0.31027599 -0.29803253 -0.12260821 0.37564893 -0.00038763 -0.49087382 -0.19438910 0.12783284 -0.05650701 -0.15384861 0.13641108 -0.08346707 -0.44828029 -0.17049199 -0.25666814 0.12384053
151 0.25664213 0.29129142 -0.12795309 -0.27207807 -0.31578368 0.26100349 -0.13751996 -0.43756060 -0.29694830 0.07854873 -0.25826647 -0.10957612 0.30232191 0.32014491 0.08617983 -0.07935693
152 0.07629423 -0.22473606 0.45437800 0.23351136 0.04500067 -0.67850374 0.16416918 0.31466720 -0.15758461 -0.11295261 -0.17680133 -0.05589035 -0.10796540 0.03033445 -0.07861121 0.05997123
153 0.10119090 0.30317246 -0.27630776 -0.44484705 -0.27690419 0.31907654 0.01016751 -0.50049269 -0.09749387 0.05005379 0.08486497 0.08745067 0.23563278 0.28162478 0.12784873 -0.12841010
154 0.26570941 0.21940676 -0.16871853 -0.30817836 -0.39745832 0.49532484 -0.01650335 -0.49522372 -0.10146920 0.17671719 -0.05668775 -0.11684009 0.16703847 0.07610696 -0.02273988 -0.12798178
155 0.09364677 0.24173994 -0.36452339 -0.02986418 -0.34762972 0.06798211 0.18050948 0.14238550 0.05150159 -0.12748131 0.13417121 0.28610683 0.54807362 0.34973972 0.24591323 -0.13696278
156 0.06692975 -0.37475186 0.39186568 0.42131601 0.30268968 -0.19621948 -0.00044553 0.46235217 0.03783139 -0.20406028 -0.02568377 0.04115344 0.00196583 -0.35471069 -0.04586814 -0.08228125
157 0.07349202 -0.24618301 0.48281225 0.23464649 0.02034869 -0.25954323 0.14850426 0.52770097 0.14271115 -0.15695202 -0.04336617 -0.21247617 -0.26825361 -0.27150807 -0.14901515 -0.13273401
158 -0.06715319 -0.00058999 0.19722188 0.28158387 0.33576765 -0.21239284 -0.01771867 0.47932725 -0.05536770 -0.44274322 0.20714615 0.00441327 -0.35587561 0.05165922 -0.19942249 -0.27979163
159 0.00334107 -0.29371735 0.32113824 0.07251704 0.35297102 -0.40816459 0.17224799 0.42161248 0.19515926 -0.22202893 -0.02434566 0.18710744 -0.32228623 -0.14394974 -0.18328906 0.15983252
160 -0.32294539 -0.03898960 0.16803115 -0.13040831 0.09982958 -0.43770534 -0.21535639 0.23857305 -0.26861314 0.02593761 0.21184854 0.26933873 -0.30753820 -0.31321688 -0.38984985 -0.09582019
161 -0.11566188 -0.37239253 0.25647124 0.43979466 0.17370992 -0.30532121 0.15498116 0.37010158 0.31147393 -0.34050909 -0.03701929 -0.10106661 -0.19262349 -0.16023914 0.01835011 0.12920653
162 -0.13371028 -0.24581367 0.20758495 0.35816560 -0.07003764 -0.49957062 0.17709672 0.26597832 -0.03642690 0.10557821 -0.10567985 -0.28912086 -0.36844627 -0.38167639 -0.07125100 0.00053948
163 -0.09997242 0.08363594 0.30949384 0.45333915 0.30556199 -0.44407040 0.05626866 0.26755982 0.20123540 -0.22014221 -0.31509879 0.06853105 0.14396757 -0.13500531 -0.28884710 -0.03254045
164 0.23059159 0.26046576 -0.27010887 -0.26507921 -0.24143232 0.36306773 0.06363068 -0.52221225 -0.22252280 0.20849207 0.08248669 0.16749410 0.34860750 0.09238119 -0.03289332 -0.09954881
165 -0.02563999 0.20813145 -0.27289240 -0.43265770 -0.28066390 0.37012273 -0.20324231 -0.37550983 -0.37870959 0.20973874 0.02538924 0.02464846 0.20086633 0.25103688 -0.04579930 0.04642184
166 0.41022020 0.22228232 -0.11125617 -0.12398861 -0.09725510 -0.32970449 0.00236072 -0.14931439 -0.05595004 -0.59567680 -0.41410356 -0.08888174 0.07511668 0.15813585 -0.21419631 0.01491240
167 0.24646736 -0.48652601 0.11569111 0.17899083 -0.16521376 0.18185654 0.21179116 0.21470484 0.27245003 -0.30202654 -0.08681346 0.14691577 -0.34284208 -0.01008194 0.15584748 -0.41146378
168 0.34717504 -0.08002094 -0.51725060 -0.17307842 -0.41150120 -0.03478625 -0.02102446 -0.38775537 -0.07404039 0.04259390 -0.19074050 -0.24836208 -0.07200497 0.05256501 0.32748794 -0.18347813
169 -0.01645974 -0.41445411 0.32634935 0.21622043 0.15524421 -0.31503854 -0.01085159 0.53558365 0.27477594 -0.19091233 0.13773470 0.01710769 -0.30784782 -0.13152779 -0.09974104 0.10560811
170 0.15464896 0.14473072 -0.40762899 -0.41817728 -0.29217964 0.39364776 0.06754919 -0.39727479 -0.07726084 0.06435830 -0.02233708 0.00154102 0.36455147 0.14801071 0.11246673 -0.18253540
171 -0.26194100 -0.15967374 0.05671626 0.29976026 0.17191425 -0.29846000 0.05590399 0.41307302 -0.06221806 0.13517504 0.25933450 -0.38003488 -0.37750901 -0.33818080 -0.14955330 -0.08579654
172 0.27226850 0.21552353 0.24376152 -0.46531614 0.23765459 0.25601517 0.16397520 -0.23708531 0.01220371 -0.20167552 0.11399910 -0.06657050 0.28770875 0.17689565 -0.38037572 0.28523050
173 -0.02589463 -0.24304412 0.32965940 0.30823452 0.41402180 -0.43322016 -0.07939449 0.40818381 0.27250352 -0.23251367 0.10872625 0.00475476 -0.11303990 -0.17237464 -0.14535088 0.02795045
174 0.31300486 0.40589549 -0.18792808 -0.38490100 -0.39661176 0.11624678 -0.16489665 -0.30846065 -0.18729640 0.06413921 -0.19322836 0.05628123 0.25994932 0.20412480 0.23488297 -0.12864231
175 -0.05301863 -0.33213717 -0.24440034 -0.27507222 0.18683004 0.20664912 0.22401228 -0.45392312 0.34813344 -0.21016903 -0.14950215 -0.19672595 -0.37848100 -0.13872237 -0.12081088 -0.11888525
176 0.28636611 -0.20979819 -0.01044089 0.14273188 0.26217838 -0.44555998 -0.01777621 0.41829602 -0.03436828 -0.37986203 0.29220039 0.38265946 -0.13741124 -0.02081797 -0.11543635 0.03197736
177 -0.12064205 -0.19169118 0.07684687 0.41402900 0.06124078 -0.56329013 0.19508914 0.21322341 -0.05423364 0.01166017 0.18532532 -0.03830839 -0.47103686 -0.20382240 -0.24030902 0.08213626
178 -0.03450926 -0.19070935 0.07693976 0.36046477 0.21386443 -0.35877666 -0.20817388 0.31974492 0.31910651 -0.43671805 0.01287709 -0.01968966 -0.29327014 -0.19546172 0.00589919 -0.29866376
179 -0.00669111 -0.02752109 -0.49982517 -0.10167414 -0.26731327 0.46620396 0.15956914 -0.23990221 0.05055112 0.32756225 -0.08836633 0.15143578 0.24006255 0.37999188 0.09634553 -0.12376153
180 -0.09694872 -0.36884388 0.15391657 0.25981956 0.28193358 -0.36206112 0.34922784 0.38211656 0.30083480 -0.00154323 0.27606425 -0.11728307 -0.13647370 -0.21564502 0.05481081 0.19028362
181 -0.20476281 0.51061738 -0.46337936 0.10599329 0.00630004 0.01045724 0.10068472 0.08626950 -0.42721901 0.03888249 0.05396260 0.05073941 0.36352062 -0.24091687 0.23713563 0.13312518
182 0.19071804 0.23286319 -0.49035129 -0.04048160 -0.08395570 0.31893307 -0.11649611 -0.40285225 -0.35383013 -0.05509041 -0.14949252 -0.04136800 -0.08605854 0.33215837 -0.11155316 -0.31657648
183 0.31541644 0.34771549 -0.19864657 -0.34937569 -0.45160911 0.33468555 0.14071356 -0.24639629 0.03335933 0.26803296 0.18760234 -0.08432416 0.24506166 0.03499176 -0.19121220 -0.09221971
184 -0.27860855 -0.07270822 0.20716687 0.21648840 0.26197245 0.33076953 -0.27127426 0.25591243 0.11058183 0.59932589 0.18799819 0.03567191 0.26123235 -0.15394009 -0.08875142 0.04831293
185 -0.32480382 -0.15851552 0.48268016 0.43782367 0.26032892 -0.10498370 0.14031030 0.25423652 0.10482940 0.04396884 0.21725483 -0.12473376 -0.25295361 0.02333813 -0.30147378 0.22470519
186 -0.29529033 0.21448810 -0.12213496 0.55649902 -0.04030152 -0.08936921 -0.02393388 0.42589416 0.02473168 -0.24080266 -0.16875459 -0.14966518 -0.28843207 -0.34697013 -0.19059394 -0.03518369
187 0.15614457 0.52989158 0.28989489 -0.13967760 -0.21927116 0.08894514 -0.29681383 -0.25430626 0.24790315 0.01628706 0.25563530 -0.33881660 -0.29598175 0.17766661 -0.09201332 -0.11410214
188 0.25507958 -0.48942304 -0.13303521 0.00846745 0.22541852 -0.14574357 0.34160856 0.03623767 0.03638599 0.01209093 0.19041093 -0.49247792 -0.00937988 -0.43093882 0.13583201 -0.05529574
189 -0.23403291 -0.32477234 0.12178798 0.38326926 0.26956040 -0.33015138 0.01009155 0.30405719 0.02902731 -0.34334074 -0.02029408 0.08152742 -0.44917396 -0.18105343 -0.20746781 0.02107198
190 -0.03582561 -0.10728018 0.19534743 0.10386601 0.14134402 -0.47148232 -0.14088337 0.55740131 -0.04822957 -0.24910734 0.07066457 -0.05325142 -0.38306169 -0.14793031 -0.26241453 0.23611413
191 -0.12891396 -0.19145579 -0.03001159 0.29713796 0.05492370 -0.43840791 -0.11009373 0.60299731 0.17704711 -0.31470482 0.09336368 0.12935921 0.16573936 -0.17830351 -0.10353434 0.24652241
192 0.25159195 0.16352258 -0.34837940 -0.20386085 -0.32976484 0.45737473 0.00781061 -0.50987115 -0.02830178 0.09387146 0.04988311 0.14094129 0.28480007 0.08767994 0.10444302 -0.19337917
193 0.34679744 0.12199886 -0.13049448 -0.18225402 -0.11412178 0.27698973 -0.15801315 -0.16710115 -0.29562024 0.43405727 -0.00362236 0.22793471 0.19774802 0.41763895 0.28928143 -0.21677114
194 0.15481868 0.16778300 -0.37317594 -0.37946439 -0.34507645 0.47836175 0.05594275 -0.35546082 -0.21543563 0.09762526 -0.00688833 -0.04927413 0.23209970 0.19198879 0.18787634 0.05282761
195 0.20446814 0.09546231 -0.45802400 -0.31893545 -0.34256020 0.27494922 -0.13953044 -0.50047693 -0.15187517 -0.12928495 -0.12186772 -0.14547683 0.17510960 0.17006831 -0.18501876 0.07119689
196 0.17124754 0.24136087 -0.30986209 -0.25124377 -0.23335948 0.27214285 0.07385895 -0.57738642 -0.23598868 0.16454268 0.07406040 -0.05320605 0.35003813 0.11324643 0.20421601 -0.13340263
197 0.37820511 -0.24367408 -0.12574269 0.15020699 -0.09657145 -0.30186034 0.31960920 0.19431400 0.26730858 0.14034229 0.39991038 -0.14602227 -0.34832204 -0.31539254 -0.05012724 -0.15212729
198 0.14872932 -0.03727132 -0.10507379 -0.08648784 0.54537130 -0.19289211 -0.16403567 0.32552996 0.43871757 0.06506018 -0.14283561 0.35273682 -0.13710987 0.00190687 -0.32679775 -0.15272323
199 0.21043624 0.28851266 -0.50503421 -0.26829096 -0.31508418 0.35359326 -0.17922864 -0.32608811 -0.04794005 0.23015129 -0.05766479 -0.02188990 0.13658342 0.20946294 0.24586478 0.02496688
