0 1.927136e-01 8.753949e-02 -7.902120e-01 -9.225951e-01 -2.059117e-01 -7.346563e-01 1.140988e-02 -1.529746e-01 2.385556e-01 -1.975794e-01 5.224772e-01 1.003863e-01 -5.647962e-01 5.655827e-02 -8.181643e-01 4.933626e-02 5.398094e-01 7.997439e-01 -9.493007e-01 -7.327437e-01 -7.036860e-01 5.331187e-01 -4.296410e-01 -7.659871e-02 1.429111e-01 -8.035992e-01 -1.324099e-01 -9.337159e-01 -4.432533e-01 -6.763345e-01 3.745575e-02 7.595592e-01
90 1.927128e-01 8.754046e-02 -7.902110e-01 -9.225953e-01 -2.059124e-01 -7.346563e-01 1.141017e-02 -1.529752e-01 2.385557e-01 -1.975797e-01 5.224775e-01 1.003846e-01 -5.647960e-01 5.655844e-02 -8.181644e-01 4.933548e-02 5.398103e-01 7.997453e-01 -9.493016e-01 -7.327446e-01 -7.036864e-01 5.331178e-01 -4.296426e-01 -7.659897e-02 1.429108e-01 -8.035989e-01 -1.324094e-01 -9.337154e-01 -4.432544e-01 -6.763360e-01 3.745622e-02 7.595593e-01
17 1.927053e-01 8.763999e-02 -7.902315e-01 -9.226390e-01 -2.059763e-01 -7.345990e-01 1.136290e-02 -1.530364e-01 2.385750e-01 -1.975459e-01 5.224307e-01 1.003188e-01 -5.646893e-01 5.659985e-02 -8.180435e-01 4.937986e-02 5.397130e-01 7.996147e-01 -9.491680e-01 -7.327716e-01 -7.037449e-01 5.331567e-01 -4.297753e-01 -7.676304e-02 1.428303e-01 -8.036242e-01 -1.323848e-01 -9.337767e-01 -4.431568e-01 -6.763952e-01 3.754043e-02 7.596475e-01
63 1.927053e-01 8.763999e-02 -7.902315e-01 -9.226390e-01 -2.059763e-01 -7.345990e-01 1.136291e-02 -1.530364e-01 2.385750e-01 -1.975459e-01 5.224307e-01 1.003188e-01 -5.646893e-01 5.659985e-02 -8.180435e-01 4.937986e-02 5.397130e-01 7.996147e-01 -9.491680e-01 -7.327716e-01 -7.037449e-01 5.331567e-01 -4.297753e-01 -7.676304e-02 1.428303e-01 -8.036242e-01 -1.323848e-01 -9.337767e-01 -4.431568e-01 -6.763952e-01 3.754042e-02 7.596475e-01
98 1.927053e-01 8.763999e-02 -7.902315e-01 -9.226390e-01 -2.059763e-01 -7.345990e-01 1.136291e-02 -1.530364e-01 2.385750e-01 -1.975459e-01 5.224307e-01 1.003188e-01 -5.646893e-01 5.659986e-02 -8.180435e-01 4.937985e-02 5.397130e-01 7.996147e-01 -9.491680e-01 -7.327716e-01 -7.037449e-01 5.331567e-01 -4.297753e-01 -7.676302e-02 1.428303e-01 -8.036242e-01 -1.323848e-01 -9.337767e-01 -4.431568e-01 -6.763952e-01 3.754044e-02 7.596475e-01
20 1.927039e-01 8.763976e-02 -7.902321e-01 -9.226378e-01 -2.059755e-01 -7.346000e-01 1.136279e-02 -1.530366e-01 2.385733e-01 -1.975463e-01 5.224315e-01 1.003191e-01 -5.646904e-01 5.659963e-02 -8.180437e-01 4.937877e-02 5.397137e-01 7.996144e-01 -9.491696e-01 -7.327725e-01 -7.037451e-01 5.331585e-01 -4.297744e-01 -7.676335e-02 1.428304e-01 -8.036249e-01 -1.323838e-01 -9.337777e-01 -4.431564e-01 -6.763942e-01 3.753959e-02 7.596464e-01
56 1.927039e-01 8.763975e-02 -7.902321e-01 -9.226378e-01 -2.059755e-01 -7.346000e-01 1.136278e-02 -1.530366e-01 2.385733e-01 -1.975464e-01 5.224315e-01 1.003191e-01 -5.646904e-01 5.659963e-02 -8.180437e-01 4.937877e-02 5.397137e-01 7.996144e-01 -9.491696e-01 -7.327725e-01 -7.037451e-01 5.331585e-01 -4.297744e-01 -7.676334e-02 1.428304e-01 -8.036249e-01 -1.323838e-01 -9.337777e-01 -4.431564e-01 -6.763942e-01 3.753958e-02 7.596464e-01
97 1.927039e-01 8.763975e-02 -7.902320e-01 -9.226378e-01 -2.059755e-01 -7.346000e-01 1.136278e-02 -1.530366e-01 2.385733e-01 -1.975464e-01 5.224315e-01 1.003191e-01 -5.646904e-01 5.659963e-02 -8.180437e-01 4.937877e-02 5.397137e-01 7.996144e-01 -9.491696e-01 -7.327725e-01 -7.037451e-01 5.331585e-01 -4.297744e-01 -7.676335e-02 1.428304e-01 -8.036249e-01 -1.323838e-01 -9.337777e-01 -4.431564e-01 -6.763942e-01 3.753958e-02 7.596464e-01
26 1.928409e-01 8.767622e-02 -7.902006e-01 -9.225815e-01 -2.058346e-01 -7.346430e-01 1.147022e-02 -1.529984e-01 2.386046e-01 -1.975377e-01 5.224249e-01 1.004207e-01 -5.648267e-01 5.669460e-02 -8.181630e-01 4.943875e-02 5.397767e-01 7.996844e-01 -9.491691e-01 -7.327840e-01 -7.038138e-01 5.330750e-01 -4.296441e-01 -7.667387e-02 1.428563e-01 -8.036031e-01 -1.324113e-01 -9.337643e-01 -4.432899e-01 -6.763186e-01 3.752127e-02 7.596520e-01
31 1.928407e-01 8.767616e-02 -7.902016e-01 -9.225810e-01 -2.058348e-01 -7.346435e-01 1.146873e-02 -1.529989e-01 2.386034e-01 -1.975375e-01 5.224267e-01 1.004209e-01 -5.648276e-01 5.669507e-02 -8.181637e-01 4.944026e-02 5.397767e-01 7.996841e-01 -9.491694e-01 -7.327850e-01 -7.038133e-01 5.330738e-01 -4.296439e-01 -7.667258e-02 1.428548e-01 -8.036044e-01 -1.324110e-01 -9.337654e-01 -4.432894e-01 -6.763183e-01 3.752006e-02 7.596522e-01
43 1.928409e-01 8.767593e-02 -7.902009e-01 -9.225810e-01 -2.058335e-01 -7.346424e-01 1.147030e-02 -1.529989e-01 2.386047e-01 -1.975362e-01 5.224249e-01 1.004192e-01 -5.648278e-01 5.669464e-02 -8.181638e-01 4.944005e-02 5.397759e-01 7.996857e-01 -9.491705e-01 -7.327853e-01 -7.038149e-01 5.330748e-01 -4.296449e-01 -7.667361e-02 1.428566e-01 -8.036031e-01 -1.324111e-01 -9.337651e-01 -4.432899e-01 -6.763176e-01 3.752052e-02 7.596520e-01
45 1.928414e-01 8.767504e-02 -7.902010e-01 -9.225812e-01 -2.058353e-01 -7.346429e-01 1.147008e-02 -1.529973e-01 2.386035e-01 -1.975362e-01 5.224249e-01 1.004199e-01 -5.648262e-01 5.669452e-02 -8.181634e-01 4.943885e-02 5.397754e-01 7.996850e-01 -9.491700e-01 -7.327854e-01 -7.038146e-01 5.330743e-01 -4.296440e-01 -7.667354e-02 1.428554e-01 -8.036044e-01 -1.324108e-01 -9.337648e-01 -4.432904e-01 -6.763188e-01 3.752064e-02 7.596519e-01
78 1.928413e-01 8.767504e-02 -7.902014e-01 -9.225811e-01 -2.058338e-01 -7.346435e-01 1.146985e-02 -1.529990e-01 2.386049e-01 -1.975364e-01 5.224258e-01 1.004209e-01 -5.648266e-01 5.669585e-02 -8.181635e-01 4.943997e-02 5.397760e-01 7.996853e-01 -9.491710e-01 -7.327845e-01 -7.038148e-01 5.330742e-01 -4.296431e-01 -7.667295e-02 1.428561e-01 -8.036030e-01 -1.324119e-01 -9.337647e-01 -4.432903e-01 -6.763178e-01 3.752069e-02 7.596520e-01
67 1.927239e-01 8.752867e-02 -7.902827e-01 -9.225803e-01 -2.059657e-01 -7.347088e-01 1.155971e-02 -1.529947e-01 2.385790e-01 -1.975165e-01 5.224403e-01 1.003995e-01 -5.647794e-01 5.664886e-02 -8.181035e-01 4.943608e-02 5.397251e-01 7.996687e-01 -9.492787e-01 -7.328485e-01 -7.036631e-01 5.330280e-01 -4.298174e-01 -7.666437e-02 1.427906e-01 -8.037123e-01 -1.323925e-01 -9.338186e-01 -4.432856e-01 -6.764406e-01 3.735888e-02 7.595393e-01
85 1.927240e-01 8.752861e-02 -7.902818e-01 -9.225812e-01 -2.059655e-01 -7.347083e-01 1.155947e-02 -1.529945e-01 2.385787e-01 -1.975148e-01 5.224414e-01 1.003999e-01 -5.647792e-01 5.664855e-02 -8.181048e-01 4.943610e-02 5.397258e-01 7.996674e-01 -9.492775e-01 -7.328473e-01 -7.036623e-01 5.330285e-01 -4.298170e-01 -7.666434e-02 1.427907e-01 -8.037117e-01 -1.323932e-01 -9.338187e-01 -4.432840e-01 -6.764410e-01 3.735853e-02 7.595389e-01
95 1.927236e-01 8.752911e-02 -7.902831e-01 -9.225794e-01 -2.059665e-01 -7.347078e-01 1.155954e-02 -1.529958e-01 2.385789e-01 -1.975156e-01 5.224405e-01 1.004003e-01 -5.647803e-01 5.664835e-02 -8.181044e-01 4.943574e-02 5.397263e-01 7.996670e-01 -9.492786e-01 -7.328480e-01 -7.036621e-01 5.330278e-01 -4.298176e-01 -7.666402e-02 1.427906e-01 -8.037110e-01 -1.323930e-01 -9.338192e-01 -4.432857e-01 -6.764411e-01 3.735965e-02 7.595389e-01
1 1.822085e-01 9.107749e-02 -8.078130e-01 -9.120093e-01 -2.083413e-01 -7.277555e-01 1.608050e-02 -1.518586e-01 2.290256e-01 -2.002899e-01 5.216562e-01 1.088979e-01 -5.694558e-01 5.896876e-02 -8.276872e-01 4.422780e-02 5.266801e-01 7.956794e-01 -9.502187e-01 -7.143973e-01 -6.985370e-01 5.383011e-01 -4.325510e-01 -9.075387e-02 1.601872e-01 -8.106696e-01 -1.363657e-01 -9.404364e-01 -4.273742e-01 -6.776009e-01 3.497017e-02 7.449353e-01
10 1.822085e-01 9.107749e-02 -8.078130e-01 -9.120093e-01 -2.083413e-01 -7.277555e-01 1.608050e-02 -1.518586e-01 2.290256e-01 -2.002899e-01 5.216562e-01 1.088979e-01 -5.694558e-01 5.896876e-02 -8.276872e-01 4.422780e-02 5.266801e-01 7.956794e-01 -9.502187e-01 -7.143973e-01 -6.985370e-01 5.383011e-01 -4.325510e-01 -9.075387e-02 1.601872e-01 -8.106696e-01 -1.363657e-01 -9.404364e-01 -4.273742e-01 -6.776009e-01 3.497017e-02 7.449353e-01
70 1.822085e-01 9.107748e-02 -8.078130e-01 -9.120093e-01 -2.083413e-01 -7.277556e-01 1.608048e-02 -1.518586e-01 2.290256e-01 -2.002899e-01 5.216562e-01 1.088979e-01 -5.694558e-01 5.896876e-02 -8.276872e-01 4.422779e-02 5.266801e-01 7.956794e-01 -9.502187e-01 -7.143973e-01 -6.985370e-01 5.383011e-01 -4.325510e-01 -9.075386e-02 1.601871e-01 -8.106696e-01 -1.363656e-01 -9.404363e-01 -4.273742e-01 -6.776009e-01 3.497016e-02 7.449353e-01
93 1.822085e-01 9.107748e-02 -8.078130e-01 -9.120093e-01 -2.083413e-01 -7.277556e-01 1.608048e-02 -1.518586e-01 2.290256e-01 -2.002899e-01 5.216562e-01 1.088979e-01 -5.694558e-01 5.896876e-02 -8.276872e-01 4.422779e-02 5.266801e-01 7.956794e-01 -9.502187e-01 -7.143973e-01 -6.985370e-01 5.383011e-01 -4.325510e-01 -9.075386e-02 1.601871e-01 -8.106696e-01 -1.363656e-01 -9.404363e-01 -4.273742e-01 -6.776009e-01 3.497016e-02 7.449353e-01
27 1.822078e-01 9.107777e-02 -8.078123e-01 -9.120097e-01 -2.083409e-01 -7.277551e-01 1.607926e-02 -1.518589e-01 2.290254e-01 -2.002909e-01 5.216558e-01 1.088984e-01 -5.694566e-01 5.896892e-02 -8.276886e-01 4.422668e-02 5.266804e-01 7.956802e-01 -9.502194e-01 -7.143985e-01 -6.985364e-01 5.383007e-01 -4.325494e-01 -9.075432e-02 1.601863e-01 -8.106686e-01 -1.363641e-01 -9.404348e-01 -4.273731e-01 -6.776021e-01 3.497031e-02 7.449336e-01
38 1.822078e-01 9.107777e-02 -8.078123e-01 -9.120097e-01 -2.083409e-01 -7.277551e-01 1.607927e-02 -1.518590e-01 2.290254e-01 -2.002909e-01 5.216558e-01 1.088984e-01 -5.694566e-01 5.896892e-02 -8.276886e-01 4.422669e-02 5.266804e-01 7.956801e-01 -9.502194e-01 -7.143985e-01 -6.985364e-01 5.383007e-01 -4.325494e-01 -9.075432e-02 1.601863e-01 -8.106687e-01 -1.363641e-01 -9.404348e-01 -4.273731e-01 -6.776021e-01 3.497031e-02 7.449336e-01
3 1.823221e-01 9.105298e-02 -8.078122e-01 -9.121741e-01 -2.085208e-01 -7.277408e-01 1.609676e-02 -1.517478e-01 2.290440e-01 -2.001271e-01 5.216174e-01 1.089067e-01 -5.694841e-01 5.891481e-02 -8.276481e-01 4.416990e-02 5.268174e-01 7.957567e-01 -9.501424e-01 -7.144708e-01 -6.985733e-01 5.381943e-01 -4.325166e-01 -9.069102e-02 1.601741e-01 -8.106720e-01 -1.362577e-01 -9.403742e-01 -4.273720e-01 -6.776201e-01 3.498776e-02 7.448490e-01
94 1.823221e-01 9.105297e-02 -8.078122e-01 -9.121741e-01 -2.085208e-01 -7.277408e-01 1.609675e-02 -1.517478e-01 2.290441e-01 -2.001271e-01 5.216174e-01 1.089067e-01 -5.694841e-01 5.891480e-02 -8.276481e-01 4.416989e-02 5.268174e-01 7.957566e-01 -9.501424e-01 -7.144708e-01 -6.985733e-01 5.381943e-01 -4.325166e-01 -9.069102e-02 1.601741e-01 -8.106720e-01 -1.362577e-01 -9.403742e-01 -4.273720e-01 -6.776201e-01 3.498776e-02 7.448491e-01
15 1.823218e-01 9.105326e-02 -8.078119e-01 -9.121740e-01 -2.085212e-01 -7.277405e-01 1.609770e-02 -1.517479e-01 2.290439e-01 -2.001274e-01 5.216170e-01 1.089063e-01 -5.694853e-01 5.891378e-02 -8.276486e-01 4.416955e-02 5.268174e-01 7.957556e-01 -9.501421e-01 -7.144698e-01 -6.985735e-01 5.381950e-01 -4.325159e-01 -9.069145e-02 1.601741e-01 -8.106715e-01 -1.362575e-01 -9.403743e-01 -4.273719e-01 -6.776189e-01 3.498677e-02 7.448490e-01
68 1.823218e-01 9.105328e-02 -8.078119e-01 -9.121740e-01 -2.085212e-01 -7.277405e-01 1.609769e-02 -1.517479e-01 2.290438e-01 -2.001273e-01 5.216170e-01 1.089063e-01 -5.694853e-01 5.891377e-02 -8.276486e-01 4.416956e-02 5.268173e-01 7.957556e-01 -9.501421e-01 -7.144698e-01 -6.985735e-01 5.381950e-01 -4.325159e-01 -9.069146e-02 1.601741e-01 -8.106715e-01 -1.362575e-01 -9.403743e-01 -4.273719e-01 -6.776188e-01 3.498678e-02 7.448490e-01
7 1.822958e-01 9.111204e-02 -8.079385e-01 -9.121404e-01 -2.084307e-01 -7.278237e-01 1.605548e-02 -1.517826e-01 2.289119e-01 -2.002105e-01 5.216791e-01 1.089614e-01 -5.693653e-01 5.883307e-02 -8.276225e-01 4.428959e-02 5.267082e-01 7.956761e-01 -9.502188e-01 -7.143880e-01 -6.984307e-01 5.383067e-01 -4.325565e-01 -9.066873e-02 1.601896e-01 -8.107484e-01 -1.363625e-01 -9.404457e-01 -4.273969e-01 -6.777132e-01 3.503390e-02 7.449979e-01
37 1.822963e-01 9.111122e-02 -8.079384e-01 -9.121408e-01 -2.084293e-01 -7.278228e-01 1.605594e-02 -1.517817e-01 2.289105e-01 -2.002105e-01 5.216780e-01 1.089616e-01 -5.693648e-01 5.883306e-02 -8.276220e-01 4.428860e-02 5.267077e-01 7.956753e-01 -9.502204e-01 -7.143886e-01 -6.984316e-01 5.383058e-01 -4.325559e-01 -9.066782e-02 1.601895e-01 -8.107490e-01 -1.363632e-01 -9.404464e-01 -4.273983e-01 -6.777126e-01 3.503402e-02 7.449990e-01
44 1.822961e-01 9.111148e-02 -8.079377e-01 -9.121417e-01 -2.084302e-01 -7.278237e-01 1.605590e-02 -1.517820e-01 2.289115e-01 -2.002097e-01 5.216779e-01 1.089612e-01 -5.693660e-01 5.883342e-02 -8.276214e-01 4.428899e-02 5.267072e-01 7.956763e-01 -9.502186e-01 -7.143880e-01 -6.984315e-01 5.383062e-01 -4.325563e-01 -9.066790e-02 1.601893e-01 -8.107501e-01 -1.363639e-01 -9.404460e-01 -4.273968e-01 -6.777132e-01 3.503354e-02 7.449984e-01
65 1.822957e-01 9.111167e-02 -8.079372e-01 -9.121409e-01 -2.084289e-01 -7.278232e-01 1.605634e-02 -1.517816e-01 2.289108e-01 -2.002093e-01 5.216779e-01 1.089613e-01 -5.693652e-01 5.883404e-02 -8.276229e-01 4.428918e-02 5.267088e-01 7.956746e-01 -9.502198e-01 -7.143883e-01 -6.984308e-01 5.383065e-01 -4.325568e-01 -9.066937e-02 1.601905e-01 -8.107493e-01 -1.363630e-01 -9.404452e-01 -4.273986e-01 -6.777127e-01 3.503362e-02 7.449981e-01
8 1.822892e-01 9.104956e-02 -8.077638e-01 -9.120633e-01 -2.084346e-01 -7.276655e-01 1.605494e-02 -1.517716e-01 2.290828e-01 -2.002887e-01 5.215523e-01 1.089648e-01 -5.694892e-01 5.888322e-02 -8.277325e-01 4.412931e-02 5.267464e-01 7.957742e-01 -9.502271e-01 -7.144865e-01 -6.985210e-01 5.382712e-01 -4.324609e-01 -9.075599e-02 1.601199e-01 -8.108156e-01 -1.364042e-01 -9.404710e-01 -4.274259e-01 -6.776016e-01 3.499139e-02 7.449624e-01
53 1.822892e-01 9.104956e-02 -8.077638e-01 -9.120633e-01 -2.084346e-01 -7.276655e-01 1.605493e-02 -1.517716e-01 2.290828e-01 -2.002887e-01 5.215523e-01 1.089648e-01 -5.694893e-01 5.888321e-02 -8.277325e-01 4.412930e-02 5.267464e-01 7.957742e-01 -9.502271e-01 -7.144865e-01 -6.985210e-01 5.382712e-01 -4.324609e-01 -9.075600e-02 1.601199e-01 -8.108156e-01 -1.364042e-01 -9.404710e-01 -4.274259e-01 -6.776016e-01 3.499140e-02 7.449624e-01
69 1.822892e-01 9.104956e-02 -8.077638e-01 -9.120633e-01 -2.084346e-01 -7.276655e-01 1.605494e-02 -1.517716e-01 2.290829e-01 -2.002887e-01 5.215523e-01 1.089648e-01 -5.694893e-01 5.888321e-02 -8.277325e-01 4.412930e-02 5.267464e-01 7.957742e-01 -9.502271e-01 -7.144865e-01 -6.985209e-01 5.382712e-01 -4.324609e-01 -9.075600e-02 1.601199e-01 -8.108156e-01 -1.364042e-01 -9.404710e-01 -4.274259e-01 -6.776016e-01 3.499138e-02 7.449623e-01
33 1.822889e-01 9.104892e-02 -8.077638e-01 -9.120622e-01 -2.084341e-01 -7.276661e-01 1.605389e-02 -1.517712e-01 2.290820e-01 -2.002881e-01 5.215517e-01 1.089639e-01 -5.694892e-01 5.888441e-02 -8.277328e-01 4.413097e-02 5.267454e-01 7.957746e-01 -9.502272e-01 -7.144859e-01 -6.985206e-01 5.382715e-01 -4.324607e-01 -9.075530e-02 1.601209e-01 -8.108154e-01 -1.364051e-01 -9.404698e-01 -4.274264e-01 -6.776014e-01 3.499136e-02 7.449636e-01
35 1.822889e-01 9.104893e-02 -8.077638e-01 -9.120622e-01 -2.084341e-01 -7.276661e-01 1.605387e-02 -1.517712e-01 2.290820e-01 -2.002881e-01 5.215517e-01 1.089639e-01 -5.694892e-01 5.888441e-02 -8.277328e-01 4.413096e-02 5.267453e-01 7.957746e-01 -9.502272e-01 -7.144859e-01 -6.985206e-01 5.382715e-01 -4.324607e-01 -9.075531e-02 1.601209e-01 -8.108154e-01 -1.364051e-01 -9.404697e-01 -4.274264e-01 -6.776014e-01 3.499136e-02 7.449636e-01
47 1.822889e-01 9.104892e-02 -8.077638e-01 -9.120622e-01 -2.084341e-01 -7.276661e-01 1.605387e-02 -1.517712e-01 2.290820e-01 -2.002881e-01 5.215517e-01 1.089639e-01 -5.694892e-01 5.888442e-02 -8.277328e-01 4.413097e-02 5.267453e-01 7.957746e-01 -9.502272e-01 -7.144859e-01 -6.985206e-01 5.382715e-01 -4.324607e-01 -9.075530e-02 1.601209e-01 -8.108154e-01 -1.364051e-01 -9.404697e-01 -4.274263e-01 -6.776014e-01 3.499134e-02 7.449636e-01
61 1.822889e-01 9.104894e-02 -8.077638e-01 -9.120622e-01 -2.084341e-01 -7.276661e-01 1.605388e-02 -1.517712e-01 2.290820e-01 -2.002881e-01 5.215517e-01 1.089639e-01 -5.694892e-01 5.888441e-02 -8.277328e-01 4.413096e-02 5.267454e-01 7.957746e-01 -9.502272e-01 -7.144859e-01 -6.985206e-01 5.382715e-01 -4.324607e-01 -9.075531e-02 1.601209e-01 -8.108154e-01 -1.364051e-01 -9.404697e-01 -4.274263e-01 -6.776014e-01 3.499135e-02 7.449636e-01
2 1.896510e-01 8.792663e-02 -8.063374e-01 -9.207282e-01 -2.175587e-01 -7.288655e-01 1.514547e-02 -1.442188e-01 2.260515e-01 -1.951863e-01 5.221212e-01 1.091781e-01 -5.723969e-01 7.172894e-02 -8.095273e-01 3.960477e-02 5.374221e-01 8.003450e-01 -9.542728e-01 -7.310383e-01 -6.937907e-01 5.430852e-01 -4.282910e-01 -9.044850e-02 1.480119e-01 -8.163984e-01 -1.477962e-01 -9.230398e-01 -4.430757e-01 -6.757673e-01 3.637854e-02 7.566743e-01
41 1.896510e-01 8.792664e-02 -8.063374e-01 -9.207282e-01 -2.175587e-01 -7.288655e-01 1.514547e-02 -1.442187e-01 2.260515e-01 -1.951863e-01 5.221212e-01 1.091781e-01 -5.723969e-01 7.172895e-02 -8.095273e-01 3.960477e-02 5.374221e-01 8.003450e-01 -9.542728e-01 -7.310383e-01 -6.937907e-01 5.430852e-01 -4.282910e-01 -9.044852e-02 1.480119e-01 -8.163984e-01 -1.477962e-01 -9.230398e-01 -4.430757e-01 -6.757673e-01 3.637855e-02 7.566743e-01
58 1.896510e-01 8.792662e-02 -8.063374e-01 -9.207282e-01 -2.175587e-01 -7.288655e-01 1.514547e-02 -1.442187e-01 2.260515e-01 -1.951863e-01 5.221212e-01 1.091781e-01 -5.723969e-01 7.172895e-02 -8.095273e-01 3.960476e-02 5.374221e-01 8.003450e-01 -9.542728e-01 -7.310383e-01 -6.937907e-01 5.430852e-01 -4.282910e-01 -9.044851e-02 1.480119e-01 -8.163984e-01 -1.477962e-01 -9.230398e-01 -4.430757e-01 -6.757673e-01 3.637854e-02 7.566743e-01
25 1.896511e-01 8.792614e-02 -8.063369e-01 -9.207275e-01 -2.175599e-01 -7.288659e-01 1.514450e-02 -1.442203e-01 2.260515e-01 -1.951860e-01 5.221217e-01 1.091785e-01 -5.723982e-01 7.172897e-02 -8.095273e-01 3.960565e-02 5.374216e-01 8.003460e-01 -9.542726e-01 -7.310379e-01 -6.937903e-01 5.430849e-01 -4.282909e-01 -9.044851e-02 1.480125e-01 -8.163987e-01 -1.477968e-01 -9.230405e-01 -4.430755e-01 -6.757678e-01 3.637702e-02 7.566746e-01
71 1.896511e-01 8.792616e-02 -8.063369e-01 -9.207275e-01 -2.175599e-01 -7.288659e-01 1.514450e-02 -1.442203e-01 2.260515e-01 -1.951860e-01 5.221217e-01 1.091785e-01 -5.723982e-01 7.172896e-02 -8.095273e-01 3.960565e-02 5.374216e-01 8.003460e-01 -9.542726e-01 -7.310379e-01 -6.937903e-01 5.430849e-01 -4.282909e-01 -9.044851e-02 1.480125e-01 -8.163987e-01 -1.477969e-01 -9.230405e-01 -4.430755e-01 -6.757678e-01 3.637702e-02 7.566746e-01
79 1.896512e-01 8.792615e-02 -8.063368e-01 -9.207275e-01 -2.175598e-01 -7.288659e-01 1.514449e-02 -1.442203e-01 2.260515e-01 -1.951860e-01 5.221217e-01 1.091785e-01 -5.723982e-01 7.172897e-02 -8.095273e-01 3.960565e-02 5.374217e-01 8.003460e-01 -9.542726e-01 -7.310379e-01 -6.937903e-01 5.430849e-01 -4.282909e-01 -9.044851e-02 1.480125e-01 -8.163987e-01 -1.477968e-01 -9.230405e-01 -4.430755e-01 -6.757678e-01 3.637702e-02 7.566746e-01
11 1.897489e-01 8.790636e-02 -8.064513e-01 -9.206932e-01 -2.173777e-01 -7.288586e-01 1.529520e-02 -1.441077e-01 2.258813e-01 -1.949964e-01 5.220540e-01 1.092932e-01 -5.724468e-01 7.175015e-02 -8.094565e-01 3.965471e-02 5.375207e-01 8.001807e-01 -9.543751e-01 -7.310218e-01 -6.938732e-01 5.431774e-01 -4.282625e-01 -9.059830e-02 1.479690e-01 -8.164657e-01 -1.477697e-01 -9.231513e-01 -4.430521e-01 -6.759159e-01 3.647946e-02 7.567978e-01
30 1.897498e-01 8.790754e-02 -8.064503e-01 -9.206922e-01 -2.173792e-01 -7.288590e-01 1.529669e-02 -1.441068e-01 2.258819e-01 -1.949956e-01 5.220547e-01 1.092932e-01 -5.724458e-01 7.174874e-02 -8.094579e-01 3.965616e-02 5.375211e-01 8.001815e-01 -9.543740e-01 -7.310218e-01 -6.938741e-01 5.431757e-01 -4.282620e-01 -9.059751e-02 1.479688e-01 -8.164657e-01 -1.477703e-01 -9.231516e-01 -4.430513e-01 -6.759156e-01 3.648052e-02 7.567975e-01
40 1.897493e-01 8.790766e-02 -8.064515e-01 -9.206921e-01 -2.173795e-01 -7.288588e-01 1.529572e-02 -1.441066e-01 2.258809e-01 -1.949958e-01 5.220549e-01 1.092933e-01 -5.724474e-01 7.174949e-02 -8.094564e-01 3.965491e-02 5.375207e-01 8.001821e-01 -9.543753e-01 -7.310210e-01 -6.938732e-01 5.431769e-01 -4.282624e-01 -9.059889e-02 1.479701e-01 -8.164648e-01 -1.477701e-01 -9.231516e-01 -4.430520e-01 -6.759163e-01 3.648035e-02 7.567983e-01
50 1.897488e-01 8.790620e-02 -8.064506e-01 -9.206931e-01 -2.173788e-01 -7.288589e-01 1.529694e-02 -1.441068e-01 2.258826e-01 -1.949964e-01 5.220547e-01 1.092934e-01 -5.724472e-01 7.174879e-02 -8.094575e-01 3.965468e-02 5.375226e-01 8.001818e-01 -9.543747e-01 -7.310203e-01 -6.938742e-01 5.431771e-01 -4.282610e-01 -9.059866e-02 1.479692e-01 -8.164651e-01 -1.477698e-01 -9.231512e-01 -4.430510e-01 -6.759161e-01 3.647957e-02 7.567967e-01
99 1.897494e-01 8.790634e-02 -8.064512e-01 -9.206936e-01 -2.173787e-01 -7.288582e-01 1.529612e-02 -1.441070e-01 2.258807e-01 -1.949974e-01 5.220547e-01 1.092916e-01 -5.724469e-01 7.174964e-02 -8.094576e-01 3.965485e-02 5.375211e-01 8.001823e-01 -9.543758e-01 -7.310208e-01 -6.938736e-01 5.431754e-01 -4.282614e-01 -9.059893e-02 1.479691e-01 -8.164652e-01 -1.477697e-01 -9.231522e-01 -4.430509e-01 -6.759168e-01 3.647889e-02 7.567975e-01
18 1.897094e-01 8.799654e-02 -8.063965e-01 -9.206187e-01 -2.175351e-01 -7.289489e-01 1.517616e-02 -1.442337e-01 2.258896e-01 -1.950541e-01 5.220312e-01 1.091785e-01 -5.724918e-01 7.168359e-02 -8.095016e-01 3.959719e-02 5.374208e-01 8.002960e-01 -9.543959e-01 -7.310737e-01 -6.937414e-01 5.431906e-01 -4.283707e-01 -9.060141e-02 1.479171e-01 -8.163942e-01 -1.479171e-01 -9.231993e-01 -4.429434e-01 -6.758902e-01 3.638010e-02 7.566651e-01
59 1.897094e-01 8.799654e-02 -8.063965e-01 -9.206187e-01 -2.175351e-01 -7.289489e-01 1.517615e-02 -1.442337e-01 2.258897e-01 -1.950541e-01 5.220312e-01 1.091785e-01 -5.724918e-01 7.168360e-02 -8.095016e-01 3.959720e-02 5.374207e-01 8.002960e-01 -9.543959e-01 -7.310738e-01 -6.937414e-01 5.431906e-01 -4.283707e-01 -9.060141e-02 1.479171e-01 -8.163942e-01 -1.479171e-01 -9.231993e-01 -4.429433e-01 -6.758902e-01 3.638012e-02 7.566651e-01
81 1.897094e-01 8.799654e-02 -8.063965e-01 -9.206186e-01 -2.175351e-01 -7.289489e-01 1.517616e-02 -1.442337e-01 2.258897e-01 -1.950541e-01 5.220312e-01 1.091785e-01 -5.724918e-01 7.168359e-02 -8.095016e-01 3.959720e-02 5.374208e-01 8.002960e-01 -9.543959e-01 -7.310738e-01 -6.937414e-01 5.431906e-01 -4.283707e-01 -9.060141e-02 1.479171e-01 -8.163942e-01 -1.479171e-01 -9.231993e-01 -4.429433e-01 -6.758902e-01 3.638012e-02 7.566651e-01
22 1.897088e-01 8.799818e-02 -8.063958e-01 -9.206180e-01 -2.175351e-01 -7.289494e-01 1.517753e-02 -1.442342e-01 2.258895e-01 -1.950547e-01 5.220296e-01 1.091792e-01 -5.724908e-01 7.168376e-02 -8.095003e-01 3.959817e-02 5.374213e-01 8.002958e-01 -9.543959e-01 -7.310736e-01 -6.937403e-01 5.431903e-01 -4.283713e-01 -9.060063e-02 1.479173e-01 -8.163928e-01 -1.479162e-01 -9.232009e-01 -4.429423e-01 -6.758908e-01 3.638101e-02 7.566655e-01
28 1.897088e-01 8.799818e-02 -8.063958e-01 -9.206180e-01 -2.175351e-01 -7.289494e-01 1.517753e-02 -1.442342e-01 2.258895e-01 -1.950547e-01 5.220296e-01 1.091792e-01 -5.724908e-01 7.168376e-02 -8.095003e-01 3.959817e-02 5.374213e-01 8.002958e-01 -9.543959e-01 -7.310736e-01 -6.937403e-01 5.431903e-01 -4.283713e-01 -9.060063e-02 1.479173e-01 -8.163928e-01 -1.479162e-01 -9.232009e-01 -4.429423e-01 -6.758908e-01 3.638101e-02 7.566655e-01
84 1.897088e-01 8.799818e-02 -8.063958e-01 -9.206180e-01 -2.175351e-01 -7.289494e-01 1.517753e-02 -1.442342e-01 2.258895e-01 -1.950547e-01 5.220296e-01 1.091792e-01 -5.724908e-01 7.168375e-02 -8.095003e-01 3.959818e-02 5.374213e-01 8.002958e-01 -9.543959e-01 -7.310736e-01 -6.937403e-01 5.431903e-01 -4.283713e-01 -9.060062e-02 1.479173e-01 -8.163928e-01 -1.479162e-01 -9.232009e-01 -4.429423e-01 -6.758908e-01 3.638100e-02 7.566655e-01
87 1.897088e-01 8.799818e-02 -8.063958e-01 -9.206180e-01 -2.175351e-01 -7.289494e-01 1.517753e-02 -1.442342e-01 2.258895e-01 -1.950547e-01 5.220296e-01 1.091792e-01 -5.724908e-01 7.168375e-02 -8.095003e-01 3.959818e-02 5.374213e-01 8.002958e-01 -9.543959e-01 -7.310736e-01 -6.937403e-01 5.431903e-01 -4.283713e-01 -9.060062e-02 1.479173e-01 -8.163928e-01 -1.479162e-01 -9.232009e-01 -4.429423e-01 -6.758908e-01 3.638100e-02 7.566655e-01
60 1.897078e-01 8.799655e-02 -8.063954e-01 -9.206169e-01 -2.175340e-01 -7.289481e-01 1.517586e-02 -1.442328e-01 2.258908e-01 -1.950547e-01 5.220302e-01 1.091789e-01 -5.724918e-01 7.168382e-02 -8.095002e-01 3.959728e-02 5.374220e-01 8.002958e-01 -9.543952e-01 -7.310741e-01 -6.937404e-01 5.431898e-01 -4.283714e-01 -9.060114e-02 1.479180e-01 -8.163929e-01 -1.479164e-01 -9.232008e-01 -4.429437e-01 -6.758914e-01 3.638099e-02 7.566652e-01
83 1.897078e-01 8.799655e-02 -8.063954e-01 -9.206169e-01 -2.175339e-01 -7.289481e-01 1.517586e-02 -1.442328e-01 2.258908e-01 -1.950546e-01 5.220302e-01 1.091789e-01 -5.724918e-01 7.168383e-02 -8.095002e-01 3.959727e-02 5.374220e-01 8.002958e-01 -9.543952e-01 -7.310741e-01 -6.937404e-01 5.431898e-01 -4.283714e-01 -9.060114e-02 1.479180e-01 -8.163928e-01 -1.479164e-01 -9.232007e-01 -4.429437e-01 -6.758913e-01 3.638098e-02 7.566652e-01
4 1.916611e-01 8.940079e-02 -7.894614e-01 -9.170722e-01 -2.191196e-01 -7.392538e-01 2.086465e-02 -1.419331e-01 2.411546e-01 -1.927382e-01 5.199493e-01 9.999251e-02 -5.744270e-01 6.714940e-02 -8.176038e-01 4.097116e-02 5.392811e-01 7.942838e-01 -9.631857e-01 -7.249101e-01 -6.966792e-01 5.407126e-01 -4.399894e-01 -8.657759e-02 1.483137e-01 -8.066131e-01 -1.351373e-01 -9.310298e-01 -4.394155e-01 -6.808084e-01 3.315807e-02 7.621466e-01
88 1.916611e-01 8.940079e-02 -7.894614e-01 -9.170722e-01 -2.191196e-01 -7.392538e-01 2.086466e-02 -1.419331e-01 2.411546e-01 -1.927382e-01 5.199493e-01 9.999251e-02 -5.744270e-01 6.714940e-02 -8.176038e-01 4.097116e-02 5.392811e-01 7.942838e-01 -9.631857e-01 -7.249101e-01 -6.966792e-01 5.407126e-01 -4.399894e-01 -8.657759e-02 1.483137e-01 -8.066131e-01 -1.351373e-01 -9.310298e-01 -4.394155e-01 -6.808084e-01 3.315808e-02 7.621466e-01
29 1.916605e-01 8.940068e-02 -7.894613e-01 -9.170734e-01 -2.191193e-01 -7.392545e-01 2.086476e-02 -1.419318e-01 2.411547e-01 -1.927369e-01 5.199496e-01 9.999301e-02 -5.744278e-01 6.714976e-02 -8.176047e-01 4.097137e-02 5.392825e-01 7.942829e-01 -9.631860e-01 -7.249114e-01 -6.966781e-01 5.407132e-01 -4.399899e-01 -8.657899e-02 1.483148e-01 -8.066129e-01 -1.351379e-01 -9.310294e-01 -4.394142e-01 -6.808072e-01 3.315747e-02 7.621453e-01
66 1.916605e-01 8.940069e-02 -7.894613e-01 -9.170734e-01 -2.191192e-01 -7.392545e-01 2.086477e-02 -1.419319e-01 2.411547e-01 -1.927369e-01 5.199496e-01 9.999300e-02 -5.744278e-01 6.714975e-02 -8.176047e-01 4.097138e-02 5.392825e-01 7.942829e-01 -9.631860e-01 -7.249114e-01 -6.966781e-01 5.407132e-01 -4.399899e-01 -8.657900e-02 1.483148e-01 -8.066129e-01 -1.351379e-01 -9.310294e-01 -4.394142e-01 -6.808072e-01 3.315745e-02 7.621453e-01
96 1.916605e-01 8.940069e-02 -7.894613e-01 -9.170734e-01 -2.191192e-01 -7.392545e-01 2.086476e-02 -1.419319e-01 2.411547e-01 -1.927369e-01 5.199496e-01 9.999300e-02 -5.744278e-01 6.714975e-02 -8.176047e-01 4.097138e-02 5.392825e-01 7.942829e-01 -9.631860e-01 -7.249114e-01 -6.966781e-01 5.407132e-01 -4.399899e-01 -8.657900e-02 1.483148e-01 -8.066130e-01 -1.351379e-01 -9.310294e-01 -4.394142e-01 -6.808072e-01 3.315747e-02 7.621453e-01
12 1.915578e-01 8.952110e-02 -7.894732e-01 -9.170516e-01 -2.190614e-01 -7.391458e-01 2.090994e-02 -1.418665e-01 2.411240e-01 -1.927433e-01 5.199526e-01 1.001205e-01 -5.743249e-01 6.705770e-02 -8.176584e-01 4.106992e-02 5.393294e-01 7.943409e-01 -9.632402e-01 -7.249173e-01 -6.967301e-01 5.407070e-01 -4.399374e-01 -8.654271e-02 1.482307e-01 -8.065512e-01 -1.352002e-01 -9.310782e-01 -4.394286e-01 -6.807623e-01 3.310428e-02 7.622282e-01
14 1.915582e-01 8.952143e-02 -7.894746e-01 -9.170529e-01 -2.190625e-01 -7.391448e-01 2.091035e-02 -1.418670e-01 2.411227e-01 -1.927429e-01 5.199540e-01 1.001194e-01 -5.743268e-01 6.705810e-02 -8.176583e-01 4.107112e-02 5.393285e-01 7.943402e-01 -9.632399e-01 -7.249179e-01 -6.967309e-01 5.407075e-01 -4.399370e-01 -8.654375e-02 1.482303e-01 -8.065527e-01 -1.351999e-01 -9.310775e-01 -4.394301e-01 -6.807630e-01 3.310597e-02 7.622291e-01
75 1.915578e-01 8.951974e-02 -7.894750e-01 -9.170524e-01 -2.190611e-01 -7.391448e-01 2.091034e-02 -1.418669e-01 2.411230e-01 -1.927435e-01 5.199531e-01 1.001199e-01 -5.743249e-01 6.705730e-02 -8.176586e-01 4.107004e-02 5.393291e-01 7.943402e-01 -9.632395e-01 -7.249161e-01 -6.967304e-01 5.407063e-01 -4.399382e-01 -8.654366e-02 1.482296e-01 -8.065517e-01 -1.351992e-01 -9.310777e-01 -4.394298e-01 -6.807626e-01 3.310472e-02 7.622290e-01
49 1.916301e-01 8.945412e-02 -7.894745e-01 -9.169658e-01 -2.189709e-01 -7.391376e-01 2.101117e-02 -1.418790e-01 2.410732e-01 -1.928672e-01 5.201030e-01 1.000342e-01 -5.744594e-01 6.706728e-02 -8.175237e-01 4.110123e-02 5.392672e-01 7.942463e-01 -9.631583e-01 -7.249655e-01 -6.967391e-01 5.405806e-01 -4.398772e-01 -8.642097e-02 1.483592e-01 -8.064943e-01 -1.351789e-01 -9.310039e-01 -4.394030e-01 -6.808109e-01 3.313011e-02 7.621261e-01
54 1.916302e-01 8.945256e-02 -7.894749e-01 -9.169659e-01 -2.189711e-01 -7.391370e-01 2.101074e-02 -1.418786e-01 2.410720e-01 -1.928663e-01 5.201026e-01 1.000337e-01 -5.744605e-01 6.706705e-02 -8.175247e-01 4.110119e-02 5.392680e-01 7.942458e-01 -9.631575e-01 -7.249661e-01 -6.967398e-01 5.405795e-01 -4.398786e-01 -8.642189e-02 1.483593e-01 -8.064937e-01 -1.351796e-01 -9.310028e-01 -4.394035e-01 -6.808105e-01 3.313039e-02 7.621257e-01
77 1.916292e-01 8.945246e-02 -7.894753e-01 -9.169672e-01 -2.189705e-01 -7.391378e-01 2.101189e-02 -1.418792e-01 2.410721e-01 -1.928676e-01 5.201035e-01 1.000328e-01 -5.744600e-01 6.706688e-02 -8.175237e-01 4.110049e-02 5.392674e-01 7.942457e-01 -9.631568e-01 -7.249674e-01 -6.967390e-01 5.405788e-01 -4.398789e-01 -8.642101e-02 1.483593e-01 -8.064947e-01 -1.351797e-01 -9.310034e-01 -4.394040e-01 -6.808102e-01 3.313148e-02 7.621261e-01
5 1.893576e-01 8.332034e-02 -8.086578e-01 -9.140664e-01 -2.029317e-01 -7.304954e-01 1.428470e-02 -1.585133e-01 2.353096e-01 -1.927288e-01 5.104371e-01 1.187280e-01 -5.672163e-01 5.892940e-02 -8.254610e-01 4.380492e-02 5.314276e-01 7.899898e-01 -9.574398e-01 -7.286306e-01 -7.079900e-01 5.395901e-01 -4.255896e-01 -7.963683e-02 1.490115e-01 -8.071189e-01 -1.500151e-01 -9.252158e-01 -4.406737e-01 -6.852094e-01 4.534400e-02 7.587850e-01
39 1.893576e-01 8.332036e-02 -8.086578e-01 -9.140664e-01 -2.029317e-01 -7.304954e-01 1.428469e-02 -1.585133e-01 2.353096e-01 -1.927288e-01 5.104371e-01 1.187280e-01 -5.672163e-01 5.892939e-02 -8.254610e-01 4.380491e-02 5.314276e-01 7.899898e-01 -9.574398e-01 -7.286306e-01 -7.079900e-01 5.395901e-01 -4.255896e-01 -7.963683e-02 1.490115e-01 -8.071189e-01 -1.500151e-01 -9.252158e-01 -4.406737e-01 -6.852094e-01 4.534399e-02 7.587850e-01
76 1.893568e-01 8.332024e-02 -8.086570e-01 -9.140667e-01 -2.029325e-01 -7.304952e-01 1.428463e-02 -1.585144e-01 2.353108e-01 -1.927297e-01 5.104369e-01 1.187294e-01 -5.672174e-01 5.892888e-02 -8.254604e-01 4.380550e-02 5.314287e-01 7.899906e-01 -9.574406e-01 -7.286300e-01 -7.079914e-01 5.395895e-01 -4.255890e-01 -7.963794e-02 1.490103e-01 -8.071181e-01 -1.500155e-01 -9.252144e-01 -4.406739e-01 -6.852095e-01 4.534242e-02 7.587838e-01
154 1.893568e-01 8.332024e-02 -8.086570e-01 -9.140667e-01 -2.029325e-01 -7.304952e-01 1.428463e-02 -1.585144e-01 2.353108e-01 -1.927297e-01 5.104369e-01 1.187294e-01 -5.672174e-01 5.892889e-02 -8.254604e-01 4.380549e-02 5.314287e-01 7.899906e-01 -9.574406e-01 -7.286300e-01 -7.079914e-01 5.395895e-01 -4.255890e-01 -7.963794e-02 1.490103e-01 -8.071181e-01 -1.500154e-01 -9.252144e-01 -4.406739e-01 -6.852095e-01 4.534242e-02 7.587838e-01
16 1.894340e-01 8.336135e-02 -8.085458e-01 -9.140618e-01 -2.029579e-01 -7.304978e-01 1.424757e-02 -1.585164e-01 2.352631e-01 -1.927159e-01 5.103728e-01 1.188283e-01 -5.672972e-01 5.892256e-02 -8.253777e-01 4.379604e-02 5.314283e-01 7.900182e-01 -9.574347e-01 -7.286356e-01 -7.079925e-01 5.396762e-01 -4.255701e-01 -7.962474e-02 1.490982e-01 -8.071400e-01 -1.499083e-01 -9.252594e-01 -4.406477e-01 -6.852275e-01 4.535151e-02 7.586873e-01
32 1.894332e-01 8.336270e-02 -8.085453e-01 -9.140628e-01 -2.029566e-01 -7.304981e-01 1.424736e-02 -1.585162e-01 2.352620e-01 -1.927153e-01 5.103741e-01 1.188293e-01 -5.672970e-01 5.892124e-02 -8.253779e-01 4.379548e-02 5.314277e-01 7.900187e-01 -9.574341e-01 -7.286362e-01 -7.079910e-01 5.396773e-01 -4.255703e-01 -7.962557e-02 1.490977e-01 -8.071399e-01 -1.499098e-01 -9.252603e-01 -4.406469e-01 -6.852271e-01 4.535211e-02 7.586873e-01
82 1.894329e-01 8.336182e-02 -8.085463e-01 -9.140619e-01 -2.029578e-01 -7.304994e-01 1.424648e-02 -1.585165e-01 2.352633e-01 -1.927149e-01 5.103728e-01 1.188289e-01 -5.672979e-01 5.892173e-02 -8.253769e-01 4.379601e-02 5.314267e-01 7.900183e-01 -9.574341e-01 -7.286357e-01 -7.079923e-01 5.396771e-01 -4.255707e-01 -7.962531e-02 1.490976e-01 -8.071397e-01 -1.499084e-01 -9.252596e-01 -4.406464e-01 -6.852271e-01 4.535275e-02 7.586855e-01
34 1.894160e-01 8.321925e-02 -8.085253e-01 -9.139692e-01 -2.029329e-01 -7.306355e-01 1.422443e-02 -1.586740e-01 2.352589e-01 -1.928491e-01 5.103876e-01 1.187793e-01 -5.672679e-01 5.903556e-02 -8.255263e-01 4.385961e-02 5.313875e-01 7.899421e-01 -9.574616e-01 -7.286539e-01 -7.079438e-01 5.396693e-01 -4.254734e-01 -7.963242e-02 1.490327e-01 -8.070347e-01 -1.500099e-01 -9.252640e-01 -4.407191e-01 -6.853799e-01 4.535478e-02 7.587979e-01
80 1.894168e-01 8.321926e-02 -8.085266e-01 -9.139699e-01 -2.029338e-01 -7.306357e-01 1.422483e-02 -1.586754e-01 2.352572e-01 -1.928498e-01 5.103886e-01 1.187783e-01 -5.672672e-01 5.903685e-02 -8.255266e-01 4.385998e-02 5.313875e-01 7.899412e-01 -9.574614e-01 -7.286532e-01 -7.079443e-01 5.396696e-01 -4.254738e-01 -7.963407e-02 1.490317e-01 -8.070335e-01 -1.500084e-01 -9.252648e-01 -4.407192e-01 -6.853797e-01 4.535537e-02 7.587985e-01
6 1.934155e-01 9.322932e-02 -7.894559e-01 -9.090837e-01 -2.083347e-01 -7.256593e-01 1.717343e-02 -1.455680e-01 2.405760e-01 -1.939054e-01 5.213841e-01 1.056938e-01 -5.726412e-01 5.682147e-02 -8.188169e-01 4.272232e-02 5.308961e-01 8.065600e-01 -9.483339e-01 -7.153635e-01 -7.098576e-01 5.383856e-01 -4.381155e-01 -9.006007e-02 1.598625e-01 -8.222514e-01 -1.386459e-01 -9.399564e-01 -4.349555e-01 -6.754356e-01 4.940448e-02 7.483590e-01
21 1.934156e-01 9.322932e-02 -7.894559e-01 -9.090837e-01 -2.083347e-01 -7.256593e-01 1.717344e-02 -1.455680e-01 2.405760e-01 -1.939054e-01 5.213840e-01 1.056939e-01 -5.726412e-01 5.682147e-02 -8.188169e-01 4.272231e-02 5.308961e-01 8.065600e-01 -9.483339e-01 -7.153635e-01 -7.098576e-01 5.383856e-01 -4.381155e-01 -9.006007e-02 1.598624e-01 -8.222514e-01 -1.386459e-01 -9.399564e-01 -4.349555e-01 -6.754356e-01 4.940448e-02 7.483590e-01
74 1.934155e-01 9.322933e-02 -7.894559e-01 -9.090837e-01 -2.083347e-01 -7.256593e-01 1.717343e-02 -1.455680e-01 2.405760e-01 -1.939054e-01 5.213840e-01 1.056939e-01 -5.726412e-01 5.682147e-02 -8.188169e-01 4.272232e-02 5.308961e-01 8.065600e-01 -9.483339e-01 -7.153635e-01 -7.098576e-01 5.383856e-01 -4.381155e-01 -9.006006e-02 1.598624e-01 -8.222514e-01 -1.386459e-01 -9.399564e-01 -4.349555e-01 -6.754356e-01 4.940448e-02 7.483590e-01
13 1.934143e-01 9.322955e-02 -7.894555e-01 -9.090826e-01 -2.083352e-01 -7.256583e-01 1.717418e-02 -1.455672e-01 2.405744e-01 -1.939063e-01 5.213833e-01 1.056939e-01 -5.726418e-01 5.682124e-02 -8.188175e-01 4.272173e-02 5.308965e-01 8.065595e-01 -9.483328e-01 -7.153640e-01 -7.098567e-01 5.383849e-01 -4.381161e-01 -9.006069e-02 1.598621e-01 -8.222515e-01 -1.386455e-01 -9.399553e-01 -4.349562e-01 -6.754344e-01 4.940446e-02 7.483591e-01
73 1.934143e-01 9.322955e-02 -7.894555e-01 -9.090826e-01 -2.083351e-01 -7.256583e-01 1.717420e-02 -1.455672e-01 2.405744e-01 -1.939063e-01 5.213833e-01 1.056940e-01 -5.726418e-01 5.682125e-02 -8.188175e-01 4.272173e-02 5.308965e-01 8.065595e-01 -9.483328e-01 -7.153640e-01 -7.098566e-01 5.383849e-01 -4.381161e-01 -9.006069e-02 1.598621e-01 -8.222515e-01 -1.386455e-01 -9.399553e-01 -4.349562e-01 -6.754344e-01 4.940447e-02 7.483591e-01
92 1.934143e-01 9.322956e-02 -7.894555e-01 -9.090826e-01 -2.083352e-01 -7.256584e-01 1.717420e-02 -1.455672e-01 2.405744e-01 -1.939063e-01 5.213833e-01 1.056939e-01 -5.726418e-01 5.682126e-02 -8.188175e-01 4.272173e-02 5.308965e-01 8.065595e-01 -9.483328e-01 -7.153640e-01 -7.098566e-01 5.383849e-01 -4.381161e-01 -9.006069e-02 1.598621e-01 -8.222515e-01 -1.386455e-01 -9.399553e-01 -4.349562e-01 -6.754344e-01 4.940447e-02 7.483591e-01
9 1.935107e-01 9.310447e-02 -7.893091e-01 -9.090335e-01 -2.083504e-01 -7.257234e-01 1.702150e-02 -1.455893e-01 2.406482e-01 -1.939235e-01 5.213794e-01 1.055540e-01 -5.727276e-01 5.682444e-02 -8.189755e-01 4.284029e-02 5.309020e-01 8.064909e-01 -9.483285e-01 -7.152569e-01 -7.098404e-01 5.385409e-01 -4.381283e-01 -9.014811e-02 1.598390e-01 -8.222154e-01 -1.385464e-01 -9.399884e-01 -4.349941e-01 -6.755804e-01 4.955091e-02 7.484176e-01
62 1.935107e-01 9.310446e-02 -7.893091e-01 -9.090335e-01 -2.083504e-01 -7.257234e-01 1.702150e-02 -1.455893e-01 2.406482e-01 -1.939235e-01 5.213794e-01 1.055541e-01 -5.727276e-01 5.682443e-02 -8.189755e-01 4.284029e-02 5.309020e-01 8.064910e-01 -9.483285e-01 -7.152569e-01 -7.098404e-01 5.385409e-01 -4.381283e-01 -9.014811e-02 1.598390e-01 -8.222154e-01 -1.385464e-01 -9.399884e-01 -4.349941e-01 -6.755804e-01 4.955090e-02 7.484176e-01
23 1.935112e-01 9.310422e-02 -7.893105e-01 -9.090345e-01 -2.083485e-01 -7.257235e-01 1.702097e-02 -1.455892e-01 2.406488e-01 -1.939230e-01 5.213791e-01 1.055534e-01 -5.727293e-01 5.682420e-02 -8.189752e-01 4.284105e-02 5.309029e-01 8.064899e-01 -9.483280e-01 -7.152568e-01 -7.098402e-01 5.385393e-01 -4.381297e-01 -9.014791e-02 1.598394e-01 -8.222148e-01 -1.385457e-01 -9.399869e-01 -4.349937e-01 -6.755807e-01 4.955095e-02 7.484165e-01
91 1.935112e-01 9.310423e-02 -7.893105e-01 -9.090344e-01 -2.083485e-01 -7.257235e-01 1.702098e-02 -1.455892e-01 2.406488e-01 -1.939230e-01 5.213791e-01 1.055534e-01 -5.727293e-01 5.682421e-02 -8.189752e-01 4.284106e-02 5.309030e-01 8.064899e-01 -9.483280e-01 -7.152568e-01 -7.098402e-01 5.385393e-01 -4.381296e-01 -9.014793e-02 1.598394e-01 -8.222148e-01 -1.385457e-01 -9.399869e-01 -4.349937e-01 -6.755807e-01 4.955094e-02 7.484165e-01
24 1.933728e-01 9.309498e-02 -7.894251e-01 -9.090704e-01 -2.084540e-01 -7.256457e-01 1.717201e-02 -1.455382e-01 2.405216e-01 -1.939943e-01 5.213880e-01 1.056137e-01 -5.727533e-01 5.682029e-02 -8.190103e-01 4.269900e-02 5.309636e-01 8.065945e-01 -9.483232e-01 -7.154497e-01 -7.096616e-01 5.383684e-01 -4.382499e-01 -9.005289e-02 1.600045e-01 -8.222108e-01 -1.384585e-01 -9.400118e-01 -4.351340e-01 -6.755487e-01 4.956659e-02 7.483398e-01
57 1.933722e-01 9.309649e-02 -7.894249e-01 -9.090713e-01 -2.084539e-01 -7.256443e-01 1.717152e-02 -1.455395e-01 2.405211e-01 -1.939941e-01 5.213892e-01 1.056144e-01 -5.727534e-01 5.682067e-02 -8.190108e-01 4.269989e-02 5.309637e-01 8.065947e-01 -9.483239e-01 -7.154498e-01 -7.096626e-01 5.383679e-01 -4.382484e-01 -9.005341e-02 1.600052e-01 -8.222105e-01 -1.384576e-01 -9.400102e-01 -4.351340e-01 -6.755487e-01 4.956752e-02 7.483392e-01
64 1.933737e-01 9.309567e-02 -7.894244e-01 -9.090697e-01 -2.084554e-01 -7.256444e-01 1.717183e-02 -1.455396e-01 2.405212e-01 -1.939946e-01 5.213878e-01 1.056144e-01 -5.727535e-01 5.682080e-02 -8.190098e-01 4.269986e-02 5.309641e-01 8.065949e-01 -9.483240e-01 -7.154484e-01 -7.096629e-01 5.383673e-01 -4.382494e-01 -9.005304e-02 1.600049e-01 -8.222107e-01 -1.384577e-01 -9.400105e-01 -4.351342e-01 -6.755479e-01 4.956658e-02 7.483385e-01
72 1.933737e-01 9.309516e-02 -7.894256e-01 -9.090712e-01 -2.084540e-01 -7.256452e-01 1.717228e-02 -1.455400e-01 2.405219e-01 -1.939935e-01 5.213874e-01 1.056130e-01 -5.727543e-01 5.682135e-02 -8.190112e-01 4.269940e-02 5.309648e-01 8.065934e-01 -9.483231e-01 -7.154500e-01 -7.096629e-01 5.383673e-01 -4.382486e-01 -9.005339e-02 1.600046e-01 -8.222100e-01 -1.384584e-01 -9.400110e-01 -4.351347e-01 -6.755475e-01 4.956741e-02 7.483380e-01
36 1.964773e-01 9.462180e-02 -8.050268e-01 -9.084120e-01 -2.135882e-01 -7.301500e-01 1.950888e-02 -1.418187e-01 2.285658e-01 -1.842899e-01 5.067324e-01 1.109000e-01 -5.655036e-01 6.132370e-02 -8.244823e-01 4.940473e-02 5.303219e-01 8.040927e-01 -9.504286e-01 -7.206521e-01 -6.946910e-01 5.430250e-01 -4.350102e-01 -9.507958e-02 1.416086e-01 -8.101371e-01 -1.405421e-01 -9.384863e-01 -4.373596e-01 -6.785721e-01 3.615820e-02 7.490188e-01
42 1.964777e-01 9.462076e-02 -8.050266e-01 -9.084120e-01 -2.135883e-01 -7.301499e-01 1.950792e-02 -1.418202e-01 2.285655e-01 -1.842895e-01 5.067321e-01 1.109010e-01 -5.655037e-01 6.132230e-02 -8.244829e-01 4.940442e-02 5.303205e-01 8.040927e-01 -9.504277e-01 -7.206518e-01 -6.946913e-01 5.430261e-01 -4.350101e-01 -9.507860e-02 1.416081e-01 -8.101367e-01 -1.405432e-01 -9.384854e-01 -4.373597e-01 -6.785717e-01 3.615827e-02 7.490190e-01
89 1.964771e-01 9.462104e-02 -8.050282e-01 -9.084107e-01 -2.135899e-01 -7.301505e-01 1.950964e-02 -1.418202e-01 2.285672e-01 -1.842902e-01 5.067331e-01 1.109006e-01 -5.655038e-01 6.132265e-02 -8.244836e-01 4.940492e-02 5.303208e-01 8.040909e-01 -9.504289e-01 -7.206517e-01 -6.946900e-01 5.430250e-01 -4.350111e-01 -9.507979e-02 1.416074e-01 -8.101367e-01 -1.405434e-01 -9.384862e-01 -4.373593e-01 -6.785719e-01 3.615772e-02 7.490188e-01
48 1.964363e-01 9.461915e-02 -8.049301e-01 -9.085250e-01 -2.134736e-01 -7.300376e-01 1.942857e-02 -1.417762e-01 2.285697e-01 -1.844167e-01 5.065829e-01 1.108714e-01 -5.654041e-01 6.134844e-02 -8.244716e-01 4.948411e-02 5.301969e-01 8.040339e-01 -9.503653e-01 -7.207623e-01 -6.945936e-01 5.431352e-01 -4.350646e-01 -9.517779e-02 1.417466e-01 -8.100726e-01 -1.405802e-01 -9.385152e-01 -4.374337e-01 -6.785964e-01 3.620397e-02 7.491036e-01
51 1.964371e-01 9.461837e-02 -8.049298e-01 -9.085251e-01 -2.134736e-01 -7.300392e-01 1.942955e-02 -1.417761e-01 2.285706e-01 -1.844166e-01 5.065831e-01 1.108707e-01 -5.654044e-01 6.134901e-02 -8.244718e-01 4.948477e-02 5.301961e-01 8.040354e-01 -9.503655e-01 -7.207631e-01 -6.945942e-01 5.431335e-01 -4.350661e-01 -9.517872e-02 1.417461e-01 -8.100731e-01 -1.405818e-01 -9.385164e-01 -4.374318e-01 -6.785970e-01 3.620398e-02 7.491043e-01
55 1.964377e-01 9.461868e-02 -8.049312e-01 -9.085245e-01 -2.134730e-01 -7.300377e-01 1.942832e-02 -1.417745e-01 2.285703e-01 -1.844175e-01 5.065820e-01 1.108701e-01 -5.654048e-01 6.134969e-02 -8.244717e-01 4.948556e-02 5.301963e-01 8.040353e-01 -9.503656e-01 -7.207635e-01 -6.945941e-01 5.431340e-01 -4.350655e-01 -9.517904e-02 1.417460e-01 -8.100721e-01 -1.405813e-01 -9.385166e-01 -4.374333e-01 -6.785965e-01 3.620454e-02 7.491034e-01
86 1.964365e-01 9.461984e-02 -8.049295e-01 -9.085251e-01 -2.134722e-01 -7.300392e-01 1.942931e-02 -1.417761e-01 2.285698e-01 -1.844157e-01 5.065819e-01 1.108712e-01 -5.654042e-01 6.134964e-02 -8.244718e-01 4.948434e-02 5.301961e-01 8.040351e-01 -9.503652e-01 -7.207636e-01 -6.945938e-01 5.431350e-01 -4.350659e-01 -9.517885e-02 1.417461e-01 -8.100720e-01 -1.405813e-01 -9.385160e-01 -4.374327e-01 -6.785979e-01 3.620422e-02 7.491049e-01
19 -7.999867e-01 1.671892e-01 -1.494647e-01 8.301789e-01 4.463330e-01 -8.397011e-01 -7.331849e-01 7.692440e-01 -8.984651e-01 -2.458436e-01 -6.704934e-02 5.189323e-01 -8.210469e-01 7.612768e-01 9.488684e-01 -1.068132e-02 -7.864584e-03 -2.730094e-01 2.328310e-01 -2.741998e-01 -7.367502e-01 6.277807e-01 4.955638e-02 -7.851109e-02 -1.329428e-01 9.003864e-01 -9.649461e-01 9.407167e-01 -6.824045e-01 2.570334e-01 4.816673e-01 -4.722902e-01
46 -7.999872e-01 1.671881e-01 -1.494633e-01 8.301784e-01 4.463339e-01 -8.397006e-01 -7.331850e-01 7.692454e-01 -8.984639e-01 -2.458447e-01 -6.704845e-02 5.189324e-01 -8.210460e-01 7.612779e-01 9.488686e-01 -1.068066e-02 -7.866397e-03 -2.730087e-01 2.328308e-01 -2.741985e-01 -7.367513e-01 6.277811e-01 4.955672e-02 -7.851005e-02 -1.329429e-01 9.003868e-01 -9.649466e-01 9.407174e-01 -6.824039e-01 2.570332e-01 4.816680e-01 -4.722901e-01
122 -7.999865e-01 1.671882e-01 -1.494637e-01 8.301779e-01 4.463325e-01 -8.397012e-01 -7.331841e-01 7.692452e-01 -8.984636e-01 -2.458449e-01 -6.704856e-02 5.189315e-01 -8.210452e-01 7.612780e-01 9.488684e-01 -1.067964e-02 -7.865637e-03 -2.730092e-01 2.328310e-01 -2.741988e-01 -7.367513e-01 6.277797e-01 4.955744e-02 -7.851018e-02 -1.329439e-01 9.003870e-01 -9.649460e-01 9.407169e-01 -6.824039e-01 2.570324e-01 4.816676e-01 -4.722914e-01
110 -7.999137e-01 1.673417e-01 -1.494909e-01 8.302229e-01 4.463339e-01 -8.398018e-01 -7.332183e-01 7.692930e-01 -8.985706e-01 -2.459405e-01 -6.707386e-02 5.189698e-01 -8.210120e-01 7.613619e-01 9.487539e-01 -1.064581e-02 -7.859758e-03 -2.731670e-01 2.329094e-01 -2.742689e-01 -7.367906e-01 6.278006e-01 4.943585e-02 -7.864577e-02 -1.329241e-01 9.003658e-01 -9.649134e-01 9.407053e-01 -6.823717e-01 2.569449e-01 4.815210e-01 -4.723863e-01
149 -7.999141e-01 1.673408e-01 -1.494921e-01 8.302236e-01 4.463351e-01 -8.398004e-01 -7.332194e-01 7.692940e-01 -8.985707e-01 -2.459398e-01 -6.707321e-02 5.189700e-01 -8.210127e-01 7.613607e-01 9.487536e-01 -1.064686e-02 -7.860596e-03 -2.731665e-01 2.329096e-01 -2.742685e-01 -7.367922e-01 6.278008e-01 4.943680e-02 -7.864577e-02 -1.329237e-01 9.003644e-01 -9.649128e-01 9.407057e-01 -6.823736e-01 2.569442e-01 4.815205e-01 -4.723866e-01
168 -7.999136e-01 1.673412e-01 -1.494916e-01 8.302233e-01 4.463348e-01 -8.398011e-01 -7.332187e-01 7.692936e-01 -8.985707e-01 -2.459404e-01 -6.707348e-02 5.189713e-01 -8.210125e-01 7.613621e-01 9.487539e-01 -1.064751e-02 -7.860690e-03 -2.731660e-01 2.329094e-01 -2.742682e-01 -7.367914e-01 6.277996e-01 4.943710e-02 -7.864468e-02 -1.329243e-01 9.003652e-01 -9.649133e-01 9.407052e-01 -6.823734e-01 2.569453e-01 4.815197e-01 -4.723880e-01
135 -7.998598e-01 1.672618e-01 -1.494994e-01 8.301504e-01 4.464475e-01 -8.398114e-01 -7.331333e-01 7.692696e-01 -8.985479e-01 -2.458359e-01 -6.721444e-02 5.189480e-01 -8.210528e-01 7.613105e-01 9.487710e-01 -1.048666e-02 -7.669089e-03 -2.730414e-01 2.328030e-01 -2.742658e-01 -7.366822e-01 6.277241e-01 4.946028e-02 -7.848668e-02 -1.328695e-01 9.003783e-01 -9.649926e-01 9.406876e-01 -6.823787e-01 2.570088e-01 4.814790e-01 -4.723395e-01
193 -7.998596e-01 1.672607e-01 -1.495001e-01 8.301501e-01 4.464473e-01 -8.398117e-01 -7.331317e-01 7.692706e-01 -8.985474e-01 -2.458357e-01 -6.721437e-02 5.189480e-01 -8.210518e-01 7.613094e-01 9.487697e-01 -1.048719e-02 -7.669275e-03 -2.730401e-01 2.328016e-01 -2.742667e-01 -7.366811e-01 6.277240e-01 4.945981e-02 -7.848545e-02 -1.328709e-01 9.003796e-01 -9.649916e-01 9.406877e-01 -6.823795e-01 2.570086e-01 4.814790e-01 -4.723401e-01
104 -7.983085e-01 1.790373e-01 -1.365935e-01 8.286771e-01 4.427260e-01 -8.328561e-01 -7.388233e-01 7.721349e-01 -8.955835e-01 -2.331789e-01 -6.496911e-02 5.163299e-01 -8.246316e-01 7.651049e-01 9.578660e-01 -2.059841e-02 4.288290e-03 -2.754784e-01 2.457467e-01 -2.677723e-01 -7.348332e-01 6.251422e-01 4.349382e-02 -7.895287e-02 -1.355382e-01 9.086887e-01 -9.653314e-01 9.400354e-01 -6.827130e-01 2.510692e-01 4.791046e-01 -4.711225e-01
165 -7.983085e-01 1.790373e-01 -1.365936e-01 8.286771e-01 4.427259e-01 -8.328561e-01 -7.388233e-01 7.721349e-01 -8.955836e-01 -2.331789e-01 -6.496910e-02 5.163299e-01 -8.246316e-01 7.651049e-01 9.578660e-01 -2.059842e-02 4.288303e-03 -2.754784e-01 2.457467e-01 -2.677723e-01 -7.348332e-01 6.251422e-01 4.349380e-02 -7.895286e-02 -1.355382e-01 9.086887e-01 -9.653314e-01 9.400354e-01 -6.827130e-01 2.510692e-01 4.791046e-01 -4.711225e-01
185 -7.983097e-01 1.790379e-01 -1.365932e-01 8.286779e-01 4.427258e-01 -8.328551e-01 -7.388224e-01 7.721345e-01 -8.955839e-01 -2.331783e-01 -6.496831e-02 5.163293e-01 -8.246322e-01 7.651056e-01 9.578656e-01 -2.059957e-02 4.287037e-03 -2.754792e-01 2.457455e-01 -2.677723e-01 -7.348320e-01 6.251413e-01 4.349378e-02 -7.895238e-02 -1.355367e-01 9.086873e-01 -9.653312e-01 9.400348e-01 -6.827133e-01 2.510696e-01 4.791065e-01 -4.711219e-01
187 -7.983097e-01 1.790379e-01 -1.365932e-01 8.286779e-01 4.427258e-01 -8.328551e-01 -7.388224e-01 7.721345e-01 -8.955839e-01 -2.331783e-01 -6.496830e-02 5.163293e-01 -8.246322e-01 7.651056e-01 9.578656e-01 -2.059957e-02 4.287034e-03 -2.754792e-01 2.457455e-01 -2.677723e-01 -7.348320e-01 6.251413e-01 4.349379e-02 -7.895238e-02 -1.355367e-01 9.086873e-01 -9.653312e-01 9.400348e-01 -6.827133e-01 2.510696e-01 4.791065e-01 -4.711219e-01
111 -7.982494e-01 1.789175e-01 -1.366813e-01 8.286807e-01 4.428012e-01 -8.328228e-01 -7.388861e-01 7.721144e-01 -8.954516e-01 -2.333321e-01 -6.510543e-02 5.164666e-01 -8.245257e-01 7.651967e-01 9.579157e-01 -2.057681e-02 4.415166e-03 -2.753054e-01 2.458190e-01 -2.677563e-01 -7.348420e-01 6.250005e-01 4.360309e-02 -7.904440e-02 -1.354151e-01 9.087679e-01 -9.652659e-01 9.400006e-01 -6.827962e-01 2.510783e-01 4.789808e-01 -4.709466e-01
120 -7.982500e-01 1.789187e-01 -1.366818e-01 8.286824e-01 4.428011e-01 -8.328241e-01 -7.388849e-01 7.721145e-01 -8.954510e-01 -2.333318e-01 -6.510577e-02 5.164659e-01 -8.245246e-01 7.651970e-01 9.579144e-01 -2.057686e-02 4.416302e-03 -2.753054e-01 2.458203e-01 -2.677574e-01 -7.348425e-01 6.250010e-01 4.360332e-02 -7.904373e-02 -1.354155e-01 9.087678e-01 -9.652670e-01 9.400006e-01 -6.827957e-01 2.510784e-01 4.789809e-01 -4.709447e-01
171 -7.982488e-01 1.789183e-01 -1.366802e-01 8.286816e-01 4.428015e-01 -8.328234e-01 -7.388857e-01 7.721136e-01 -8.954500e-01 -2.333309e-01 -6.510534e-02 5.164661e-01 -8.245254e-01 7.651961e-01 9.579145e-01 -2.057854e-02 4.415439e-03 -2.753060e-01 2.458195e-01 -2.677568e-01 -7.348426e-01 6.250004e-01 4.360258e-02 -7.904433e-02 -1.354142e-01 9.087679e-01 -9.652656e-01 9.400005e-01 -6.827955e-01 2.510779e-01 4.789807e-01 -4.709452e-01
121 -7.979472e-01 1.721765e-01 -1.490700e-01 8.168993e-01 4.603108e-01 -8.367841e-01 -7.384120e-01 7.791878e-01 -9.083616e-01 -2.465181e-01 -6.317224e-02 5.114941e-01 -8.186885e-01 7.735552e-01 9.530785e-01 -9.620652e-03 -1.010205e-03 -2.749692e-01 2.375762e-01 -2.690629e-01 -7.408673e-01 6.223309e-01 4.880070e-02 -7.558714e-02 -1.341579e-01 9.160518e-01 -9.491591e-01 9.354320e-01 -6.885691e-01 2.490431e-01 4.650101e-01 -4.766152e-01
153 -7.979476e-01 1.721761e-01 -1.490689e-01 8.168994e-01 4.603114e-01 -8.367857e-01 -7.384122e-01 7.791866e-01 -9.083617e-01 -2.465175e-01 -6.317301e-02 5.114938e-01 -8.186885e-01 7.735558e-01 9.530778e-01 -9.620727e-03 -1.010767e-03 -2.749697e-01 2.375776e-01 -2.690633e-01 -7.408668e-01 6.223307e-01 4.880086e-02 -7.558654e-02 -1.341590e-01 9.160518e-01 -9.491577e-01 9.354314e-01 -6.885680e-01 2.490432e-01 4.650117e-01 -4.766146e-01
188 -7.979478e-01 1.721768e-01 -1.490701e-01 8.168999e-01 4.603125e-01 -8.367851e-01 -7.384110e-01 7.791875e-01 -9.083624e-01 -2.465190e-01 -6.317237e-02 5.114952e-01 -8.186874e-01 7.735557e-01 9.530791e-01 -9.622224e-03 -1.009364e-03 -2.749690e-01 2.375776e-01 -2.690634e-01 -7.408662e-01 6.223309e-01 4.880142e-02 -7.558719e-02 -1.341588e-01 9.160518e-01 -9.491589e-01 9.354328e-01 -6.885678e-01 2.490416e-01 4.650117e-01 -4.766146e-01
140 -7.979651e-01 1.721484e-01 -1.491465e-01 8.168673e-01 4.602883e-01 -8.368272e-01 -7.384812e-01 7.792005e-01 -9.084335e-01 -2.464986e-01 -6.308387e-02 5.115512e-01 -8.186377e-01 7.734922e-01 9.530281e-01 -9.525108e-03 -1.130217e-03 -2.749132e-01 2.374345e-01 -2.689042e-01 -7.407709e-01 6.221903e-01 4.891307e-02 -7.572423e-02 -1.342995e-01 9.160327e-01 -9.490045e-01 9.355550e-01 -6.886669e-01 2.491412e-01 4.649899e-01 -4.765330e-01
190 -7.979649e-01 1.721496e-01 -1.491461e-01 8.168668e-01 4.602887e-01 -8.368282e-01 -7.384822e-01 7.791997e-01 -9.084337e-01 -2.464973e-01 -6.308424e-02 5.115512e-01 -8.186383e-01 7.734932e-01 9.530283e-01 -9.526185e-03 -1.130936e-03 -2.749122e-01 2.374348e-01 -2.689052e-01 -7.407710e-01 6.221900e-01 4.891333e-02 -7.572468e-02 -1.343010e-01 9.160318e-01 -9.490041e-01 9.355556e-01 -6.886675e-01 2.491404e-01 4.649911e-01 -4.765335e-01
162 -7.980768e-01 1.722122e-01 -1.491807e-01 8.168861e-01 4.603284e-01 -8.368068e-01 -7.385232e-01 7.790975e-01 -9.084370e-01 -2.465196e-01 -6.304985e-02 5.116577e-01 -8.186196e-01 7.734379e-01 9.529482e-01 -9.612124e-03 -1.091206e-03 -2.747852e-01 2.374486e-01 -2.689177e-01 -7.408437e-01 6.221675e-01 4.877995e-02 -7.564107e-02 -1.342583e-01 9.161551e-01 -9.490164e-01 9.354738e-01 -6.886434e-01 2.490968e-01 4.649307e-01 -4.766192e-01
194 -7.980748e-01 1.722125e-01 -1.491805e-01 8.168863e-01 4.603267e-01 -8.368061e-01 -7.385233e-01 7.790973e-01 -9.084353e-01 -2.465193e-01 -6.304984e-02 5.116568e-01 -8.186193e-01 7.734381e-01 9.529482e-01 -9.611852e-03 -1.089869e-03 -2.747849e-01 2.374484e-01 -2.689179e-01 -7.408439e-01 6.221669e-01 4.878043e-02 -7.564257e-02 -1.342585e-01 9.161540e-01 -9.490165e-01 9.354719e-01 -6.886429e-01 2.490972e-01 4.649308e-01 -4.766187e-01
133 -7.979526e-01 1.823351e-01 -1.384521e-01 8.190537e-01 4.536491e-01 -8.260847e-01 -7.380948e-01 7.750178e-01 -9.043983e-01 -2.372083e-01 -6.734819e-02 5.043374e-01 -8.234162e-01 7.647556e-01 9.609655e-01 -5.833104e-03 2.042831e-03 -2.844458e-01 2.399961e-01 -2.769278e-01 -7.338680e-01 6.312134e-01 3.932322e-02 -7.442041e-02 -1.402096e-01 9.105535e-01 -9.599096e-01 9.462302e-01 -6.940563e-01 2.584303e-01 4.773540e-01 -4.821078e-01
142 -7.979526e-01 1.823351e-01 -1.384521e-01 8.190537e-01 4.536491e-01 -8.260847e-01 -7.380948e-01 7.750178e-01 -9.043983e-01 -2.372083e-01 -6.734819e-02 5.043374e-01 -8.234162e-01 7.647556e-01 9.609655e-01 -5.833101e-03 2.042832e-03 -2.844458e-01 2.399961e-01 -2.769278e-01 -7.338680e-01 6.312134e-01 3.932323e-02 -7.442040e-02 -1.402096e-01 9.105535e-01 -9.599096e-01 9.462302e-01 -6.940563e-01 2.584303e-01 4.773540e-01 -4.821078e-01
147 -7.979531e-01 1.823352e-01 -1.384532e-01 8.190532e-01 4.536479e-01 -8.260855e-01 -7.380943e-01 7.750186e-01 -9.043982e-01 -2.372089e-01 -6.734811e-02 5.043392e-01 -8.234149e-01 7.647556e-01 9.609658e-01 -5.833297e-03 2.041929e-03 -2.844457e-01 2.399970e-01 -2.769288e-01 -7.338686e-01 6.312129e-01 3.932478e-02 -7.442072e-02 -1.402086e-01 9.105534e-01 -9.599103e-01 9.462303e-01 -6.940564e-01 2.584305e-01 4.773522e-01 -4.821085e-01
195 -7.979531e-01 1.823352e-01 -1.384532e-01 8.190532e-01 4.536479e-01 -8.260855e-01 -7.380943e-01 7.750186e-01 -9.043982e-01 -2.372089e-01 -6.734811e-02 5.043392e-01 -8.234150e-01 7.647555e-01 9.609658e-01 -5.833292e-03 2.041917e-03 -2.844457e-01 2.399970e-01 -2.769288e-01 -7.338686e-01 6.312129e-01 3.932480e-02 -7.442072e-02 -1.402086e-01 9.105534e-01 -9.599103e-01 9.462303e-01 -6.940564e-01 2.584305e-01 4.773522e-01 -4.821085e-01
166 -7.979889e-01 1.823113e-01 -1.385048e-01 8.190607e-01 4.535803e-01 -8.260810e-01 -7.380134e-01 7.749057e-01 -9.042642e-01 -2.371434e-01 -6.732454e-02 5.043183e-01 -8.233524e-01 7.646903e-01 9.611527e-01 -5.734966e-03 2.197998e-03 -2.845322e-01 2.400510e-01 -2.770832e-01 -7.338627e-01 6.311421e-01 3.938999e-02 -7.430132e-02 -1.401481e-01 9.105231e-01 -9.597758e-01 9.461865e-01 -6.941193e-01 2.583745e-01 4.772719e-01 -4.820072e-01
183 -7.979883e-01 1.823095e-01 -1.385036e-01 8.190618e-01 4.535813e-01 -8.260819e-01 -7.380127e-01 7.749075e-01 -9.042632e-01 -2.371426e-01 -6.732342e-02 5.043178e-01 -8.233523e-01 7.646921e-01 9.611521e-01 -5.734469e-03 2.199877e-03 -2.845309e-01 2.400498e-01 -2.770823e-01 -7.338640e-01 6.311420e-01 3.939012e-02 -7.430070e-02 -1.401490e-01 9.105231e-01 -9.597759e-01 9.461848e-01 -6.941200e-01 2.583750e-01 4.772721e-01 -4.820073e-01
170 -7.979801e-01 1.824148e-01 -1.385202e-01 8.190710e-01 4.535895e-01 -8.261291e-01 -7.380009e-01 7.750091e-01 -9.042365e-01 -2.371988e-01 -6.748604e-02 5.044478e-01 -8.234623e-01 7.646439e-01 9.610620e-01 -5.858541e-03 2.213447e-03 -2.844124e-01 2.400344e-01 -2.769161e-01 -7.337318e-01 6.312000e-01 3.943324e-02 -7.444916e-02 -1.401135e-01 9.105497e-01 -9.599057e-01 9.461990e-01 -6.941239e-01 2.582727e-01 4.772005e-01 -4.820031e-01
182 -7.979788e-01 1.824157e-01 -1.385190e-01 8.190713e-01 4.535898e-01 -8.261290e-01 -7.380011e-01 7.750096e-01 -9.042383e-01 -2.371970e-01 -6.748485e-02 5.044465e-01 -8.234616e-01 7.646440e-01 9.610610e-01 -5.857026e-03 2.213760e-03 -2.844124e-01 2.400342e-01 -2.769163e-01 -7.337317e-01 6.311989e-01 3.943392e-02 -7.444994e-02 -1.401126e-01 9.105498e-01 -9.599059e-01 9.461991e-01 -6.941239e-01 2.582734e-01 4.772005e-01 -4.820038e-01
52 -1.164989e-01 7.010169e-02 5.753798e-01 -4.774780e-01 -7.159465e-02 2.219529e-01 -9.294667e-01 -1.196576e-02 2.344326e-01 5.869375e-01 6.327089e-01 -4.228675e-01 8.783016e-02 -3.429309e-01 -5.073193e-01 9.647635e-01 -9.578564e-01 -3.337495e-01 -9.469615e-01 3.459898e-01 4.291857e-01 3.288387e-01 7.674725e-01 3.600450e-01 -3.959306e-01 5.944126e-01 -1.619375e-01 -8.735288e-01 -4.283062e-01 9.543404e-01 2.836443e-02 4.652959e-01
196 -1.164981e-01 7.010079e-02 5.753798e-01 -4.774775e-01 -7.159456e-02 2.219521e-01 -9.294655e-01 -1.196624e-02 2.344337e-01 5.869369e-01 6.327098e-01 -4.228674e-01 8.783046e-02 -3.429320e-01 -5.073192e-01 9.647618e-01 -9.578580e-01 -3.337499e-01 -9.469630e-01 3.459912e-01 4.291859e-01 3.288392e-01 7.674732e-01 3.600446e-01 -3.959322e-01 5.944125e-01 -1.619376e-01 -8.735295e-01 -4.283049e-01 9.543408e-01 2.836514e-02 4.652960e-01
102 -1.164277e-01 7.002088e-02 5.752881e-01 -4.774123e-01 -7.143178e-02 2.219554e-01 -9.295031e-01 -1.202018e-02 2.344251e-01 5.868808e-01 6.327302e-01 -4.227644e-01 8.783666e-02 -3.428427e-01 -5.073243e-01 9.647151e-01 -9.579308e-01 -3.337811e-01 -9.468797e-01 3.458552e-01 4.291960e-01 3.286725e-01 7.675847e-01 3.600657e-01 -3.958165e-01 5.944519e-01 -1.619445e-01 -8.735057e-01 -4.283851e-01 9.542595e-01 2.836071e-02 4.652862e-01
126 -1.164277e-01 7.002089e-02 5.752881e-01 -4.774123e-01 -7.143179e-02 2.219554e-01 -9.295031e-01 -1.202019e-02 2.344251e-01 5.868808e-01 6.327302e-01 -4.227644e-01 8.783665e-02 -3.428427e-01 -5.073243e-01 9.647151e-01 -9.579308e-01 -3.337811e-01 -9.468797e-01 3.458552e-01 4.291960e-01 3.286725e-01 7.675847e-01 3.600657e-01 -3.958165e-01 5.944519e-01 -1.619444e-01 -8.735057e-01 -4.283851e-01 9.542595e-01 2.836072e-02 4.652862e-01
173 -1.164277e-01 7.002089e-02 5.752880e-01 -4.774123e-01 -7.143179e-02 2.219554e-01 -9.295031e-01 -1.202018e-02 2.344251e-01 5.868808e-01 6.327302e-01 -4.227644e-01 8.783665e-02 -3.428427e-01 -5.073243e-01 9.647151e-01 -9.579308e-01 -3.337811e-01 -9.468797e-01 3.458552e-01 4.291960e-01 3.286725e-01 7.675847e-01 3.600657e-01 -3.958164e-01 5.944519e-01 -1.619445e-01 -8.735057e-01 -4.283851e-01 9.542595e-01 2.836071e-02 4.652862e-01
144 -1.164277e-01 7.002137e-02 5.752894e-01 -4.774116e-01 -7.143241e-02 2.219555e-01 -9.295023e-01 -1.202062e-02 2.344237e-01 5.868821e-01 6.327305e-01 -4.227647e-01 8.783773e-02 -3.428441e-01 -5.073236e-01 9.647139e-01 -9.579321e-01 -3.337826e-01 -9.468784e-01 3.458546e-01 4.291956e-01 3.286712e-01 7.675858e-01 3.600660e-01 -3.958167e-01 5.944526e-01 -1.619446e-01 -8.735041e-01 -4.283860e-01 9.542582e-01 2.835941e-02 4.652873e-01
179 -1.164277e-01 7.002137e-02 5.752894e-01 -4.774116e-01 -7.143243e-02 2.219555e-01 -9.295023e-01 -1.202063e-02 2.344236e-01 5.868821e-01 6.327305e-01 -4.227647e-01 8.783774e-02 -3.428440e-01 -5.073236e-01 9.647139e-01 -9.579321e-01 -3.337826e-01 -9.468784e-01 3.458546e-01 4.291956e-01 3.286712e-01 7.675858e-01 3.600660e-01 -3.958167e-01 5.944526e-01 -1.619446e-01 -8.735041e-01 -4.283860e-01 9.542582e-01 2.835941e-02 4.652873e-01
112 -1.164088e-01 7.000984e-02 5.754151e-01 -4.773582e-01 -7.153117e-02 2.220941e-01 -9.294466e-01 -1.212917e-02 2.344340e-01 5.869606e-01 6.328395e-01 -4.228315e-01 8.781877e-02 -3.428570e-01 -5.074073e-01 9.646076e-01 -9.578595e-01 -3.339192e-01 -9.469801e-01 3.459117e-01 4.292660e-01 3.287896e-01 7.675850e-01 3.600981e-01 -3.957685e-01 5.944546e-01 -1.620197e-01 -8.735891e-01 -4.283314e-01 9.542831e-01 2.836634e-02 4.651589e-01
148 -1.164092e-01 7.000904e-02 5.754144e-01 -4.773578e-01 -7.153234e-02 2.220939e-01 -9.294460e-01 -1.212865e-02 2.344343e-01 5.869603e-01 6.328391e-01 -4.228325e-01 8.781782e-02 -3.428579e-01 -5.074073e-01 9.646062e-01 -9.578607e-01 -3.339207e-01 -9.469800e-01 3.459126e-01 4.292653e-01 3.287914e-01 7.675841e-01 3.600976e-01 -3.957692e-01 5.944548e-01 -1.620194e-01 -8.735890e-01 -4.283323e-01 9.542826e-01 2.836709e-02 4.651596e-01
176 -1.164085e-01 7.000905e-02 5.754134e-01 -4.773563e-01 -7.153255e-02 2.220936e-01 -9.294459e-01 -1.212853e-02 2.344338e-01 5.869600e-01 6.328402e-01 -4.228320e-01 8.781857e-02 -3.428569e-01 -5.074082e-01 9.646077e-01 -9.578593e-01 -3.339195e-01 -9.469796e-01 3.459114e-01 4.292663e-01 3.287909e-01 7.675843e-01 3.600978e-01 -3.957695e-01 5.944534e-01 -1.620191e-01 -8.735883e-01 -4.283322e-01 9.542836e-01 2.836656e-02 4.651583e-01
119 -1.164745e-01 7.005486e-02 5.752816e-01 -4.774284e-01 -7.156041e-02 2.220395e-01 -9.294294e-01 -1.206373e-02 2.343766e-01 5.869510e-01 6.328366e-01 -4.227073e-01 8.775769e-02 -3.429729e-01 -5.073290e-01 9.645705e-01 -9.580142e-01 -3.339255e-01 -9.469630e-01 3.459760e-01 4.293146e-01 3.287470e-01 7.674716e-01 3.600736e-01 -3.958546e-01 5.943055e-01 -1.619904e-01 -8.734120e-01 -4.282266e-01 9.544282e-01 2.838249e-02 4.651979e-01
145 -1.164744e-01 7.005590e-02 5.752805e-01 -4.774289e-01 -7.156136e-02 2.220389e-01 -9.294285e-01 -1.206266e-02 2.343769e-01 5.869519e-01 6.328367e-01 -4.227067e-01 8.775887e-02 -3.429733e-01 -5.073294e-01 9.645705e-01 -9.580140e-01 -3.339255e-01 -9.469620e-01 3.459764e-01 4.293130e-01 3.287468e-01 7.674722e-01 3.600745e-01 -3.958556e-01 5.943043e-01 -1.619897e-01 -8.734116e-01 -4.282267e-01 9.544288e-01 2.838290e-02 4.651979e-01
192 -1.164747e-01 7.005513e-02 5.752820e-01 -4.774281e-01 -7.156067e-02 2.220393e-01 -9.294287e-01 -1.206364e-02 2.343782e-01 5.869518e-01 6.328363e-01 -4.227063e-01 8.775834e-02 -3.429721e-01 -5.073289e-01 9.645703e-01 -9.580148e-01 -3.339260e-01 -9.469618e-01 3.459760e-01 4.293143e-01 3.287475e-01 7.674708e-01 3.600728e-01 -3.958560e-01 5.943055e-01 -1.619909e-01 -8.734121e-01 -4.282269e-01 9.544280e-01 2.838231e-02 4.651974e-01
100 -1.114380e-01 8.202597e-02 5.558411e-01 -4.864179e-01 -8.198061e-02 2.319935e-01 -9.271183e-01 -1.554990e-02 2.365059e-01 5.875670e-01 6.209535e-01 -4.182752e-01 7.852261e-02 -3.324153e-01 -4.951663e-01 9.610830e-01 -9.499036e-01 -3.236388e-01 -9.365809e-01 3.537039e-01 4.436308e-01 3.259181e-01 7.622590e-01 3.703906e-01 -3.982955e-01 6.008490e-01 -1.588202e-01 -8.710558e-01 -4.150697e-01 9.472059e-01 3.781254e-02 4.635932e-01
163 -1.114393e-01 8.202707e-02 5.558412e-01 -4.864176e-01 -8.198170e-02 2.319925e-01 -9.271182e-01 -1.555089e-02 2.365064e-01 5.875681e-01 6.209544e-01 -4.182734e-01 7.852217e-02 -3.324157e-01 -4.951682e-01 9.610841e-01 -9.499023e-01 -3.236392e-01 -9.365808e-01 3.537028e-01 4.436307e-01 3.259183e-01 7.622606e-01 3.703908e-01 -3.982947e-01 6.008492e-01 -1.588192e-01 -8.710552e-01 -4.150681e-01 9.472054e-01 3.781355e-02 4.635935e-01
174 -1.114388e-01 8.202621e-02 5.558418e-01 -4.864181e-01 -8.198153e-02 2.319932e-01 -9.271177e-01 -1.555022e-02 2.365063e-01 5.875675e-01 6.209548e-01 -4.182740e-01 7.852316e-02 -3.324152e-01 -4.951676e-01 9.610845e-01 -9.499022e-01 -3.236385e-01 -9.365795e-01 3.537028e-01 4.436317e-01 3.259191e-01 7.622608e-01 3.703906e-01 -3.982958e-01 6.008483e-01 -1.588189e-01 -8.710567e-01 -4.150696e-01 9.472048e-01 3.781235e-02 4.635927e-01
108 -1.114096e-01 8.211031e-02 5.558322e-01 -4.863970e-01 -8.190015e-02 2.318668e-01 -9.270296e-01 -1.559952e-02 2.366124e-01 5.875493e-01 6.209317e-01 -4.182106e-01 7.852448e-02 -3.323682e-01 -4.952423e-01 9.610926e-01 -9.499310e-01 -3.237128e-01 -9.364636e-01 3.538651e-01 4.436717e-01 3.259027e-01 7.621883e-01 3.703463e-01 -3.983459e-01 6.008013e-01 -1.588923e-01 -8.710604e-01 -4.149492e-01 9.472638e-01 3.777674e-02 4.635422e-01
123 -1.114102e-01 8.211041e-02 5.558326e-01 -4.863986e-01 -8.190038e-02 2.318649e-01 -9.270295e-01 -1.560032e-02 2.366137e-01 5.875486e-01 6.209325e-01 -4.182101e-01 7.852500e-02 -3.323674e-01 -4.952418e-01 9.610914e-01 -9.499300e-01 -3.237126e-01 -9.364644e-01 3.538667e-01 4.436730e-01 3.259031e-01 7.621880e-01 3.703465e-01 -3.983467e-01 6.008012e-01 -1.588920e-01 -8.710602e-01 -4.149479e-01 9.472639e-01 3.777558e-02 4.635429e-01
115 -1.114808e-01 8.203655e-02 5.558290e-01 -4.865738e-01 -8.187529e-02 2.319859e-01 -9.271198e-01 -1.563928e-02 2.365636e-01 5.876110e-01 6.208698e-01 -4.182629e-01 7.858172e-02 -3.323957e-01 -4.951859e-01 9.609532e-01 -9.498053e-01 -3.235457e-01 -9.366408e-01 3.537845e-01 4.436395e-01 3.257648e-01 7.622387e-01 3.704769e-01 -3.982438e-01 6.008561e-01 -1.589248e-01 -8.710062e-01 -4.149070e-01 9.472194e-01 3.773686e-02 4.635112e-01
141 -1.114818e-01 8.203636e-02 5.558295e-01 -4.865732e-01 -8.187597e-02 2.319857e-01 -9.271208e-01 -1.564040e-02 2.365640e-01 5.876097e-01 6.208691e-01 -4.182621e-01 7.858208e-02 -3.323962e-01 -4.951867e-01 9.609526e-01 -9.498042e-01 -3.235469e-01 -9.366405e-01 3.537842e-01 4.436396e-01 3.257648e-01 7.622379e-01 3.704761e-01 -3.982431e-01 6.008551e-01 -1.589244e-01 -8.710047e-01 -4.149072e-01 9.472193e-01 3.773630e-02 4.635121e-01
152 -1.114820e-01 8.203633e-02 5.558290e-01 -4.865741e-01 -8.187414e-02 2.319862e-01 -9.271209e-01 -1.564011e-02 2.365651e-01 5.876109e-01 6.208682e-01 -4.182627e-01 7.858084e-02 -3.323958e-01 -4.951859e-01 9.609525e-01 -9.498050e-01 -3.235458e-01 -9.366410e-01 3.537835e-01 4.436386e-01 3.257636e-01 7.622384e-01 3.704758e-01 -3.982433e-01 6.008561e-01 -1.589232e-01 -8.710051e-01 -4.149063e-01 9.472199e-01 3.773676e-02 4.635127e-01
101 -1.158871e-01 7.393265e-02 5.567647e-01 -4.877414e-01 -8.800747e-02 2.296778e-01 -9.247019e-01 -3.546941e-03 2.240762e-01 5.980639e-01 6.269177e-01 -4.219530e-01 7.966512e-02 -3.403585e-01 -5.058777e-01 9.664237e-01 -9.488222e-01 -3.373229e-01 -9.505758e-01 3.477521e-01 4.345059e-01 3.389763e-01 7.563681e-01 3.708126e-01 -4.031085e-01 5.937812e-01 -1.575713e-01 -8.745250e-01 -4.284937e-01 9.538381e-01 2.933931e-02 4.657182e-01
131 -1.158867e-01 7.393109e-02 5.567648e-01 -4.877426e-01 -8.800713e-02 2.296766e-01 -9.247020e-01 -3.546391e-03 2.240751e-01 5.980640e-01 6.269184e-01 -4.219531e-01 7.966387e-02 -3.403590e-01 -5.058769e-01 9.664242e-01 -9.488218e-01 -3.373215e-01 -9.505752e-01 3.477531e-01 4.345054e-01 3.389756e-01 7.563678e-01 3.708132e-01 -4.031073e-01 5.937809e-01 -1.575711e-01 -8.745249e-01 -4.284949e-01 9.538363e-01 2.933852e-02 4.657175e-01
134 -1.158880e-01 7.393239e-02 5.567648e-01 -4.877416e-01 -8.800700e-02 2.296766e-01 -9.247025e-01 -3.547361e-03 2.240751e-01 5.980643e-01 6.269173e-01 -4.219544e-01 7.966552e-02 -3.403595e-01 -5.058776e-01 9.664243e-01 -9.488228e-01 -3.373215e-01 -9.505761e-01 3.477536e-01 4.345047e-01 3.389764e-01 7.563688e-01 3.708137e-01 -4.031088e-01 5.937801e-01 -1.575705e-01 -8.745256e-01 -4.284955e-01 9.538382e-01 2.933908e-02 4.657175e-01
189 -1.158869e-01 7.393297e-02 5.567658e-01 -4.877424e-01 -8.800848e-02 2.296771e-01 -9.247022e-01 -3.546808e-03 2.240758e-01 5.980654e-01 6.269186e-01 -4.219540e-01 7.966427e-02 -3.403588e-01 -5.058772e-01 9.664240e-01 -9.488222e-01 -3.373220e-01 -9.505759e-01 3.477535e-01 4.345050e-01 3.389755e-01 7.563693e-01 3.708124e-01 -4.031084e-01 5.937812e-01 -1.575704e-01 -8.745258e-01 -4.284946e-01 9.538368e-01 2.933885e-02 4.657175e-01
160 -1.159264e-01 7.397585e-02 5.568490e-01 -4.877674e-01 -8.794837e-02 2.295573e-01 -9.246289e-01 -3.616599e-03 2.239412e-01 5.979825e-01 6.270649e-01 -4.220860e-01 7.970041e-02 -3.404439e-01 -5.058304e-01 9.664356e-01 -9.488018e-01 -3.373932e-01 -9.504288e-01 3.477741e-01 4.345299e-01 3.390459e-01 7.562862e-01 3.709565e-01 -4.031639e-01 5.937268e-01 -1.576133e-01 -8.745164e-01 -4.284788e-01 9.538604e-01 2.922268e-02 4.656938e-01
175 -1.159265e-01 7.397627e-02 5.568506e-01 -4.877673e-01 -8.794858e-02 2.295554e-01 -9.246278e-01 -3.617832e-03 2.239402e-01 5.979841e-01 6.270650e-01 -4.220872e-01 7.970174e-02 -3.404437e-01 -5.058315e-01 9.664361e-01 -9.488024e-01 -3.373935e-01 -9.504287e-01 3.477758e-01 4.345299e-01 3.390446e-01 7.562847e-01 3.709563e-01 -4.031639e-01 5.937254e-01 -1.576116e-01 -8.745166e-01 -4.284789e-01 9.538615e-01 2.922160e-02 4.656936e-01
177 -1.159270e-01 7.397475e-02 5.568504e-01 -4.877680e-01 -8.795001e-02 2.295564e-01 -9.246278e-01 -3.618239e-03 2.239408e-01 5.979841e-01 6.270653e-01 -4.220873e-01 7.970006e-02 -3.404424e-01 -5.058311e-01 9.664358e-01 -9.488014e-01 -3.373950e-01 -9.504292e-01 3.477748e-01 4.345292e-01 3.390446e-01 7.562856e-01 3.709577e-01 -4.031633e-01 5.937260e-01 -1.576123e-01 -8.745181e-01 -4.284793e-01 9.538616e-01 2.922185e-02 4.656947e-01
103 -1.097337e-01 6.683766e-02 5.570737e-01 -4.782414e-01 -7.711925e-02 2.359683e-01 -9.376398e-01 -3.345319e-03 2.298682e-01 5.907208e-01 6.201113e-01 -4.171098e-01 8.180750e-02 -3.282909e-01 -4.968497e-01 9.718471e-01 -9.484119e-01 -3.401532e-01 -9.440050e-01 3.497677e-01 4.366050e-01 3.254568e-01 7.532763e-01 3.542329e-01 -4.038385e-01 6.042857e-01 -1.677252e-01 -8.621706e-01 -4.223767e-01 9.436785e-01 4.049811e-02 4.577906e-01
132 -1.097335e-01 6.683775e-02 5.570743e-01 -4.782408e-01 -7.711917e-02 2.359680e-01 -9.376404e-01 -3.345544e-03 2.298680e-01 5.907218e-01 6.201104e-01 -4.171106e-01 8.180668e-02 -3.282905e-01 -4.968496e-01 9.718475e-01 -9.484104e-01 -3.401530e-01 -9.440052e-01 3.497669e-01 4.366052e-01 3.254564e-01 7.532763e-01 3.542319e-01 -4.038394e-01 6.042841e-01 -1.677254e-01 -8.621695e-01 -4.223771e-01 9.436785e-01 4.049878e-02 4.577905e-01
114 -1.097438e-01 6.688776e-02 5.571661e-01 -4.782570e-01 -7.716953e-02 2.359219e-01 -9.375966e-01 -3.401564e-03 2.298959e-01 5.907312e-01 6.200054e-01 -4.170587e-01 8.181124e-02 -3.282106e-01 -4.966826e-01 9.718436e-01 -9.485053e-01 -3.402190e-01 -9.440103e-01 3.497046e-01 4.365667e-01 3.254141e-01 7.534224e-01 3.542872e-01 -4.038015e-01 6.044328e-01 -1.677206e-01 -8.621691e-01 -4.224658e-01 9.436421e-01 4.037778e-02 4.578894e-01
164 -1.097439e-01 6.688930e-02 5.571666e-01 -4.782570e-01 -7.716823e-02 2.359201e-01 -9.375958e-01 -3.401470e-03 2.298961e-01 5.907308e-01 6.200057e-01 -4.170583e-01 8.181187e-02 -3.282113e-01 -4.966834e-01 9.718433e-01 -9.485049e-01 -3.402204e-01 -9.440098e-01 3.497061e-01 4.365665e-01 3.254141e-01 7.534215e-01 3.542876e-01 -4.038022e-01 6.044336e-01 -1.677220e-01 -8.621701e-01 -4.224675e-01 9.436423e-01 4.037840e-02 4.578896e-01
172 -1.097441e-01 6.688836e-02 5.571668e-01 -4.782579e-01 -7.716894e-02 2.359211e-01 -9.375966e-01 -3.399982e-03 2.298967e-01 5.907323e-01 6.200056e-01 -4.170591e-01 8.181074e-02 -3.282102e-01 -4.966824e-01 9.718446e-01 -9.485052e-01 -3.402189e-01 -9.440091e-01 3.497056e-01 4.365659e-01 3.254139e-01 7.534234e-01 3.542884e-01 -4.038016e-01 6.044320e-01 -1.677223e-01 -8.621691e-01 -4.224668e-01 9.436428e-01 4.037759e-02 4.578901e-01
130 -1.096450e-01 6.672078e-02 5.571756e-01 -4.781850e-01 -7.706311e-02 2.359069e-01 -9.375909e-01 -3.460917e-03 2.298920e-01 5.908552e-01 6.201259e-01 -4.169478e-01 8.191282e-02 -3.283452e-01 -4.967113e-01 9.717206e-01 -9.485179e-01 -3.401750e-01 -9.438882e-01 3.496892e-01 4.365119e-01 3.255500e-01 7.533525e-01 3.543343e-01 -4.036688e-01 6.043438e-01 -1.676525e-01 -8.622024e-01 -4.224791e-01 9.436558e-01 4.034081e-02 4.579749e-01
167 -1.096460e-01 6.671977e-02 5.571760e-01 -4.781853e-01 -7.706458e-02 2.359059e-01 -9.375922e-01 -3.462679e-03 2.298918e-01 5.908561e-01 6.201251e-01 -4.169480e-01 8.191245e-02 -3.283460e-01 -4.967110e-01 9.717203e-01 -9.485162e-01 -3.401759e-01 -9.438874e-01 3.496898e-01 4.365125e-01 3.255498e-01 7.533527e-01 3.543351e-01 -4.036675e-01 6.043452e-01 -1.676525e-01 -8.622016e-01 -4.224804e-01 9.436555e-01 4.034227e-02 4.579747e-01
180 -1.096452e-01 6.671959e-02 5.571754e-01 -4.781841e-01 -7.706378e-02 2.359060e-01 -9.375908e-01 -3.462076e-03 2.298907e-01 5.908548e-01 6.201255e-01 -4.169474e-01 8.191234e-02 -3.283452e-01 -4.967127e-01 9.717199e-01 -9.485164e-01 -3.401748e-01 -9.438874e-01 3.496902e-01 4.365113e-01 3.255500e-01 7.533520e-01 3.543353e-01 -4.036678e-01 6.043444e-01 -1.676536e-01 -8.622012e-01 -4.224794e-01 9.436559e-01 4.034248e-02 4.579744e-01
105 -1.152576e-01 6.787807e-02 5.714357e-01 -4.925926e-01 -7.958737e-02 2.321242e-01 -9.282552e-01 -9.273706e-03 2.321772e-01 5.843706e-01 6.213980e-01 -4.281825e-01 9.036266e-02 -3.374036e-01 -5.068438e-01 9.627237e-01 -9.640256e-01 -3.400076e-01 -9.494991e-01 3.505875e-01 4.424002e-01 3.400127e-01 7.583186e-01 3.586515e-01 -4.094400e-01 6.053998e-01 -1.515883e-01 -8.611458e-01 -4.128158e-01 9.517554e-01 4.761823e-02 4.618276e-01
150 -1.152571e-01 6.787847e-02 5.714357e-01 -4.925929e-01 -7.958794e-02 2.321236e-01 -9.282568e-01 -9.272707e-03 2.321775e-01 5.843698e-01 6.213986e-01 -4.281830e-01 9.036340e-02 -3.374026e-01 -5.068444e-01 9.627236e-01 -9.640243e-01 -3.400065e-01 -9.494982e-01 3.505868e-01 4.423992e-01 3.400119e-01 7.583180e-01 3.586495e-01 -4.094406e-01 6.054002e-01 -1.515888e-01 -8.611442e-01 -4.128146e-01 9.517555e-01 4.761919e-02 4.618273e-01
197 -1.152586e-01 6.787745e-02 5.714351e-01 -4.925929e-01 -7.958762e-02 2.321234e-01 -9.282559e-01 -9.274079e-03 2.321786e-01 5.843694e-01 6.213987e-01 -4.281832e-01 9.036391e-02 -3.374031e-01 -5.068447e-01 9.627234e-01 -9.640256e-01 -3.400060e-01 -9.494990e-01 3.505864e-01 4.423989e-01 3.400125e-01 7.583177e-01 3.586507e-01 -4.094416e-01 6.053994e-01 -1.515881e-01 -8.611441e-01 -4.128153e-01 9.517552e-01 4.761902e-02 4.618272e-01
136 -1.153722e-01 6.791345e-02 5.713407e-01 -4.926569e-01 -7.958307e-02 2.322245e-01 -9.282232e-01 -9.427840e-03 2.321139e-01 5.843226e-01 6.215499e-01 -4.281974e-01 9.033267e-02 -3.374423e-01 -5.068252e-01 9.626836e-01 -9.640978e-01 -3.400109e-01 -9.493717e-01 3.505766e-01 4.423290e-01 3.399113e-01 7.583741e-01 3.585348e-01 -4.094425e-01 6.053578e-01 -1.516970e-01 -8.610371e-01 -4.127961e-01 9.517692e-01 4.753596e-02 4.619327e-01
151 -1.153719e-01 6.791271e-02 5.713391e-01 -4.926562e-01 -7.958305e-02 2.322249e-01 -9.282237e-01 -9.427329e-03 2.321143e-01 5.843239e-01 6.215502e-01 -4.281975e-01 9.033249e-02 -3.374423e-01 -5.068255e-01 9.626839e-01 -9.640966e-01 -3.400116e-01 -9.493725e-01 3.505764e-01 4.423291e-01 3.399111e-01 7.583730e-01 3.585333e-01 -4.094425e-01 6.053576e-01 -1.516985e-01 -8.610373e-01 -4.127956e-01 9.517698e-01 4.753629e-02 4.619315e-01
199 -1.153720e-01 6.791343e-02 5.713406e-01 -4.926563e-01 -7.958395e-02 2.322260e-01 -9.282232e-01 -9.427914e-03 2.321146e-01 5.843226e-01 6.215495e-01 -4.281993e-01 9.033317e-02 -3.374414e-01 -5.068251e-01 9.626838e-01 -9.640983e-01 -3.400119e-01 -9.493727e-01 3.505767e-01 4.423285e-01 3.399117e-01 7.583739e-01 3.585348e-01 -4.094420e-01 6.053590e-01 -1.516973e-01 -8.610382e-01 -4.127955e-01 9.517694e-01 4.753615e-02 4.619314e-01
106 -1.258140e-01 7.225955e-02 5.702393e-01 -4.943274e-01 -8.369147e-02 2.223789e-01 -9.244550e-01 -2.253921e-02 2.220831e-01 5.859078e-01 6.166371e-01 -4.131196e-01 7.952406e-02 -3.301431e-01 -5.044456e-01 9.584571e-01 -9.517676e-01 -3.277418e-01 -9.524101e-01 3.440703e-01 4.346525e-01 3.432279e-01 7.700027e-01 3.562894e-01 -3.992660e-01 6.014005e-01 -1.619374e-01 -8.740717e-01 -4.143393e-01 9.360260e-01 3.965187e-02 4.699477e-01
129 -1.258140e-01 7.225956e-02 5.702393e-01 -4.943274e-01 -8.369147e-02 2.223789e-01 -9.244550e-01 -2.253922e-02 2.220831e-01 5.859078e-01 6.166371e-01 -4.131196e-01 7.952404e-02 -3.301431e-01 -5.044456e-01 9.584571e-01 -9.517676e-01 -3.277418e-01 -9.524101e-01 3.440703e-01 4.346525e-01 3.432279e-01 7.700027e-01 3.562894e-01 -3.992660e-01 6.014005e-01 -1.619374e-01 -8.740716e-01 -4.143393e-01 9.360260e-01 3.965188e-02 4.699477e-01
116 -1.258133e-01 7.225832e-02 5.702395e-01 -4.943289e-01 -8.369124e-02 2.223785e-01 -9.244546e-01 -2.253817e-02 2.220842e-01 5.859076e-01 6.166366e-01 -4.131190e-01 7.952384e-02 -3.301426e-01 -5.044456e-01 9.584569e-01 -9.517686e-01 -3.277430e-01 -9.524115e-01 3.440705e-01 4.346531e-01 3.432269e-01 7.700026e-01 3.562882e-01 -3.992659e-01 6.013999e-01 -1.619368e-01 -8.740718e-01 -4.143383e-01 9.360252e-01 3.965150e-02 4.699474e-01
186 -1.258133e-01 7.225832e-02 5.702395e-01 -4.943289e-01 -8.369123e-02 2.223785e-01 -9.244546e-01 -2.253818e-02 2.220842e-01 5.859076e-01 6.166366e-01 -4.131190e-01 7.952384e-02 -3.301426e-01 -5.044456e-01 9.584569e-01 -9.517686e-01 -3.277430e-01 -9.524115e-01 3.440705e-01 4.346531e-01 3.432269e-01 7.700026e-01 3.562881e-01 -3.992659e-01 6.013999e-01 -1.619368e-01 -8.740718e-01 -4.143383e-01 9.360252e-01 3.965150e-02 4.699474e-01
117 -1.257126e-01 7.231407e-02 5.703690e-01 -4.943031e-01 -8.371698e-02 2.223398e-01 -9.245784e-01 -2.263085e-02 2.218889e-01 5.857878e-01 6.166647e-01 -4.130065e-01 7.962608e-02 -3.301687e-01 -5.045340e-01 9.585857e-01 -9.516921e-01 -3.277953e-01 -9.524252e-01 3.439819e-01 4.346644e-01 3.432619e-01 7.701731e-01 3.563239e-01 -3.994052e-01 6.014809e-01 -1.619240e-01 -8.740672e-01 -4.143009e-01 9.360957e-01 3.958808e-02 4.698875e-01
139 -1.257112e-01 7.231236e-02 5.703701e-01 -4.943031e-01 -8.371682e-02 2.223393e-01 -9.245775e-01 -2.263140e-02 2.218878e-01 5.857863e-01 6.166659e-01 -4.130064e-01 7.962587e-02 -3.301687e-01 -5.045346e-01 9.585850e-01 -9.516916e-01 -3.277962e-01 -9.524264e-01 3.439832e-01 4.346644e-01 3.432624e-01 7.701733e-01 3.563230e-01 -3.994059e-01 6.014810e-01 -1.619239e-01 -8.740657e-01 -4.143022e-01 9.360947e-01 3.958795e-02 4.698876e-01
155 -1.257119e-01 7.231337e-02 5.703682e-01 -4.943016e-01 -8.371630e-02 2.223404e-01 -9.245785e-01 -2.263000e-02 2.218894e-01 5.857864e-01 6.166654e-01 -4.130070e-01 7.962599e-02 -3.301677e-01 -5.045339e-01 9.585857e-01 -9.516916e-01 -3.277947e-01 -9.524264e-01 3.439832e-01 4.346643e-01 3.432605e-01 7.701723e-01 3.563222e-01 -3.994057e-01 6.014821e-01 -1.619231e-01 -8.740668e-01 -4.143019e-01 9.360953e-01 3.958697e-02 4.698872e-01
181 -1.257123e-01 7.231252e-02 5.703693e-01 -4.943034e-01 -8.371605e-02 2.223405e-01 -9.245790e-01 -2.263015e-02 2.218876e-01 5.857875e-01 6.166646e-01 -4.130067e-01 7.962598e-02 -3.301678e-01 -5.045349e-01 9.585857e-01 -9.516921e-01 -3.277958e-01 -9.524265e-01 3.439825e-01 4.346633e-01 3.432615e-01 7.701729e-01 3.563234e-01 -3.994056e-01 6.014814e-01 -1.619250e-01 -8.740664e-01 -4.143020e-01 9.360945e-01 3.958695e-02 4.698867e-01
191 -1.257120e-01 7.231360e-02 5.703690e-01 -4.943029e-01 -8.371693e-02 2.223396e-01 -9.245786e-01 -2.263083e-02 2.218878e-01 5.857871e-01 6.166643e-01 -4.130065e-01 7.962550e-02 -3.301692e-01 -5.045347e-01 9.585866e-01 -9.516926e-01 -3.277957e-01 -9.524262e-01 3.439831e-01 4.346645e-01 3.432623e-01 7.701727e-01 3.563227e-01 -3.994054e-01 6.014813e-01 -1.619233e-01 -8.740663e-01 -4.143010e-01 9.360941e-01 3.958858e-02 4.698880e-01
118 -1.257564e-01 7.226725e-02 5.702864e-01 -4.944221e-01 -8.360378e-02 2.223288e-01 -9.244391e-01 -2.246730e-02 2.218868e-01 5.859386e-01 6.166684e-01 -4.130985e-01 7.943857e-02 -3.301876e-01 -5.045029e-01 9.585168e-01 -9.518692e-01 -3.277207e-01 -9.524014e-01 3.440911e-01 4.346855e-01 3.433366e-01 7.700559e-01 3.562556e-01 -3.993780e-01 6.013470e-01 -1.618969e-01 -8.740364e-01 -4.143891e-01 9.361415e-01 3.969450e-02 4.699535e-01
146 -1.257564e-01 7.226725e-02 5.702864e-01 -4.944221e-01 -8.360377e-02 2.223288e-01 -9.244391e-01 -2.246730e-02 2.218868e-01 5.859387e-01 6.166684e-01 -4.130985e-01 7.943857e-02 -3.301876e-01 -5.045029e-01 9.585168e-01 -9.518692e-01 -3.277207e-01 -9.524014e-01 3.440911e-01 4.346855e-01 3.433366e-01 7.700559e-01 3.562556e-01 -3.993780e-01 6.013470e-01 -1.618969e-01 -8.740364e-01 -4.143891e-01 9.361415e-01 3.969451e-02 4.699535e-01
127 -1.257563e-01 7.226811e-02 5.702867e-01 -4.944224e-01 -8.360388e-02 2.223288e-01 -9.244404e-01 -2.246704e-02 2.218867e-01 5.859384e-01 6.166670e-01 -4.131001e-01 7.943827e-02 -3.301864e-01 -5.045027e-01 9.585166e-01 -9.518692e-01 -3.277214e-01 -9.524020e-01 3.440919e-01 4.346864e-01 3.433368e-01 7.700553e-01 3.562553e-01 -3.993780e-01 6.013483e-01 -1.618955e-01 -8.740354e-01 -4.143893e-01 9.361428e-01 3.969531e-02 4.699554e-01
198 -1.257563e-01 7.226810e-02 5.702867e-01 -4.944224e-01 -8.360390e-02 2.223288e-01 -9.244404e-01 -2.246706e-02 2.218867e-01 5.859384e-01 6.166670e-01 -4.131001e-01 7.943828e-02 -3.301864e-01 -5.045027e-01 9.585166e-01 -9.518692e-01 -3.277215e-01 -9.524020e-01 3.440919e-01 4.346864e-01 3.433368e-01 7.700553e-01 3.562554e-01 -3.993780e-01 6.013483e-01 -1.618955e-01 -8.740354e-01 -4.143893e-01 9.361428e-01 3.969532e-02 4.699554e-01
107 -1.195549e-01 8.368280e-02 5.605959e-01 -4.835331e-01 -8.471890e-02 2.220349e-01 -9.238566e-01 -2.066719e-02 2.309824e-01 5.887001e-01 6.218074e-01 -4.183630e-01 8.287569e-02 -3.333282e-01 -5.136393e-01 9.583536e-01 -9.500473e-01 -3.263922e-01 -9.434661e-01 3.491282e-01 4.288631e-01 3.269522e-01 7.701740e-01 3.688210e-01 -4.134175e-01 6.029023e-01 -1.575000e-01 -8.741886e-01 -4.246144e-01 9.503417e-01 3.744639e-02 4.657316e-01
157 -1.195545e-01 8.368348e-02 5.605968e-01 -4.835338e-01 -8.471736e-02 2.220343e-01 -9.238567e-01 -2.066685e-02 2.309819e-01 5.887013e-01 6.218076e-01 -4.183627e-01 8.287636e-02 -3.333295e-01 -5.136402e-01 9.583536e-01 -9.500471e-01 -3.263914e-01 -9.434672e-01 3.491294e-01 4.288628e-01 3.269520e-01 7.701752e-01 3.688205e-01 -4.134177e-01 6.029028e-01 -1.574998e-01 -8.741891e-01 -4.246142e-01 9.503424e-01 3.744657e-02 4.657302e-01
158 -1.195552e-01 8.368449e-02 5.605967e-01 -4.835349e-01 -8.471888e-02 2.220342e-01 -9.238555e-01 -2.066690e-02 2.309809e-01 5.887006e-01 6.218079e-01 -4.183630e-01 8.287642e-02 -3.333281e-01 -5.136385e-01 9.583538e-01 -9.500468e-01 -3.263928e-01 -9.434658e-01 3.491294e-01 4.288632e-01 3.269527e-01 7.701746e-01 3.688207e-01 -4.134166e-01 6.029024e-01 -1.575001e-01 -8.741878e-01 -4.246139e-01 9.503422e-01 3.744648e-02 4.657299e-01
113 -1.195877e-01 8.370034e-02 5.605511e-01 -4.835782e-01 -8.486085e-02 2.220304e-01 -9.237519e-01 -2.071101e-02 2.310246e-01 5.887122e-01 6.218099e-01 -4.184544e-01 8.274251e-02 -3.333595e-01 -5.135586e-01 9.583879e-01 -9.500079e-01 -3.264179e-01 -9.435385e-01 3.490289e-01 4.287283e-01 3.269578e-01 7.702553e-01 3.688450e-01 -4.135038e-01 6.029956e-01 -1.573876e-01 -8.743609e-01 -4.247353e-01 9.503460e-01 3.734111e-02 4.657760e-01
124 -1.195871e-01 8.370095e-02 5.605515e-01 -4.835788e-01 -8.486027e-02 2.220308e-01 -9.237525e-01 -2.071090e-02 2.310253e-01 5.887128e-01 6.218106e-01 -4.184554e-01 8.274370e-02 -3.333589e-01 -5.135587e-01 9.583887e-01 -9.500081e-01 -3.264181e-01 -9.435387e-01 3.490286e-01 4.287292e-01 3.269572e-01 7.702554e-01 3.688457e-01 -4.135028e-01 6.029948e-01 -1.573865e-01 -8.743604e-01 -4.247365e-01 9.503471e-01 3.734276e-02 4.657754e-01
128 -1.195874e-01 8.370106e-02 5.605503e-01 -4.835785e-01 -8.485975e-02 2.220310e-01 -9.237522e-01 -2.070968e-02 2.310240e-01 5.887118e-01 6.218089e-01 -4.184555e-01 8.274337e-02 -3.333588e-01 -5.135580e-01 9.583881e-01 -9.500082e-01 -3.264178e-01 -9.435376e-01 3.490274e-01 4.287290e-01 3.269584e-01 7.702549e-01 3.688464e-01 -4.135023e-01 6.029954e-01 -1.573872e-01 -8.743612e-01 -4.247368e-01 9.503460e-01 3.734132e-02 4.657768e-01
184 -1.195883e-01 8.370039e-02 5.605520e-01 -4.835789e-01 -8.486027e-02 2.220310e-01 -9.237514e-01 -2.070948e-02 2.310251e-01 5.887128e-01 6.218090e-01 -4.184548e-01 8.274252e-02 -3.333580e-01 -5.135578e-01 9.583892e-01 -9.500091e-01 -3.264164e-01 -9.435377e-01 3.490282e-01 4.287296e-01 3.269577e-01 7.702545e-01 3.688455e-01 -4.135024e-01 6.029964e-01 -1.573869e-01 -8.743596e-01 -4.247369e-01 9.503469e-01 3.734237e-02 4.657757e-01
137 -1.196684e-01 8.367746e-02 5.605648e-01 -4.835554e-01 -8.484982e-02 2.220203e-01 -9.237148e-01 -2.057902e-02 2.310650e-01 5.888053e-01 6.216887e-01 -4.184785e-01 8.284764e-02 -3.334714e-01 -5.136341e-01 9.583852e-01 -9.501581e-01 -3.265014e-01 -9.436048e-01 3.491483e-01 4.288217e-01 3.268969e-01 7.701327e-01 3.687065e-01 -4.134430e-01 6.030580e-01 -1.574644e-01 -8.742550e-01 -4.246431e-01 9.504300e-01 3.747521e-02 4.657875e-01
178 -1.196684e-01 8.367745e-02 5.605648e-01 -4.835554e-01 -8.484981e-02 2.220203e-01 -9.237148e-01 -2.057901e-02 2.310650e-01 5.888053e-01 6.216887e-01 -4.184785e-01 8.284765e-02 -3.334714e-01 -5.136341e-01 9.583852e-01 -9.501581e-01 -3.265014e-01 -9.436048e-01 3.491483e-01 4.288217e-01 3.268969e-01 7.701327e-01 3.687065e-01 -4.134431e-01 6.030580e-01 -1.574644e-01 -8.742550e-01 -4.246431e-01 9.504300e-01 3.747519e-02 4.657875e-01
138 -1.196685e-01 8.367791e-02 5.605652e-01 -4.835559e-01 -8.484998e-02 2.220194e-01 -9.237156e-01 -2.057730e-02 2.310656e-01 5.888049e-01 6.216888e-01 -4.184773e-01 8.284862e-02 -3.334722e-01 -5.136356e-01 9.583850e-01 -9.501586e-01 -3.265000e-01 -9.436034e-01 3.491492e-01 4.288222e-01 3.268963e-01 7.701330e-01 3.687067e-01 -4.134435e-01 6.030568e-01 -1.574655e-01 -8.742534e-01 -4.246435e-01 9.504298e-01 3.747569e-02 4.657869e-01
143 -1.196686e-01 8.367791e-02 5.605652e-01 -4.835559e-01 -8.484998e-02 2.220194e-01 -9.237156e-01 -2.057730e-02 2.310656e-01 5.888049e-01 6.216888e-01 -4.184773e-01 8.284862e-02 -3.334722e-01 -5.136356e-01 9.583850e-01 -9.501586e-01 -3.265000e-01 -9.436034e-01 3.491493e-01 4.288222e-01 3.268962e-01 7.701330e-01 3.687067e-01 -4.134435e-01 6.030567e-01 -1.574655e-01 -8.742534e-01 -4.246435e-01 9.504298e-01 3.747569e-02 4.657869e-01
109 -1.129843e-01 7.383121e-02 5.630036e-01 -4.782086e-01 -7.067144e-02 2.339462e-01 -9.240798e-01 -1.338339e-02 2.238892e-01 5.979069e-01 6.203488e-01 -4.198287e-01 8.453863e-02 -3.326649e-01 -5.120179e-01 9.628620e-01 -9.603312e-01 -3.395519e-01 -9.471341e-01 3.623823e-01 4.418653e-01 3.433950e-01 7.656641e-01 3.546806e-01 -4.072247e-01 5.926154e-01 -1.549965e-01 -8.780401e-01 -4.248339e-01 9.449374e-01 4.754926e-02 4.520808e-01
125 -1.129838e-01 7.383049e-02 5.630031e-01 -4.782093e-01 -7.067141e-02 2.339463e-01 -9.240793e-01 -1.338313e-02 2.238891e-01 5.979076e-01 6.203487e-01 -4.198286e-01 8.453835e-02 -3.326656e-01 -5.120183e-01 9.628622e-01 -9.603303e-01 -3.395514e-01 -9.471352e-01 3.623810e-01 4.418645e-01 3.433948e-01 7.656643e-01 3.546791e-01 -4.072251e-01 5.926162e-01 -1.549958e-01 -8.780412e-01 -4.248332e-01 9.449380e-01 4.754857e-02 4.520820e-01
159 -1.129839e-01 7.383131e-02 5.630035e-01 -4.782094e-01 -7.067045e-02 2.339472e-01 -9.240812e-01 -1.338432e-02 2.238886e-01 5.979076e-01 6.203476e-01 -4.198294e-01 8.453969e-02 -3.326651e-01 -5.120168e-01 9.628624e-01 -9.603313e-01 -3.395530e-01 -9.471343e-01 3.623813e-01 4.418647e-01 3.433959e-01 7.656650e-01 3.546789e-01 -4.072253e-01 5.926157e-01 -1.549970e-01 -8.780407e-01 -4.248331e-01 9.449380e-01 4.754820e-02 4.520819e-01
156 -1.131495e-01 7.389843e-02 5.629225e-01 -4.782028e-01 -7.080961e-02 2.339206e-01 -9.240881e-01 -1.331255e-02 2.238545e-01 5.979073e-01 6.202145e-01 -4.199921e-01 8.467963e-02 -3.326623e-01 -5.120073e-01 9.629706e-01 -9.603357e-01 -3.396628e-01 -9.471335e-01 3.623224e-01 4.417487e-01 3.435658e-01 7.656065e-01 3.547984e-01 -4.071912e-01 5.926589e-01 -1.550017e-01 -8.781048e-01 -4.249902e-01 9.449425e-01 4.758505e-02 4.519593e-01
161 -1.131512e-01 7.389814e-02 5.629235e-01 -4.782030e-01 -7.081014e-02 2.339204e-01 -9.240888e-01 -1.331176e-02 2.238548e-01 5.979075e-01 6.202148e-01 -4.199923e-01 8.468021e-02 -3.326616e-01 -5.120083e-01 9.629701e-01 -9.603351e-01 -3.396629e-01 -9.471336e-01 3.623230e-01 4.417491e-01 3.435655e-01 7.656067e-01 3.547978e-01 -4.071917e-01 5.926584e-01 -1.550031e-01 -8.781061e-01 -4.249898e-01 9.449417e-01 4.758636e-02 4.519600e-01
169 -1.131503e-01 7.389850e-02 5.629240e-01 -4.782026e-01 -7.080997e-02 2.339201e-01 -9.240876e-01 -1.331136e-02 2.238547e-01 5.979069e-01 6.202150e-01 -4.199939e-01 8.467840e-02 -3.326624e-01 -5.120084e-01 9.629709e-01 -9.603361e-01 -3.396630e-01 -9.471342e-01 3.623225e-01 4.417487e-01 3.435672e-01 7.656075e-01 3.547988e-01 -4.071926e-01 5.926598e-01 -1.550014e-01 -8.781047e-01 -4.249912e-01 9.449427e-01 4.758648e-02 4.519596e-01
