0 0.03606579 -0.07225570 -0.40216271 -0.21389379 -0.00449979 0.33644686 0.29092092 -0.65547525 -0.14191015 -0.19846747 -0.15478219 0.04564672 -0.05446667 0.00414714 0.26446296 -0.00005667
1 0.09026494 0.17513934 -0.18677388 -0.53069156 -0.04285145 0.36372172 -0.02365554 -0.52199916 -0.01024390 0.07919099 -0.08390952 -0.10623631 0.32165680 0.16552829 0.27569459 0.07690688
2 -0.09017944 0.46882643 -0.38967142 -0.16733947 0.10437793 0.42865359 0.20749423 -0.50403165 -0.18154546 -0.11636481 -0.06541159 -0.11417948 0.10285180 -0.08267288 0.04559269 -0.13105563
3 0.12636815 0.16244527 -0.30143968 -0.34819943 -0.25189192 0.42328165 0.02800692 -0.46696896 -0.24861541 0.21129597 -0.08227080 0.03704562 0.33078991 0.15494884 0.18558638 0.04003397
4 -0.15349394 -0.24028510 0.17073219 0.14962252 0.19553286 -0.44356447 -0.04771890 0.66220486 0.28683218 -0.16754368 0.06538367 -0.13773065 -0.10366192 -0.09097213 -0.18985336 -0.05231672
5 -0.09566982 -0.00578013 0.20614823 0.31566195 -0.09714616 -0.31152170 0.17676919 0.02891612 -0.52735470 -0.34796749 -0.18789873 0.01771067 0.13521255 -0.08257814 -0.44639548 -0.22568391
6 0.24974093 0.27592383 -0.00531625 -0.10015525 -0.42274554 0.27900709 0.05713579 -0.43849135 -0.22130075 0.17831808 -0.11575496 -0.02014886 0.22225072 0.28900672 0.39585947 -0.12303142
7 -0.27000126 -0.19272699 0.40753244 0.31786721 0.18382024 -0.28235269 -0.05951597 0.37063758 0.28626830 -0.21155254 0.11387527 0.01648044 -0.40740213 0.00682403 -0.24574688 0.04525805
8 0.20629643 0.29548067 -0.27400876 -0.41421591 -0.04859556 0.43988044 -0.11126699 -0.41955358 -0.29883346 0.16690411 0.08239212 -0.04849194 0.25257121 0.16606525 0.09003319 0.11593642
9 0.07882177 0.14526764 -0.25705116 -0.35195669 -0.35043389 0.33745301 0.25207186 -0.54091574 -0.22502973 0.09984635 -0.17170207 0.04197726 0.22247175 0.15490900 0.11512683 -0.10644768
10 -0.36831424 -0.10016412 0.16872076 0.46880667 0.23899355 -0.36114402 -0.06790240 0.39217341 0.05317845 -0.33282284 0.20315427 -0.06353828 -0.21820652 0.14371051 -0.01051155 -0.18118137
11 -0.49671513 -0.30651837 0.24440265 0.31905213 0.41287472 -0.16616342 0.21217802 0.31228015 0.03273640 -0.09320978 0.09342323 -0.13910528 -0.19560111 -0.22127393 -0.12418094 -0.12922333
12 -0.18499514 0.15949767 0.09876216 0.34402692 0.18057156 -0.46790103 0.22075413 0.34434192 0.25777815 0.19569721 0.17081581 -0.37405990 -0.08785645 -0.13995927 -0.06355489 -0.29697676
13 0.10578270 0.37712668 -0.32236587 -0.27012072 -0.27465850 0.31127738 0.13631686 -0.42052368 -0.15686639 0.18979521 -0.11588440 -0.03013952 0.37210677 0.13781633 0.26104089 0.03716416
14 -0.44939103 -0.18318362 0.31707755 0.45441176 0.18871698 -0.18077503 -0.13451907 0.42663838 0.21306961 -0.00806121 -0.06284932 -0.21675217 -0.00940292 -0.20755306 -0.20974843 0.07414563
15 0.10337285 0.28318793 -0.29016473 -0.19811858 -0.31555779 0.38780801 -0.06348013 -0.59588395 -0.13972438 0.05860234 -0.02980939 0.09444890 0.11542291 0.08636198 0.32557679 0.13055845
16 -0.19702814 -0.18477672 -0.17514336 0.35236605 0.18036749 0.12976362 -0.29285698 -0.25957733 0.18192585 0.09967983 -0.01607864 0.44750518 0.09539509 -0.41481192 0.22149363 -0.30968168
17 0.21981271 0.34376185 -0.34013472 -0.37914802 -0.34419517 0.26958929 -0.07571630 -0.42447293 -0.04738190 -0.00170797 -0.01094109 0.01813236 0.19055177 0.26412223 0.27566375 -0.11067475
18 0.00470633 0.06607131 -0.49237719 -0.10632075 -0.10813722 0.18078707 0.13938688 -0.35978536 -0.07506749 -0.15602559 -0.21019439 0.21307727 0.50813099 0.14204920 0.38732059 0.02581020
19 -0.27864952 -0.23541656 -0.23354620 0.16352583 0.19260490 0.29406438 0.27236667 -0.31554273 -0.19210955 -0.05881942 0.23492151 0.34335777 0.09937085 0.22238050 -0.22907175 0.40382872
20 0.11608337 0.13031791 0.14600813 0.42127125 -0.33572132 0.10527257 -0.06234992 0.18402377 0.32277625 0.14777935 0.03283453 -0.24090528 0.35244973 -0.25215581 0.43544929 0.21599657
21 -0.25573764 -0.16443762 0.31575854 0.33165519 0.32178428 -0.41133067 -0.15559327 0.51837491 0.09143101 -0.04060098 0.12493421 -0.13481799 -0.23011798 -0.16263369 -0.08661410 -0.03874957
22 0.32965430 0.05509704 -0.06532520 -0.45129037 -0.03270344 0.32556806 -0.18793870 -0.65595019 -0.08144399 0.10266853 0.05166661 0.09504748 0.13598344 0.13297542 0.18639517 0.08894816
23 -0.28174823 0.30469313 -0.24529979 0.00649697 0.07276742 0.28916692 0.12760705 -0.69313311 -0.00053371 0.06746288 -0.18056051 0.19417739 0.28631620 -0.06982395 -0.01202233 -0.14170672
24 -0.31710032 -0.26341300 -0.01989931 0.17790663 0.53441333 -0.02302148 0.36804385 0.45549003 0.02186955 -0.11994671 -0.32995100 0.05725925 -0.08609865 0.03973861 -0.14742395 -0.10593133
25 -0.38857130 -0.24029304 0.28084915 0.40699394 0.44226985 -0.29530010 -0.05906713 0.33280653 0.02626753 -0.15669537 0.10734487 0.06777834 -0.11781225 -0.19263553 -0.18410553 -0.15314743
26 -0.20430419 0.15724740 0.34509506 -0.43144969 -0.08945917 0.14974314 -0.22360956 0.01465893 -0.20359627 -0.22631313 -0.03987585 -0.41343595 0.30942546 0.32621855 -0.24966879 -0.13403707
27 -0.33321618 -0.09868251 0.32896455 0.21613420 0.23678210 -0.31994651 -0.10016768 0.64116259 0.24125748 -0.04733009 0.09228653 0.05162609 -0.20957026 -0.02675472 -0.16856643 -0.00806211
28 -0.02719443 0.43137336 0.29589023 -0.01003169 -0.06741297 0.06105039 -0.27939578 -0.48463799 0.05498174 0.36760904 0.31934376 -0.05826956 -0.14689427 -0.02163468 0.07612478 -0.36461217
29 0.05892209 -0.10623292 -0.38048323 0.04861861 -0.02300067 -0.17182687 0.05561232 -0.32507874 -0.23009967 0.01617361 -0.01227889 0.38791458 0.20817628 0.28641466 0.59214385 0.13945635
30 -0.05161201 0.01795315 -0.36547070 -0.15944833 -0.08116204 0.60430252 0.06854114 -0.48039216 -0.18962111 0.28263068 -0.08769901 -0.07575539 0.21612639 -0.14171733 0.17886081 0.05221188
31 0.10199644 0.16640388 -0.35498415 -0.43030375 -0.19460808 0.28221860 0.02323269 -0.59683606 -0.28034704 0.18627824 -0.10649611 0.04822324 0.13732443 0.08218620 0.14092400 -0.06344798
32 -0.04475857 -0.16133400 0.34027123 0.40076690 0.14490208 -0.49682517 -0.13548531 0.46595653 0.28933249 -0.22818942 0.04165537 0.10676163 -0.14774296 -0.00270750 0.06709539 -0.13042908
33 -0.39970025 -0.14107228 -0.16511235 0.21704577 0.06850154 -0.29718673 0.05616064 0.30174203 -0.17611039 0.07013766 0.25227129 -0.36040176 0.26432017 0.24223992 -0.25061188 -0.37139824
34 -0.26023719 -0.14117330 0.42589072 0.25217176 0.26430414 -0.47221568 0.02170166 0.48287786 -0.02518758 -0.07491490 0.21050858 0.01183512 -0.27442742 0.06310720 -0.05786504 -0.08686197
35 0.13592299 0.22919673 -0.31070943 -0.38169351 -0.19371635 0.42057809 -0.06015733 -0.47779464 -0.16032581 0.21168328 0.01303355 0.04203186 0.29936831 0.22628711 0.16034115 0.03817972
36 0.10205728 0.14479986 -0.23726991 -0.04345978 -0.29076448 0.41578929 0.19982327 -0.58804295 0.21340801 -0.07790329 -0.03493888 0.11298264 0.15795920 -0.11365215 0.32813037 -0.23695530
37 -0.34209037 0.37628877 -0.24285446 -0.04538278 0.01425931 0.28561147 -0.33062615 -0.27937414 -0.23472819 0.36548534 -0.11625032 0.18900389 0.28783411 0.07905010 0.11059689 0.26825310
38 -0.20854958 0.10962460 -0.19391859 -0.56802878 -0.14821279 0.32912106 0.06884798 -0.59071723 -0.03996493 0.10310859 0.14162182 -0.05669177 0.08226223 0.00519870 0.05168744 -0.23513580
39 0.07205032 0.28712073 -0.32320036 -0.41909975 -0.22804459 0.34946499 0.23200976 -0.48540563 -0.28673146 -0.06152756 -0.16530781 0.01148236 0.10949688 -0.11611521 0.13127393 -0.11191899
40 -0.03923051 -0.24592923 0.40500870 0.20061596 0.39383164 -0.27667878 0.21926034 0.52750813 0.16710811 -0.13069166 -0.17093362 -0.25017239 0.00139361 -0.18875447 -0.05468600 -0.01660832
41 -0.36423997 -0.24005741 0.10238798 0.21748181 0.21760959 -0.36774986 0.16643214 0.50170428 0.37254666 -0.04991757 0.07079989 -0.23436222 -0.11664491 -0.12759860 -0.20453918 0.13028642
42 0.35276062 0.08740644 -0.20957579 -0.14924376 -0.12779301 0.50201694 -0.05349948 -0.60635803 0.01193385 -0.08377073 -0.13655830 -0.22496490 -0.03530069 0.16681428 0.22743957 -0.07497202
43 -0.13614032 0.34027318 -0.08989529 -0.30530306 -0.06611715 0.46386079 0.14102874 -0.31284275 -0.09766616 0.28388904 -0.11174465 0.12705946 0.29373851 0.24334690 0.35285300 -0.19576247
44 -0.07948282 0.26961074 -0.21693964 -0.39196908 -0.42134743 0.26500867 0.08745711 -0.55420556 0.06299034 0.05310154 -0.01152935 -0.07769765 0.03140746 0.27766814 0.05873359 -0.25147784
45 -0.45820280 -0.04551006 0.35488698 0.34463960 0.55438604 -0.16524769 0.03808286 0.28432958 0.01098610 -0.04426908 0.02618182 0.03816157 -0.11731424 -0.28603562 -0.15593158 -0.04687866
46 0.09637232 0.07256469 -0.35439418 -0.35098225 -0.19209861 0.48018687 0.00549035 -0.46290629 -0.22446972 0.28817041 0.04829937 0.05006318 0.22706084 0.06561023 0.16053429 0.18699921
47 0.02075399 0.25174435 0.36392157 0.03663204 -0.08505858 -0.00544673 -0.33126796 -0.44095121 0.04611584 0.14186748 0.10699046 -0.06253088 0.12818395 0.62972549 0.16064093 0.12071138
48 -0.49922303 0.19257113 0.28264018 0.01519775 -0.02296963 -0.35577753 0.22014667 0.20484712 0.46992662 0.27230865 -0.08597646 -0.29582003 0.11937964 -0.08811810 0.02580810 -0.05896866
49 -0.31813610 0.07852495 0.46453221 0.08593815 0.16391006 -0.28144055 0.09566083 0.24856822 0.44786363 0.18283314 -0.16582178 0.04415535 -0.14624560 0.39393047 0.05108206 0.22316038
50 -0.48751549 -0.37360726 0.17106646 0.54052480 0.15151011 -0.29666179 0.15619537 -0.01301573 -0.05183431 0.24195247 -0.09321201 -0.16440638 -0.09230501 0.18809639 0.03734611 -0.15344248
51 -0.15401031 -0.29206388 0.19902338 0.26502169 0.22286001 -0.26124275 0.14260566 0.42900858 0.48423893 -0.16171281 -0.27027339 0.08646967 -0.02773332 0.19227500 0.28087670 0.03224914
52 0.11461927 0.14555824 -0.00606280 -0.33866160 -0.09269207 0.09433114 -0.05758055 -0.30475788 -0.14774414 0.29322868 0.04744739 0.25628705 0.46879814 0.52262668 0.13006190 -0.22735781
53 0.19013850 0.27496309 -0.21720099 -0.40186974 -0.33639855 0.37707353 0.08318252 -0.46216597 -0.14173302 0.10977212 -0.09999413 0.04938002 0.29990582 0.12462367 0.22485063 0.05562551
54 -0.41307939 0.33641209 -0.22287914 -0.18375293 -0.34370406 0.09156884 0.08567373 -0.14151647 -0.38578419 -0.31145860 0.18112659 0.12439997 -0.13172448 0.32932684 -0.07911534 -0.22952778
55 0.03724255 0.18001919 -0.38621160 -0.24622868 -0.10992401 0.42419745 -0.06457878 -0.62598231 -0.17727276 0.15195671 0.04222668 0.02798925 0.13008443 0.26914275 0.13321000 -0.06464857
56 0.13212035 0.19120637 -0.30274097 -0.35661553 -0.08666344 0.33158539 0.16222624 -0.56188009 -0.29644877 0.17605571 0.03787840 0.16403159 0.16514986 0.16467696 0.20233575 0.15849366
57 -0.32080299 -0.23146592 0.29856014 0.22364252 0.36073404 -0.24117923 0.12634654 0.57291505 0.22812726 -0.01418135 -0.06740550 0.15103029 -0.16879567 -0.17509532 -0.17714228 0.04167398
58 0.10842868 -0.03463759 -0.43442142 -0.00143033 -0.35651333 0.03516629 0.09049731 -0.28490768 -0.20608702 0.36471402 0.10272114 -0.14609085 0.54127799 -0.04697612 0.27892061 0.01584932
59 -0.21791370 -0.30105903 0.42963626 0.06548654 0.44402995 -0.00243014 0.07723955 0.47919144 0.37945670 0.11008168 -0.08699275 -0.01594726 -0.24465235 -0.10019714 -0.02646034 0.07563462
60 0.23356600 0.19035504 -0.01741540 -0.13663720 -0.35187410 0.15219756 -0.20783985 -0.24198539 -0.07978895 0.40654694 -0.16176419 -0.05263034 0.55015534 0.30826897 0.19458944 -0.07317817
61 -0.41683201 0.10052199 0.11362662 0.19811272 -0.11341633 0.19497954 -0.31541414 0.40800186 0.18398448 0.16682039 0.35601070 -0.01958470 0.01962779 -0.38052805 -0.30884174 -0.13333526
62 0.11995474 0.20155492 -0.11350193 -0.52433506 -0.27854110 0.38102094 0.23634591 -0.36195369 -0.31476547 0.21189234 -0.04820585 0.21965968 0.14586550 0.02494788 0.04366121 -0.17084872
63 0.09105987 0.23683210 -0.10083575 -0.06392356 -0.13396782 -0.15833527 0.29764016 -0.49994066 -0.45344674 0.08964429 -0.24321096 0.26723363 -0.05720911 -0.06615739 0.42061685 -0.10503891
64 -0.41365553 0.13982621 -0.00738849 0.40087424 0.05172878 -0.43976467 0.01645581 0.17258912 0.03856015 -0.33394493 -0.21880124 0.10585171 -0.32007116 -0.07787404 -0.30544233 -0.22037869
65 0.07557288 0.18299122 0.11561853 -0.22892913 -0.00746750 -0.00772450 -0.26109612 -0.27375376 0.26732388 -0.24217458 0.28679478 0.38168619 0.12173206 0.16914405 0.36389111 -0.46680585
66 -0.21321785 0.26820523 -0.17370610 -0.21867046 0.21493720 -0.26053429 -0.21076487 -0.19436290 -0.38467730 -0.09333403 0.22751981 -0.02283235 0.11321714 0.58834025 0.14607477 -0.13807235
67 0.19084889 0.16628911 -0.25491335 -0.29677547 -0.22799545 0.43370961 0.06527288 -0.61919157 -0.18523495 0.10168749 -0.05629657 0.05987163 0.24583912 0.06156764 0.19623441 0.03133358
68 -0.02711462 -0.12578150 0.23400602 -0.60696805 0.25693538 -0.22429838 -0.51249626 -0.00058675 0.18449872 0.12738083 0.03311614 0.12296695 0.13333241 -0.28555843 0.06918378 0.10346848
69 0.18682037 0.24503457 -0.23559197 -0.11139369 -0.21538736 0.38944087 -0.00160865 -0.65871368 -0.05447462 0.07766983 -0.10412562 0.15276245 0.24133187 0.20672351 0.18792025 0.16035455
70 0.05651060 0.17505269 0.37895449 0.26054427 0.10686308 -0.52705374 0.20104149 0.48827149 -0.07048750 -0.25610366 0.08729139 -0.12068271 -0.21618016 -0.20727813 0.03760529 -0.05279470
71 -0.24648277 -0.28536505 0.33218190 0.09292417 0.34210861 -0.33542500 -0.03901308 0.39192133 0.09320995 0.00913531 0.04582543 -0.06823643 -0.39471027 -0.30254864 -0.30159425 0.01849435
72 -0.08240083 -0.21923779 0.53573616 0.25328726 0.29956908 -0.42891269 0.09736251 0.16918124 0.13771964 -0.22127153 0.02332668 0.05234694 -0.07813158 -0.37840572 -0.23629099 0.07633311
73 -0.23360429 0.13811888 -0.32290793 -0.45122969 -0.38217800 0.14807724 -0.14163625 -0.28660720 -0.31077856 -0.00497674 0.10966460 0.12484579 0.25874362 0.37657725 0.00728906 0.12349227
74 0.04077493 0.15164712 -0.21305396 -0.25989545 -0.23442093 0.34379229 0.04462233 -0.58708260 -0.30056003 0.04497923 -0.04544810 0.13481607 0.28451634 0.22674444 0.29921931 -0.09002406
75 -0.01237585 -0.25614032 0.37227930 0.42340119 0.06105251 -0.49568797 -0.05844871 0.44660294 0.10389292 -0.19609723 -0.21225053 -0.07642533 0.03874184 -0.20539191 0.09326427 0.10747158
76 0.29149152 -0.00122718 -0.23869730 -0.23484026 -0.10538844 0.40625794 0.16911740 -0.35991609 0.26950473 0.13456969 -0.14494167 0.30776132 0.22257921 0.43147494 0.15009775 0.06248147
77 0.10161942 0.33998832 -0.19523108 -0.37111821 -0.34001689 0.30268495 -0.04059448 -0.54606303 -0.30612005 0.12246274 -0.03939330 0.06061908 0.09197839 0.25015150 0.05961589 0.05149920
78 0.20718942 0.26663958 -0.29223527 -0.30913661 -0.24064089 0.44443645 0.07441213 -0.57243983 -0.10225033 0.17771945 -0.06396927 0.07560886 0.18858885 0.04248383 0.14580374 0.07664988
79 -0.34393897 -0.26982578 0.34952368 0.24327436 0.16522770 -0.39979742 -0.00157393 0.54390003 -0.02428971 -0.21612728 -0.02391260 -0.08369255 -0.27100074 -0.11380913 -0.01944007 0.05416506
80 -0.05750436 0.04735946 -0.21254358 -0.41358613 -0.10640196 0.37002855 0.23597440 -0.38095547 -0.26572963 0.21291321 -0.20870119 -0.07759505 0.45916275 0.19607892 0.11612500 -0.02974446
81 0.34363722 -0.29883124 -0.37226009 0.24999677 0.26781812 0.29888289 0.47284703 0.02956663 0.01924084 0.22267675 -0.10247460 0.02096571 0.03981862 -0.10513076 -0.26478565 -0.24975224
82 -0.19816804 -0.11292983 -0.05533411 -0.05023475 0.00744525 -0.07741979 -0.20962835 0.60464650 0.29711252 0.06275113 -0.37664081 -0.08115940 0.07659212 -0.20977995 -0.24064702 -0.42232276
83 0.23176539 0.37065211 0.01501889 -0.39420434 -0.19715965 0.21569236 0.10812968 -0.47820614 -0.06498189 0.15848819 0.13225041 0.03325829 0.30594492 0.02677205 0.42805777 -0.04495552
84 0.24831110 0.11005081 0.14059169 0.16747109 -0.16364601 0.20483315 -0.08720032 -0.60089391 0.12453573 0.27389376 0.22147066 -0.15236911 -0.04058330 0.28981484 0.43699761 0.04005883
85 -0.23967616 0.25233445 0.11412757 -0.19265543 0.05731040 0.15536497 0.31264167 -0.53667832 -0.16530727 0.41935917 -0.25270106 0.11349219 0.05020773 -0.35943376 -0.05867134 -0.02162341
86 0.03859732 0.40644343 -0.30441025 -0.42055788 -0.13935424 0.37669266 0.06052486 -0.44056772 -0.20806384 0.06118381 0.10188990 0.11951112 0.11867467 0.23375056 0.21789446 -0.12961419
87 -0.29356697 -0.26956364 0.33939239 0.34908949 0.29584799 -0.31953105 -0.05274707 0.48833662 0.12226221 -0.28974947 -0.02177283 0.00710272 -0.19983710 -0.16882462 -0.06303913 0.03720647
88 -0.38787328 -0.19272247 0.25547711 0.22740474 0.24751581 -0.34806308 -0.03374783 0.55097859 0.29244959 -0.21468084 0.01715634 -0.13680882 -0.23376608 -0.04325281 -0.01413647 0.03097982
89 -0.10600684 -0.12773280 -0.07348994 0.35032864 -0.22156546 -0.30700822 0.39548835 -0.13711711 0.28996730 0.15364906 0.21381322 0.28358476 0.05961807 -0.19874067 0.45146893 0.21226560
90 0.11173808 0.31523748 -0.28438740 -0.28591107 -0.24726068 0.45791422 -0.05485760 -0.50548708 -0.17271064 0.12157918 -0.13335594 0.04319359 0.14226778 0.23613666 0.20326879 0.12078898
91 0.11949034 0.16137781 -0.25234455 -0.35733038 -0.24553959 0.37701995 0.14272887 -0.51502701 -0.24262399 0.09795136 0.03007816 0.11055951 0.32234824 0.11997085 0.28024125 -0.04281228
92 -0.25069189 0.10952931 0.03868974 0.16079309 0.37548756 -0.42607427 0.05826456 0.57459691 0.14656152 -0.19392033 -0.27644919 0.16683882 -0.21759260 0.14497225 -0.09211412 0.03906162
93 -0.21224789 -0.26085595 0.16750673 -0.28718291 0.31966063 -0.04644788 0.44321596 0.20477083 -0.29594026 0.23095165 -0.17442796 0.21530644 0.21773663 0.25797119 -0.17331281 0.26826048
94 0.01155287 -0.39750428 0.00299345 0.37179776 0.09903125 -0.40260493 0.03859382 0.46008932 0.33830471 0.18116831 -0.06286398 0.14515746 -0.10198815 -0.25170132 -0.21903579 0.15658337
95 -0.21070539 -0.12381055 0.15616356 -0.25794747 -0.10644505 0.37103621 -0.09551318 -0.36137107 -0.14799535 0.51337613 -0.30979305 0.23355336 -0.02641078 -0.29594352 0.14282873 0.12642496
96 -0.06737734 -0.25050794 0.06825725 0.46858541 0.51221044 -0.51198808 -0.09007113 0.30917359 0.19845277 0.01082529 0.16928193 0.06003399 -0.03181255 -0.01046630 -0.00698687 0.08573647
97 -0.37411905 -0.31707464 -0.04564662 0.39328731 -0.17027621 -0.27737413 -0.11607289 0.37356961 0.19265830 0.08327233 -0.28485750 -0.16185040 0.33492245 -0.00961635 -0.05710293 0.27724610
98 0.25498334 0.08280034 -0.17328713 -0.27603151 -0.36282620 0.43559765 -0.06138961 -0.43135691 0.03351023 0.27283064 -0.11065003 0.20668780 0.17028786 0.33530830 0.10808546 -0.16445455
99 0.04609050 0.20237030 -0.34445869 -0.27268352 -0.28212936 0.43463772 0.10176056 -0.50228919 -0.25472888 0.15617107 0.00516529 -0.02245283 0.21566712 0.15571999 0.25005550 -0.09829282
100 0.30530267 0.11691934 -0.26590615 -0.29205029 -0.18851238 0.48114997 -0.03308868 -0.47095642 -0.27842345 -0.01443408 0.00742188 0.05807044 0.28900144 0.22614028 0.14899283 0.09575136
101 0.08183042 0.22032245 -0.32226531 0.24104829 -0.24418513 0.23343658 0.13195117 -0.55600664 -0.43980418 -0.19289102 -0.05594266 -0.10499542 -0.27504289 -0.02120606 -0.09322467 0.11203424
102 0.35830511 0.39748884 0.18405065 -0.47697701 -0.17086029 0.25794660 -0.15605627 -0.38141880 -0.26039301 0.03933742 -0.19536647 0.02752882 0.03356937 0.15148277 -0.14938195 0.17890798
103 0.08572188 0.08966597 -0.24527279 -0.35581751 -0.03231765 0.27686607 0.18573071 -0.48777064 -0.23964491 -0.30767899 0.32408156 0.08652509 0.39299219 -0.06244436 -0.07188253 -0.14003870
104 0.17380387 0.34726026 -0.18724701 -0.33564492 -0.19249220 0.55209881 -0.05316250 -0.32565978 -0.11827214 0.29201077 -0.10731074 -0.00919586 0.22560650 -0.02115219 0.21144355 -0.20934148
105 -0.04119195 -0.13372294 0.09206996 0.50358526 0.18841596 -0.36569015 0.10774280 0.47928147 0.23133409 -0.17788749 0.23372720 -0.03318941 -0.32396309 -0.19018736 -0.12176941 -0.10467497
106 -0.12453375 -0.06824273 -0.30012369 -0.26218331 -0.11267370 0.28493344 -0.21047264 -0.24678777 -0.40181691 0.45170833 0.06499382 -0.11969028 0.00899923 0.27271592 0.13005869 0.38277561
107 0.10010551 0.34263221 -0.35973352 -0.25813633 -0.13446967 0.39423944 0.09131444 -0.46995253 -0.16916900 -0.00811436 -0.03630641 0.15769802 0.32268359 0.24352429 0.23094903 0.04692444
108 0.02723452 -0.21493450 0.13682122 0.12813112 0.28254140 -0.43702833 0.10533412 -0.12815435 0.44308790 -0.26787236 -0.28844166 -0.16559091 -0.21832903 0.32501418 -0.19150415 0.22562037
109 0.41531173 0.01916562 0.39957365 0.00577903 -0.17456090 -0.34071633 -0.07160979 0.36872993 0.34774738 -0.17409136 -0.16386807 0.12890423 -0.22433088 -0.31431903 0.08532210 0.16941591
110 0.00647306 -0.13977413 0.28694715 0.05281178 -0.01400141 -0.24425962 -0.18492708 0.69659790 0.11250122 -0.17826617 -0.17661257 -0.06225567 -0.30086483 -0.34961339 0.00417265 0.15400774
111 0.20445276 -0.28199509 0.03157230 -0.40311684 0.06202584 0.50227328 0.21523917 0.17271467 -0.20137571 0.08597387 0.37382693 -0.07304675 0.01495625 -0.19541678 0.10529103 -0.37466016
112 0.06475090 -0.12295876 0.39819991 0.10242726 0.27152874 -0.29161879 -0.18975152 0.50577430 0.23849284 -0.05610574 -0.21884187 -0.03844683 -0.13503998 -0.42066770 -0.09790893 -0.21649807
113 -0.06474936 0.07536070 0.12257733 0.52427485 0.23524476 -0.17387403 -0.20479785 0.66039708 0.07789532 -0.01726125 0.26349047 -0.11770272 -0.13804229 -0.09545026 -0.03283509 0.13307466
114 0.26656691 0.13225955 -0.20559381 -0.41851953 -0.04147033 0.49915598 0.00455114 -0.55997160 -0.03470261 0.20990396 0.11526508 0.14530506 0.12229750 0.14928384 0.01017737 0.11201448
115 0.07836970 0.35903400 -0.23577569 -0.33171278 -0.14981124 0.40357492 0.00314507 -0.55331162 -0.35084997 -0.06125081 0.04719555 -0.08080324 0.15755111 0.12851452 0.16416754 -0.06289840
116 0.12006439 -0.38358858 0.14411372 0.31097921 0.23399520 -0.07535666 -0.23431013 0.47362267 -0.15733211 -0.27270152 -0.13742920 -0.13570070 -0.19199326 -0.22008555 0.12082798 0.38078344
117 0.04994268 0.32342307 -0.55051973 -0.12349471 -0.12187383 0.06159674 -0.17710226 -0.43837751 -0.18253959 0.06958443 0.31303065 0.11779523 0.07767078 -0.14252565 0.37320986 -0.12936144
118 0.31164121 0.04423734 -0.44498528 -0.47717991 -0.08789546 0.33420166 -0.09036368 -0.37319902 -0.09772730 0.09829594 0.07838743 -0.03110873 0.07717397 0.21017700 0.32089339 -0.17006755
119 0.16301163 0.20869672 -0.52438905 -0.03410527 -0.51075038 0.10409388 -0.04525747 -0.20631737 -0.29486078 -0.26301995 0.17332090 -0.19561314 -0.18877099 -0.10686463 -0.24588525 -0.07394704
120 0.20868460 0.29174481 -0.25806621 -0.39412724 -0.46340170 0.34969826 0.20195608 -0.29629822 -0.10258974 0.29496585 0.05734904 0.08021214 0.08325134 -0.07657336 0.10668163 0.22883337
121 0.04708625 -0.40652612 0.33655511 0.16693013 0.13712521 -0.29997310 0.05989771 0.63580758 0.22755445 -0.18664078 0.16626997 -0.06898590 -0.08879999 -0.00333299 -0.20891128 0.06478546
122 0.36394661 0.09108180 -0.11585412 -0.46651677 -0.35734445 0.31092973 0.03227455 -0.26484003 -0.25346334 -0.17028765 -0.20521975 -0.05355235 0.27252005 0.24555742 0.14156102 0.19950679
123 -0.13514611 -0.21063304 0.12697336 0.40444550 0.25556280 -0.46780005 0.05453470 0.29994466 0.12689260 0.02826147 -0.21008225 -0.17509007 -0.43126752 -0.23902831 -0.21027410 0.03934282
124 -0.32475595 -0.08791056 0.12172372 -0.02270279 0.13653970 -0.12924523 -0.43944871 0.66177414 -0.04062438 0.16170616 0.07483110 -0.13020220 -0.13169766 -0.01294195 -0.36705741 0.04971106
125 -0.14134509 -0.11281505 0.01554394 0.37781654 -0.19347446 0.01075409 0.15148139 0.67762459 0.27321117 -0.07958989 0.30986114 0.27954550 0.13160183 0.10682461 0.14043938 0.03233263
126 0.24202405 -0.40452807 0.11493362 0.27507099 -0.03802537 0.10281299 -0.23265151 0.40582253 0.23437751 0.16383137 0.10570954 0.49091694 -0.02325325 -0.16185621 -0.31177799 -0.01346764
127 -0.14230230 0.40885252 0.08381797 -0.48632948 0.25085950 0.02652721 -0.19258258 -0.05634896 -0.14541208 0.40881035 -0.33320060 0.19652825 0.19399900 0.00027352 -0.09200579 0.28483871
128 0.04298421 0.41917595 -0.42890378 -0.15850201 -0.08083216 0.24242702 0.10218880 -0.53437490 -0.24746035 0.18087175 -0.04110237 0.17094978 0.22693418 0.19063612 0.19822713 -0.00768562
129 0.04036682 -0.06458999 -0.14129725 -0.30605273 -0.41246664 0.66089384 -0.05724273 -0.11992780 0.09753448 0.07638484 -0.04108570 -0.03885024 -0.04145814 -0.25218855 -0.01269837 0.41469578
130 -0.00991064 -0.26060145 -0.14307194 0.09829524 0.06369511 0.02583472 0.08388616 0.34597313 0.26060538 -0.39555623 0.24581516 0.41595154 -0.13790438 0.04130850 -0.50016258 0.20418382
131 0.04606507 0.23550042 -0.26482049 -0.12055547 -0.24864610 0.33612906 -0.19050305 -0.65863688 0.04056529 0.27330411 0.04396301 0.12994693 0.21448700 0.25472313 0.03349351 0.07538220
132 -0.40256683 -0.16550094 0.07598502 0.20501063 0.28727598 0.04670429 0.01086738 0.18156065 -0.21425338 0.13606506 -0.29846359 0.15327749 -0.27672061 0.24486047 -0.51755055 0.25213673
133 0.09602630 0.01700861 0.56602946 0.01076228 -0.13616287 -0.46625002 -0.18158815 0.37565915 0.12539356 -0.20122247 -0.03528239 -0.16978581 -0.32038081 -0.01306130 0.09156788 -0.24995158
134 0.02885364 -0.10668259 0.17156939 0.45974044 0.20252241 -0.54408986 -0.03490905 0.34725985 -0.07180442 -0.35792771 -0.12452047 -0.04851506 -0.28947470 -0.03395282 -0.15400579 0.16834032
135 -0.13605484 -0.13640726 -0.23664617 -0.14228280 0.28875943 0.30043931 -0.01788776 -0.29399393 -0.34540110 0.37069148 0.27728855 0.09124464 -0.26326668 0.27192774 -0.07896124 0.36717926
136 0.28014547 0.28997607 -0.19037870 -0.34360650 -0.36566994 0.21727096 -0.07971499 -0.45912042 -0.17255390 0.20587371 -0.12889931 0.10021909 0.14072955 0.29888723 0.27664947 -0.02376262
137 0.29819043 0.01603994 -0.29060679 -0.16826093 -0.27919277 0.36744726 0.17858417 -0.54502595 -0.05036934 -0.13325442 -0.06537880 0.25547444 0.20768215 0.05192094 0.34239252 -0.05704187
138 0.17866230 -0.08281535 -0.07575416 0.35533046 0.27095137 -0.09017725 -0.29785523 0.16094120 0.27503404 0.02253917 0.08432671 -0.19018956 -0.37399912 -0.54839458 -0.26632602 -0.04561003
139 -0.26524052 -0.38502892 0.02863092 0.20240813 0.28589750 -0.31902609 -0.23472370 0.31009800 -0.21466128 0.03991314 -0.14594954 -0.16103652 -0.23916664 -0.09609239 -0.32851611 0.36820728
140 0.09039017 -0.10558738 0.25412663 0.06245455 0.08542611 -0.47710257 -0.05260250 0.56399331 -0.08544102 -0.13439094 -0.04689941 -0.09803883 -0.39433312 -0.27391339 -0.28875963 0.07306510
141 -0.09032127 -0.30365989 0.19162395 0.22077146 0.36988632 -0.36975214 -0.00739560 0.59203528 0.13454399 -0.17063140 0.11589091 0.03840832 -0.12978677 -0.17348893 -0.27698755 0.06551170
142 0.15578983 0.20721588 -0.14865633 -0.29789476 -0.33621431 0.46081984 -0.03002750 -0.55475042 -0.29584881 0.11375201 0.07837732 0.02972116 0.12732233 0.12807099 0.21797127 0.01701273
143 0.46242773 0.07056808 0.08197000 -0.07090890 0.10748061 0.05366924 -0.39328998 -0.28109969 0.40677417 0.15456726 -0.14813829 -0.12969790 0.07089753 -0.52300090 0.08816033 -0.08279888
144 0.18111922 -0.47318707 0.37383978 0.17693148 0.16731972 -0.15700543 0.06793208 0.54944101 0.15601058 0.09481925 0.08029918 0.18920938 -0.07655397 0.07891647 -0.24676970 0.25400860
145 0.35341162 0.15810013 -0.15448191 -0.59003028 -0.07566640 0.42150606 -0.07279953 -0.40807970 0.09297696 0.03547798 -0.14166775 -0.01408617 0.21871300 0.18570116 0.10104496 -0.01344035
146 0.15390060 0.12873291 -0.18481606 -0.28348739 -0.20280201 0.30988960 -0.21731167 -0.60615816 -0.18920233 0.30282583 -0.14898185 0.24217902 0.12992188 0.14743106 0.17877429 -0.12035340
147 -0.10771629 -0.30152286 0.13753205 0.43619407 0.08820292 -0.39211535 0.05721276 0.34735709 0.38523644 -0.14444985 0.05143224 -0.22693360 0.09469917 -0.24177037 -0.33040378 -0.05321527
148 0.05080252 -0.14053010 0.19979951 0.34092225 0.16836120 -0.36261846 -0.11718453 0.45950724 0.33139584 -0.29665257 0.03150855 -0.11937676 -0.20699342 -0.40734306 -0.12041887 0.02146879
149 -0.14085259 -0.37743999 0.44663473 0.08236847 0.02339245 -0.32013693 -0.17867392 0.60526894 0.17989055 0.03776856 0.02283272 -0.03683046 -0.17075516 -0.22541054 -0.06115069 0.10368798
150 0.26265781 -0.12203022 0.02676233 0.45335855 -0.24593694 -0.46578021 -0.11614863 0.42096578 0.02666431 -0.06471325 0.07383010 -0.01627708 -0.33395804 -0.14249469 -0.24975856 0.19210355
151 0.14165174 -0.04152480 0.35739561 0.24174598 0.14830499 -0.47815663 -0.06496171 0.17692299 -0.22110611 -0.27267422 -0.39679903 -0.34165384 0.00005494 0.28930466 -0.15376051 0.03365109
152 -0.05703766 -0.37791799 0.39029707 0.36715268 0.01492088 -0.50457238 -0.01361653 0.46043712 -0.03860884 -0.09131708 -0.13677966 -0.03015762 -0.07181051 0.01825784 -0.21863649 -0.13056992
153 0.12001954 0.31876699 -0.21157842 -0.41668638 -0.11321238 0.18260243 0.13325389 -0.59942851 0.00183308 -0.07825491 0.14400801 0.11467940 0.21371970 0.35161227 0.17053393 -0.06286607
154 0.00501962 -0.20104653 0.47054834 0.42902807 0.07129169 -0.23487687 0.01342563 0.43695100 0.23864576 -0.07140684 -0.12295924 -0.22843060 -0.21003590 -0.17175369 -0.30948463 -0.06303007
155 0.13725185 0.20269718 -0.37271437 -0.18057867 -0.27372824 0.32220015 0.16017893 -0.29712779 -0.08551329 -0.03326596 0.12683520 0.21785513 0.45528798 0.31569498 0.28847195 -0.11719694
156 0.49343605 -0.25265103 0.06326853 -0.10500621 0.05760909 0.35233146 0.12611642 -0.16281094 -0.40448190 0.05562251 0.15376653 0.28581016 0.41522668 -0.17748389 0.16298641 -0.07266863
157 0.10136718 -0.22404430 0.45591443 0.24563860 0.02417547 -0.29107470 0.03779481 0.57405055 0.20813359 -0.13056263 -0.06897128 -0.18209668 -0.22480680 -0.20906654 -0.23837426 -0.07556125
158 -0.06730648 0.48474256 -0.23570829 0.02602870 0.04365305 0.17900088 -0.05948605 -0.03564197 -0.30286800 -0.46148420 0.33416207 0.01197123 -0.11612694 0.20750999 -0.07497577 -0.43223977
159 0.13063873 -0.37741291 0.32286811 0.06037756 0.14621100 -0.37427150 0.15132322 0.44099381 0.22962461 -0.17719350 0.07030106 0.10932820 -0.31900679 -0.18672945 -0.32161575 0.11261828
160 -0.10982419 0.04257230 0.09651720 -0.16357957 -0.09920283 -0.49837100 -0.34486009 0.13698899 -0.24400000 0.03217212 0.20180841 0.15372144 -0.31830630 -0.36582785 -0.30975255 -0.31324042
161 0.00811266 -0.38870650 0.16075325 0.47418572 0.02804215 -0.19824854 0.14511315 0.49228642 0.34903788 -0.28766835 0.03872518 -0.20505756 -0.07457033 -0.12588992 -0.02622421 0.15629987
162 -0.15365689 -0.20729565 0.27279284 0.37224119 -0.07985739 -0.46147633 0.03724704 0.41229431 0.08344524 0.11436614 -0.09793725 -0.27812987 -0.30996696 -0.33769646 -0.06744511 0.08982866
163 0.27639608 0.29364917 -0.27786829 -0.29969705 -0.18081784 0.36207231 -0.02667534 -0.51658191 -0.11361351 0.11850812 -0.11402844 0.14448327 0.38297361 0.16508234 0.06395061 -0.01206729
164 0.07637810 -0.08808572 0.40599058 0.31533944 0.39064470 -0.18845856 0.21057080 0.03859657 0.01312987 0.21955239 0.21404679 0.35887643 0.08780559 -0.33692927 -0.37194636 0.07504064
165 -0.26631590 -0.02206991 0.04668659 -0.42216322 -0.22435386 0.20602892 -0.34055408 -0.04896811 -0.51775993 0.31831140 0.15238889 -0.06187507 -0.19472144 0.04219792 -0.26760778 0.17108597
166 0.36943897 -0.04164546 0.24170709 0.13284692 0.05460090 -0.41706057 -0.13131300 0.40416266 0.20809784 -0.25235481 -0.28849165 -0.04578732 -0.36919917 -0.05228657 -0.26363976 0.16534549
167 0.32605130 -0.03497897 -0.06299912 -0.26569288 -0.30884308 0.64065259 0.10903595 -0.35959684 -0.00702726 -0.00621613 -0.15351095 0.13547123 0.10251948 0.27971892 0.18238872 -0.08283880
168 0.28984218 0.18366071 -0.45929961 -0.24758331 -0.25211909 0.19519087 0.01657222 -0.60452936 -0.15224309 0.13933882 -0.06533290 -0.06120166 0.07462026 0.08563420 0.27628718 -0.05262546
169 0.10730501 -0.42531349 0.31859779 0.03175063 -0.08593472 -0.15616396 -0.15393482 0.56316642 0.20653345 -0.09898419 0.18090307 0.07442768 -0.26539589 -0.14757903 -0.24779586 0.29685086
170 0.11294382 0.17260194 -0.39515066 -0.40164640 -0.23798662 0.32366167 0.05785560 -0.46974279 -0.08666784 0.01362013 -0.05121911 -0.01788119 0.37258160 0.04513220 0.28180174 -0.15389017
171 -0.01151479 0.00841237 -0.11805469 0.00478686 0.05285955 -0.03049859 -0.07613142 0.40465310 -0.38236169 0.20721584 0.10500574 -0.40480566 -0.54438449 -0.26242595 -0.28863888 0.00233380
172 0.30275835 0.27970454 0.18552972 -0.36515201 -0.03678730 0.36716631 0.21531419 -0.44114037 -0.02254587 -0.10432084 0.07317973 -0.16131381 0.32683673 0.19347304 -0.18050388 0.25614795
173 0.50781907 -0.01106453 0.14300581 -0.24894610 0.30063002 -0.15572477 -0.33014022 -0.22666280 0.25719182 -0.35779916 -0.00423595 0.12379251 0.18476878 0.02205082 -0.34415485 -0.14831261
174 0.27233649 0.26383535 -0.20249027 -0.42789591 -0.33106221 0.23442579 -0.10153819 -0.46218362 -0.17019250 0.07333642 -0.16716912 0.06511807 0.20230629 0.16778921 0.30955435 -0.11050174
175 0.00512074 -0.31438399 0.13382024 0.19900001 0.25989943 -0.30902955 -0.03261963 0.27763831 0.34079291 -0.29360523 -0.24869816 -0.22153904 -0.45050800 -0.24975336 -0.12094083 -0.09590897
176 0.33733870 0.12731033 -0.34985213 -0.37929527 -0.20951322 0.27574406 -0.03524087 -0.49600011 -0.30925799 -0.00629821 0.09857763 0.22896918 0.13875393 0.17717572 0.16753346 0.00295292
177 -0.06996104 -0.16613371 0.08716178 0.32299691 -0.00282534 -0.51596415 0.13647423 0.41132765 -0.06621209 -0.05964631 0.12379032 -0.12133951 -0.46050133 -0.22082072 -0.31976290 0.02185395
178 -0.04702928 -0.17648637 0.17024342 0.36790955 0.15411654 -0.46130534 -0.16408635 0.42118645 0.29644459 -0.26265186 0.01726544 -0.11926341 -0.33511008 -0.19489346 -0.16112088 -0.11744894
179 -0.01315392 -0.35214312 -0.13883996 0.42743493 0.32266218 0.03467106 0.19662506 0.27703987 0.38309195 0.13856480 -0.17923099 0.13995875 -0.08676971 0.40977846 -0.19046369 -0.15402583
180 -0.11143687 -0.22020982 -0.18519298 0.37114617 0.12432979 -0.32425483 0.35820119 0.25187403 0.34092165 0.23548854 0.42600445 -0.20649093 -0.04755293 -0.08656135 0.03956713 0.21811785
181 0.00526958 0.41965852 -0.43238139 -0.15543490 -0.15075416 0.28928818 0.12126058 -0.39131571 -0.25262160 0.12619021 0.07654819 0.11146799 0.39091109 -0.02030970 0.24082121 0.17103656
182 -0.10705991 -0.13701643 0.12243130 0.43538033 0.34727301 -0.29958637 -0.07179479 0.42990040 0.00757824 -0.12234884 -0.06070027 -0.05470462 -0.42995499 0.09566930 -0.32690046 -0.20571395
183 0.06395026 0.03115845 0.30476678 0.28980129 -0.08770292 -0.32051628 0.21059670 0.54567255 0.33500758 0.06719698 0.20256312 -0.09512609 -0.12645445 -0.19117075 -0.35718398 -0.13636811
184 -0.21525449 -0.13072443 0.24215044 0.39043418 0.42892904 -0.11701385 -0.34080960 0.41468005 0.09352937 0.21302729 0.08038414 -0.16366917 -0.12721967 -0.30711884 -0.19765905 0.05257711
185 0.10937117 0.27494862 -0.14348841 -0.20673573 -0.29280188 0.43024208 0.11635197 -0.59856108 -0.12814574 0.24931750 0.10621406 -0.03929613 0.21501600 0.23791186 0.09258912 0.06037750
186 -0.11991702 0.48488242 -0.49121966 0.15834751 -0.32715489 0.32461168 0.12374447 -0.10040782 -0.09023970 -0.33885058 -0.11820525 -0.20085517 -0.06992678 -0.09391424 -0.14302053 -0.18681025
187 0.38026855 0.37340529 0.19102362 -0.41984768 -0.34199928 0.17167755 -0.28415202 -0.26213317 0.12840974 0.12740924 0.12179357 -0.23313876 -0.11214196 0.22591170 -0.09312889 -0.18197509
188 0.48891081 -0.32076787 -0.26943968 -0.17975745 0.04586691 0.21292511 0.29366209 -0.23183166 0.13846503 0.08710758 0.11035963 -0.37221828 0.26428352 -0.18039782 0.17943743 -0.23166044
189 -0.05341569 0.08980798 -0.41382091 -0.19511803 -0.17074767 0.34216421 -0.16011993 -0.62433429 -0.35868699 -0.14474488 0.08005317 0.20702030 -0.03556400 -0.06336566 -0.01795280 -0.11672198
190 -0.00888209 -0.23102583 0.25639818 0.14319115 0.15720784 -0.38620744 -0.12622282 0.61773866 0.07602971 -0.13368249 0.03172070 -0.06017416 -0.38451544 -0.11876696 -0.29357192 0.11171329
191 -0.06792095 -0.40908484 -0.10168517 0.29167143 -0.14070982 -0.23358467 -0.34607429 0.49336696 0.20626614 -0.28410802 -0.00675119 0.04735788 0.16340890 0.01070450 -0.12141323 0.35773615
192 0.25352717 -0.25533305 0.20710307 0.54908215 0.01253899 -0.22330052 0.05270975 0.30293411 0.48635007 -0.13866060 0.09269664 0.10505644 -0.01491438 -0.17648767 -0.14330687 -0.23297749
193 0.29869978 -0.00264863 -0.08364885 0.24360962 0.08465036 0.12838472 -0.01350682 -0.15588810 -0.14079519 0.58867881 0.17353420 0.21387110 -0.08913098 0.32986636 0.42355660 -0.24066464
194 -0.01660242 -0.06697460 -0.24500767 -0.19614057 -0.14649049 0.41453089 0.23074199 0.04420389 0.09069584 -0.16860484 -0.09318562 -0.39205418 0.11832906 0.15926920 0.55417014 0.32051732
195 0.11967104 -0.33014836 0.03402242 0.18472163 -0.03557092 -0.24325146 -0.13642374 0.31277320 0.01229903 -0.27054664 -0.19070627 -0.28661813 -0.19515263 -0.10565284 -0.49877795 0.41789248
196 0.21212975 0.05248405 -0.10501226 -0.02801455 -0.08113168 0.09983968 0.14375723 -0.59691859 -0.20603297 0.15001279 0.21286774 -0.16812034 0.45911044 -0.10564526 0.42657177 -0.06684617
197 0.06650963 -0.17629084 0.22078494 0.35555828 0.02191600 -0.43385247 0.16764105 0.53736335 0.27069695 -0.02716690 0.17192663 -0.06858811 -0.27540933 -0.18890938 -0.21551022 -0.13228563
198 0.22659766 0.15454400 -0.14905071 -0.28529218 0.40340956 0.07401539 -0.08594831 0.25968229 0.44996463 0.09125410 -0.11600692 0.33015291 0.11628174 -0.05514779 -0.40285615 -0.25692902
199 0.00859089 0.12902193 -0.31380538 0.55695366 0.09526877 -0.17957507 -0.22965550 0.44201793 0.07590682 0.06925461 0.10640352 -0.05057436 -0.21095740 0.14711946 0.39842761 0.18929940
