0 6
1 20
2 8
3 5
4 3
5 1 4 0 370 6906 7494
5 2
6 1 3 449 4725 5479
6 1 2 4361 5259
5 2
6 1 2 3800 4847
6 1 2 4503 5856
4 4
5 2
6 1 2 15 7794
6 1 3 5109 7020 9382
5 1 3 964 7014 8920
5 1 2 3178 9451
5 1 3 4652 5224 6785
4 2
5 1 3 287 1033 8203
5 2
6 1 2 889 4523
6 1 2 1491 5107
4 3
5 3
6 1 2 883 7441
6 1 3 3055 5647 6913
6 1 2 4108 4721
5 1 3 1970 2780 3602
5 2
6 1 3 2202 6504 6637
6 1 3 5366 5555 7647
4 3
5 1 6 2187 3833 4842 5037 5767 6322
5 1 4 4455 5917 6346 8441
5 2
6 1 2 6014 9329
6 1 3 6573 9657 9908
3 5
4 2
5 2
6 1 3 5 3689 8669
6 1 2 8648 8816
5 1 4 4894 5238 8921 9045
4 2
5 2
6 1 2 3249 5283
6 1 2 6150 7374
5 1 2 5543 9417
4 3
5 1 3 4958 6776 9482
5 1 5 5780 6748 7986 8981 10041
5 1 2 8234 8672
4 2
5 1 4 5568 7681 8263 8284
5 1 2 6664 8837
4 2
5 1 3 6972 8247 8638
5 1 3 7455 8616 9014
3 6
4 3
5 2
6 1 2 87 8074
6 1 3 6824 6942 7177
5 1 3 310 5143 8720
5 1 3 3527 5206 8977
4 2
5 1 3 101 5964 8643
5 1 4 4732 6551 6858 9286
4 4
5 1 2 324 5115
5 1 3 2886 3497 3727
5 1 2 4921 7808
5 1 3 6112 6549 8361
4 2
5 1 3 3946 6548 8368
5 1 4 4061 8270 8319 8610
4 1 10 3963 6595 6783 8043 8085 8142 8146 8373 8536 9215
4 2
5 1 3 4352 6128 7926
5 1 3 5166 7135 8459
3 5
4 4
5 2
6 1 2 103 872
6 1 4 4218 5192 7514 7623
5 1 5 404 2824 3952 4569 6910
5 1 2 5796 6645
5 2
6 1 3 6376 8451 8506
6 1 3 7800 8187 8227
4 3
5 1 2 224 7099
5 2
6 1 2 277 1489
6 1 4 1911 2004 5672 7630
5 2
6 1 3 5581 6304 7389
6 1 2 6640 8041
4 4
5 1 3 1739 3554 4494
5 1 3 4674 4755 8628
5 2
6 1 2 5171 7665
6 1 2 5675 7544
5 1 3 7764 8240 8329
4 2
5 2
6 1 2 4943 7175
6 1 2 5784 8305
5 1 2 6862 6883
4 3
5 1 3 6098 8764 8818
5 1 3 6467 6767 8876
5 1 2 6964 7994
3 4
4 3
5 2
6 1 5 126 569 662 6678 7841
6 1 2 5050 5367
5 2
6 1 2 2029 6534
6 1 2 5499 7421
5 2
6 2
7 1 3 3433 5832 8395
7 1 2 7098 7272
6 1 4 3931 5017 5401 7947
4 3
5 1 12 318 1184 2288 2475 5594 5690 8255 8433 8666 8898 9171 9752
5 1 3 6000 8780 8790
5 1 3 7180 8446 8621
4 3
5 2
6 1 3 422 4592 7172
6 1 3 4114 8448 8482
5 1 3 2996 7761 8642
5 1 3 7541 7775 7828
4 4
5 1 3 1596 5736 7945
5 1 3 2099 4985 6828
5 1 3 3534 6899 8778
5 2
6 1 2 6613 6759
6 1 2 7898 7905
3 4
4 1 15 257 522 563 845 1246 2414 3292 3792 4036 4273 4351 5436 5460 6243 6752
4 1 2 1677 5584
4 2
5 1 2 2706 8509
5 1 2 4810 7270
4 1 2 9431 9604
3 5
4 3
5 1 4 931 2665 5929 7503
5 1 2 1268 3980
5 2
6 1 2 6156 7579
6 1 2 7530 7797
4 1 5 2547 6550 6670 7806 7981
4 2
5 1 2 4120 7391
5 1 2 6178 6274
4 2
5 2
6 1 3 6968 8822 9033
6 1 2 8485 8961
5 1 3 7680 8353 8937
4 1 5 7124 8986 9129 9311 9480
3 1 1 2720
2 7
3 5
4 2
5 1 4 7 3899 5676 8311
5 1 2 4026 5522
4 1 2 1762 6804
4 1 8 6256 6505 7476 8083 8444 8527 8549 9743
4 2
5 1 2 8118 8749
5 1 2 8426 8662
4 1 2 8315 8987
3 4
4 2
5 1 5 99 2200 2795 6556 9669
5 1 2 6677 8434
4 2
5 1 4 150 268 3955 4826
5 1 3 5601 6071 7431
4 2
5 1 4 1195 7603 8221 8588
5 1 3 3710 4200 7344
4 1 4 6032 6063 6681 10115
3 5
4 2
5 1 5 164 2637 3603 6955 7643
5 1 2 7078 8645
4 3
5 2
6 1 3 464 5428 8786
6 1 2 3962 6487
5 2
6 1 3 749 4927 5284
6 1 2 1046 7667
5 1 2 1051 6368
4 2
5 2
6 1 2 799 7148
6 1 2 5996 6778
5 1 3 5826 6276 7231
4 1 2 1123 8948
4 2
5 2
6 1 3 2175 4848 7929
6 1 3 2664 7379 8690
5 2
6 1 3 7292 7406 8079
6 1 3 7791 7978 8442
3 5
4 3
5 1 3 282 948 7149
5 1 3 2155 7235 8911
5 1 3 5244 6994 8656
4 2
5 1 3 555 646 6326
5 1 4 3935 6019 7126 7867
4 2
5 2
6 1 2 1843 4038
6 1 3 5307 5574 7017
5 1 3 5666 7725 8053
4 2
5 1 3 4554 5375 6768
5 1 2 8115 8697
4 2
5 1 3 7561 8298 8534
5 1 2 8002 9806
3 5
4 2
5 1 4 419 8394 9024 9461
5 1 4 7150 7345 8081 8302
4 2
5 1 3 686 6512 6777
5 1 3 5923 7425 8314
4 2
5 1 3 730 7215 7744
5 1 2 1932 7430
4 4
5 1 4 3068 4566 6065 7690
5 1 2 5651 7668
5 1 4 5962 6542 8186 8258
5 1 2 6046 7661
4 2
5 1 3 6228 7613 8728
5 1 3 8025 8523 8771
3 4
4 3
5 1 3 492 6351 8465
5 1 5 604 2218 6174 6500 7023
5 1 2 5628 7706
4 2
5 1 3 505 7412 9110
5 1 2 5931 8295
4 1 9 610 5343 6513 7168 7291 7584 8120 8121 8495
4 4
5 1 5 4014 7385 7564 8106 8640
5 2
6 1 2 7007 8340
6 1 2 7736 8192
5 1 3 8358 8579 9073
5 1 2 8359 9069
3 4
4 1 3 874 6108 7538
4 3
5 1 3 1644 7920 8095
5 1 2 6187 8207
5 1 2 7682 8498
4 2
5 2
6 1 2 3660 7691
6 1 2 7701 9993
5 1 2 7519 8431
4 2
5 1 3 5404 5643 7640
5 1 3 6954 8276 9051
2 8
3 4
4 1 5 9 1427 4147 6315 7904
4 2
5 1 3 173 5075 8055
5 1 2 6523 8607
4 1 5 444 3044 5007 5303 5424
4 1 2 621 8885
3 4
4 2
5 1 3 66 5179 7703
5 2
6 1 2 81 9339
6 1 2 180 9103
4 2
5 1 3 394 8775 9491
5 1 2 587 7354
4 2
5 1 4 858 3850 9013 9245
5 1 7 5302 5388 5649 5662 7632 7835 8540
4 1 4 1058 5358 7130 9372
3 6
4 1 6 141 4258 4417 4722 5886 6349
4 2
5 1 3 3507 7644 8722
5 1 3 8006 9010 9122
4 1 2 4140 8126
4 2
5 1 2 4587 7569
5 1 2 6734 7008
4 1 3 4792 8647 8688
4 2
5 1 3 6153 7883 8592
5 1 4 6230 8475 8947 9096
3 3
4 1 5 182 2020 5521 6249 7804
4 2
5 1 2 812 4700
5 1 2 4063 7074
4 2
5 1 4 1901 3402 6848 8071
5 1 2 8334 8435
3 3
4 2
5 1 3 207 6902 7489
5 1 3 654 6386 7355
4 1 6 878 1112 2019 4573 8030 9313
4 2
5 1 3 4249 5213 8832
5 1 3 7908 7928 8061
3 4
4 2
5 1 3 220 8090 8599
5 1 2 7217 8113
4 2
5 1 3 2367 5573 9289
5 1 2 5567 6580
4 1 4 6464 7096 7128 7251
4 2
5 1 3 6602 8225 8508
5 1 3 8650 8767 8894
3 4
4 4
5 1 10 417 474 2670 2803 4641 4707 6262 8491 8727 9182
5 1 2 3450 8382
5 1 2 6202 8721
5 1 2 8913 8934
4 2
5 1 3 667 1239 5347
5 2
6 1 2 4467 6982
6 1 2 5185 6144
4 2
5 1 3 4593 5086 7094
5 1 3 7466 7607 7940
4 2
5 1 3 5951 7779 8637
5 1 2 7997 8360
3 3
4 1 2 539 8980
4 1 3 3627 8686 8968
4 1 3 3764 6241 8064
2 8
3 7
4 2
5 1 3 27 3201 7342
5 1 4 4431 7232 7238 7996
4 2
5 2
6 1 3 122 552 614
6 1 3 855 2170 4524
5 2
6 1 2 1611 7684
6 1 2 3319 7597
4 2
5 1 5 275 703 925 1453 7664
5 1 3 4263 5883 6115
4 3
5 1 4 553 6753 6880 7145
5 2
6 1 2 969 7233
6 1 2 2134 4285
5 1 2 4189 8366
4 2
5 1 3 656 3276 6105
5 1 3 3855 5981 6026
4 1 3 813 3593 5234
4 2
5 1 4 971 4390 4558 4635
5 1 4 1219 3030 5990 6355
3 5
4 3
5 2
6 1 2 265 5078
6 1 2 1277 8752
5 1 6 5265 5673 6410 7187 7930 9693
5 1 2 5431 7401
4 3
5 1 5 345 3493 7173 7326 8059
5 1 5 982 4354 4516 5004 5419
5 1 2 6145 6380
4 2
5 1 3 801 4807 9685
5 1 3 2107 4493 5737
4 2
5 2
6 1 4 4254 5930 6977 8328
6 1 2 5615 9532
5 2
6 1 2 5803 6715
6 1 2 8989 8998
4 2
5 1 3 4947 7566 8555
5 1 2 7666 9481
3 3
4 2
5 2
6 1 2 374 4803
6 1 2 3418 9916
5 1 3 1042 5748 6567
4 2
5 2
6 1 3 517 4331 8256
6 1 2 4719 5162
5 1 4 5159 5529 6286 8376
4 2
5 2
6 1 3 774 3809 4886
6 1 3 4259 4384 7410
5 1 4 1147 1815 4510 4547
3 5
4 2
5 2
6 2
7 1 2 471 7137
7 1 2 1977 5222
6 1 2 7966 8191
5 1 4 2969 4230 7488 7585
4 2
5 1 2 495 7893
5 1 6 880 1729 3499 4457 4546 5450
4 2
5 2
6 1 2 723 6973
6 1 3 4771 4964 5443
5 1 5 2386 5357 5949 5989 7273
4 2
5 1 3 797 3085 3384
5 1 4 2216 2527 4387 7568
4 2
5 1 3 1668 7265 7483
5 1 3 6714 6997 7156
3 6
4 3
5 2
6 1 3 538 2692 8152
6 1 2 5205 8185
5 1 8 1121 1756 3119 6434 7570 7707 7872 8133
5 1 2 2372 9075
4 3
5 1 9 611 5724 6050 6408 7174 7267 7304 7586 7605
5 1 4 1041 1506 3672 8457
5 1 2 6826 7037
4 3
5 1 4 762 4765 7440 7784
5 1 6 2452 3116 4127 5425 5893 6980
5 2
6 2
7 1 2 5152 6647
7 1 2 7856 8117
6 1 2 5621 7556
4 1 8 2771 3270 5199 5227 6057 6445 7439 8324
4 2
5 1 5 3248 3537 4519 7053 8171
5 1 3 6200 7816 8272
4 2
5 3
6 1 2 3531 6634
6 1 3 6124 7907 8134
6 1 2 8248 8627
5 2
6 1 3 3897 6079 9499
6 1 2 7673 7960
3 3
4 2
5 1 2 965 9226
5 1 2 5471 6345
4 1 14 3381 6087 6151 6266 6554 7206 7559 7874 8060 8075 8125 8135 8318 8966
4 1 3 3882 7524 7689
3 3
4 1 6 1165 4423 4663 5955 6424 10139
4 1 2 3937 7778
4 1 2 5219 6611
3 1 1 7486
2 1 1 41
2 8
3 3
4 2
5 1 6 78 5772 6316 7855 7881 8279
5 1 3 3528 6601 7095
4 3
5 1 4 392 2097 3176 5093
5 2
6 1 4 603 7713 8383 8460
6 1 3 4155 4521 8938
5 1 2 5235 6852
4 3
5 1 2 567 6971
5 1 5 4211 5459 6455 7387 7854
5 1 5 5896 6027 7935 8601 8664
3 4
4 2
5 1 8 140 2158 3336 4480 5638 7521 8016 8233
5 1 2 8689 9994
4 2
5 1 3 266 4695 6418
5 1 3 286 6691 8387
4 2
5 2
6 1 2 3733 6702
6 1 2 6815 8364
5 2
6 1 2 5174 7327
6 1 3 5816 7186 7422
4 1 3 5557 8299 8557
3 7
4 2
5 1 6 239 4579 4819 7462 7629 7721
5 1 2 4346 8082
4 2
5 1 3 1236 8019 8476
5 2
6 1 2 3505 5221
6 1 2 6198 7944
4 2
5 2
6 1 2 1735 8140
6 1 2 7195 8723
5 1 2 6703 8164
4 2
5 2
6 1 2 2940 7365
6 1 2 4287 7814
5 2
6 1 2 7683 8415
6 1 2 7699 8815
4 3
5 1 2 3646 8236
5 1 5 5327 7033 7624 8243 8282
5 1 4 5577 7108 7593 8042
4 3
5 1 2 5579 8176
5 1 3 5745 6401 7719
5 1 2 7380 8153
4 1 3 8725 8798 8889
3 5
4 3
5 1 3 315 5994 6394
5 1 3 1686 3405 8425
5 1 3 2618 5498 7214
4 2
5 1 4 2578 6644 8028 8603
5 1 2 5564 7560
4 2
5 1 2 3127 8397
5 1 2 8696 8881
4 2
5 1 2 4624 5468
5 1 3 4835 5116 7627
4 2
5 1 5 4629 4780 5390 6652 6914
5 1 2 7889 7899
3 4
4 2
5 1 3 382 8067 8422
5 1 3 5912 6229 7578
4 1 5 900 1935 2884 7204 8261
4 2
5 1 6 1318 5141 5835 8052 8111 8923
5 1 2 7415 8380
4 2
5 2
6 1 2 1641 3423
6 1 3 7198 8219 8813
5 1 4 6720 7469 7965 8092
3 5
4 3
5 1 3 784 6114 7223
5 1 2 3785 8843
5 1 2 5617 8494
4 3
5 2
6 1 2 1285 4564
6 1 2 3997 6462
5 1 3 4869 5586 6629
5 1 2 6183 6708
4 3
5 1 3 2130 8158 8702
5 1 5 2946 3840 5722 5836 6606
5 3
6 1 3 3642 5264 5738
6 1 2 4625 5467
6 1 2 6685 7993
4 3
5 2
6 1 3 3851 4603 6566
6 1 3 6663 8436 9346
5 1 3 6267 8537 9131
5 1 5 6586 6897 8170 8443 9360
4 2
5 1 3 4162 7735 8597
5 1 4 5322 5792 7925 9489
3 1 1 1514
3 3
4 1 10 1871 2176 3451 3563 4012 5598 5867 5946 7434 7894
4 1 3 4301 7639 8155
4 2
5 1 2 4306 7123
5 1 2 6095 6382
2 7
3 4
4 2
5 1 3 114 5280 8309
5 1 3 1785 7757 7792
4 2
5 1 2 6194 9071
5 1 2 6475 8174
4 1 5 6359 6718 7563 8903 9074
4 1 2 7274 9005
3 5
4 1 3 322 537 6790
4 1 6 791 1481 3131 3971 5593 5739
4 2
5 1 2 2675 4584
5 1 2 3132 4277
4 2
5 1 2 4393 8190
5 1 2 7495 7991
4 1 2 6210 7334
3 4
4 2
5 1 7 509 2184 5885 6481 6519 8119 8177
5 1 2 2047 5914
4 1 4 1119 5740 6008 7941
4 2
5 1 3 2492 3945 4772
5 1 5 3715 6492 6506 6901 8497
4 2
5 1 2 7278 7922
5 1 2 8252 9299
3 4
4 1 9 836 5895 6372 7417 7821 7852 8129 8151 8471
4 2
5 1 3 1214 6791 7878
5 1 4 6604 7059 7610 10022
4 1 5 2302 3190 3763 5215 10120
4 1 2 4397 5802
3 2
4 1 3 877 6093 8405
4 1 3 5233 6812 7029
3 1 1 1691
3 3
4 2
5 1 2 2113 8384
5 1 4 2992 3766 7295 8432
4 2
5 1 2 4137 8229
5 1 4 6104 8189 8430 9044
4 1 3 6148 6154 6757
2 3
3 3
4 1 2 511 9403
4 1 2 1243 7652
4 2
5 1 2 2358 4543
5 1 2 4021 7628
3 3
4 3
5 1 2 650 6829
5 1 2 670 6680
5 1 2 5088 7056
4 1 3 4525 4540 6966
4 2
5 1 5 6411 7236 7705 7923 8716
5 1 2 7490 8890
3 5
4 1 3 2131 3458 4934
4 1 2 3434 7438
4 1 8 4534 4959 5258 6042 6118 7121 8291 8349
4 1 4 4685 7353 7781 8567
4 1 2 5810 6689
2 1 1 635
2 1 1 2044
2 1 1 2510
2 1 1 2599
2 1 1 3847
2 1 1 6075
2 1 1 6547
2 1 1 6657
2 1 1 7694
2 1 1 7825
2 1 1 8717
2 1 1 8812
1 6
2 12
3 9
4 1 34 1 61 249 308 498 934 946 1118 1508 1572 1852 1988 2104 2240 2392 2435 2699 2759 2767 2844 2880 3016 3115 3233 3287 3611 3775 3886 3903 3919 3986 4538 6761 7388
4 1 2 109 3304
4 1 45 270 320 360 870 1021 1057 1077 1117 1161 1227 1316 1331 1446 1560 1738 1784 1844 1909 2021 2046 2201 2208 2251 2311 2399 2400 2455 2465 2490 2514 2543 2693 2748 2802 2875 3354 3370 3387 3391 3555 3781 3830 3930 4008 4043
4 3
5 1 4 306 1185 1403 1918
5 1 3 601 1183 1722
5 1 2 1602 3967
4 1 3 412 3799 4067
4 2
5 1 5 898 1284 1640 1736 4078
5 1 3 1540 2268 2366
4 1 3 959 1884 3681
4 1 2 1874 3744
4 1 2 3063 3415
3 6
4 2
5 1 5 8 2504 2603 2636 3289
5 1 2 343 1430
4 3
5 1 2 437 550
5 1 6 851 1090 1425 3823 3985 5408
5 1 3 3211 3231 3485
4 3
5 1 2 490 1313
5 1 6 1078 1272 2889 3438 3838 4488
5 1 3 1107 2516 5229
4 2
5 2
6 1 2 756 4275
6 1 2 1266 1371
5 1 3 977 2739 3888
4 2
5 1 4 994 1974 1992 2497
5 1 4 2375 2598 3028 3569
4 1 6 1671 2298 2794 2797 3138 4015
3 6
4 3
5 2
6 1 2 20 4037
6 1 2 405 1253
5 1 8 415 594 1573 3094 3212 4950 4975 5129
5 1 5 1150 1990 4877 5044 5645
4 4
5 1 2 130 2566
5 1 20 163 1082 1768 2075 2119 2135 2142 2179 2507 2895 2995 3107 3590 3786 4041 4332 4982 4996 5427 6278
5 1 3 2141 2855 3591
5 1 2 2821 3088
4 2
5 1 2 466 2611
5 1 9 2185 2890 2950 3147 3294 3379 3407 3582 3767
4 1 11 893 1300 2349 2542 3007 4563 4581 4644 4681 5325 7611
4 1 3 2905 2924 3399
4 1 3 3634 4208 6270
3 8
4 2
5 1 37 29 72 148 810 1764 2457 2485 2661 2705 2724 2783 2787 2813 2853 2960 2962 3330 3426 3697 3705 3863 3880 3917 3925 4219 4617 4751 4796 4841 4875 4936 5030 5268 5330 5449 5492 5863
5 1 2 2211 2756
4 1 13 30 299 735 1056 1066 1467 1853 2112 2614 3177 3311 3595 3994
4 5
5 1 32 51 102 467 633 738 771 892 1883 2866 2965 3117 3123 3250 3464 3557 4052 4229 4322 4358 4362 4623 4716 4816 4821 4853 5082 5140 5254 5416 5508 5510 7768
5 1 2 2145 2958
5 1 2 3160 4069
5 1 2 4174 4176
5 1 2 4712 4800
4 1 2 377 5759
4 1 3 683 757 2698
4 1 2 751 2106
4 1 3 2984 3403 4873
4 1 3 4097 4682 4953
3 6
4 5
5 1 18 31 171 250 1424 2520 2827 3047 3185 3230 3350 3367 3837 3864 3988 4098 4163 5455 7497
5 2
6 1 2 301 2714
6 1 2 2567 3005
5 1 3 390 1292 2273
5 1 6 576 1628 3162 3227 3241 3313
5 1 2 2919 3144
4 1 32 217 325 406 1323 1365 1432 1522 2091 2226 2280 2673 2743 2779 2883 2897 3096 3104 3153 3184 3186 3199 3264 3291 3431 3436 3494 4056 4058 4062 4070 4092 4096
4 2
5 1 28 362 556 840 1244 1645 2050 2205 2357 2649 2679 2731 2764 2798 2815 2978 3002 3075 3133 3232 3510 3513 3535 3553 3558 3845 3983 4088 5457
5 1 2 2408 3084
4 3
5 1 2 363 2444
5 1 2 1231 2994
5 1 2 2753 3120
4 2
5 1 6 1950 2503 2669 2870 3098 3704
5 1 2 2340 4003
4 3
5 1 2 1957 3053
5 1 4 2480 3091 3427 4224
5 1 2 2641 3890
3 5
4 2
5 1 38 119 186 384 483 849 853 992 996 1038 1101 1173 1192 1431 1442 1471 1673 1689 1742 1820 2037 2094 2182 2255 2283 2286 2309 2468 2710 2845 2891 3089 3596 3638 3928 4280 4632 4744 6102
5 1 2 689 2355
4 2
5 1 7 205 1817 1881 3445 4675 4974 6190
5 1 2 401 3972
4 1 11 435 510 1235 1749 1900 2481 2687 3251 4391 4458 4759
4 1 37 763 841 1062 1886 1939 2183 2190 2247 2250 2944 3224 3278 3310 3331 3345 3389 3394 3398 3425 3447 3487 3491 3542 3548 3770 3862 4281 4291 4448 4590 4594 4597 4608 4871 4916 4917 5165
4 1 2 1398 3618
3 3
4 2
5 1 2 143 2085
5 1 2 2293 3573
4 2
5 1 3 273 2152 2163
5 1 2 2169 2238
4 1 3 593 1803 2244
3 3
4 1 48 159 293 463 513 652 1007 1223 1910 2138 2315 2458 2477 2541 2752 2804 2840 3018 3219 3440 3588 3608 3619 3621 3632 3637 3647 3661 3683 3729 3794 3814 3835 3936 3941 4020 4022 4184 4225 4278 4283 4292 4527 4529 7739 8044 8047 8747 8910
4 2
5 1 7 302 1013 2439 2754 3538 3662 3693
5 1 3 693 999 2530
4 1 2 1328 3771
3 6
4 2
5 1 5 162 480 622 1167 1665
5 1 3 715 4706 5028
4 2
5 1 25 192 201 706 733 912 944 1049 1194 1286 1503 1984 2120 2254 2562 2564 2656 2707 2796 3041 3606 3626 3949 3976 4267 4456
5 2
6 1 3 381 2606 4035
6 1 2 2081 2342
4 2
5 1 5 209 2864 3756 3960 7065
5 1 2 2191 3157
4 3
5 1 3 348 2115 2570
5 1 2 2128 4271
5 1 2 3576 3663
4 2
5 1 25 365 1134 1200 1872 2241 2583 3372 3511 3520 3545 3615 3664 3803 3857 3876 3902 3914 4028 4099 4111 4166 4171 4234 4279 4374
5 1 2 3751 3969
4 2
5 2
6 1 3 1549 3137 3556
6 1 3 2975 3574 3811
5 1 3 2373 3807 4192
3 5
4 2
5 1 3 187 332 4045
5 1 7 289 1131 1281 3469 3470 4018 4039
4 2
5 1 5 335 1850 2299 3017 4414
5 1 2 2666 2935
4 1 7 702 1985 2629 2930 3288 3495 4242
4 1 2 3074 3134
4 1 2 3296 3687
3 3
4 1 12 618 1342 1658 2425 2438 3506 3609 4059 4595 5475 6443 6633
4 2
5 1 5 922 1155 1256 1478 2694
5 1 3 1917 1980 3246
4 1 2 2915 3142
3 1 1 2010
2 8
3 6
4 5
5 4
6 2
7 1 2 2 3622
7 1 2 3878 4559
6 1 3 532 2985 3159
6 1 2 1504 3208
6 1 4 1620 2749 2762 3512
5 3
6 2
7 1 2 210 595
7 1 2 1412 7863
6 2
7 1 2 1234 4089
7 1 2 2976 3430
6 1 3 2412 3029 3273
5 3
6 2
7 1 2 811 2393
7 1 4 3101 3268 3476 3631
6 1 3 1005 2600 2863
6 2
7 1 2 1705 4029
7 1 2 3909 3959
5 2
6 1 5 1509 2528 2677 2902 3140
6 1 4 2775 3043 3738 3782
5 3
6 1 3 1586 2149 3521
6 1 2 3536 3648
6 1 3 3893 4256 4371
4 3
5 2
6 1 2 125 3625
6 1 2 4091 4542
5 2
6 1 2 334 2508
6 1 2 2505 4370
5 1 7 375 617 2839 3272 3385 3815 4049
4 6
5 3
6 2
7 1 4 127 551 2682 4463
7 1 3 4175 4265 4311
6 1 3 1254 2760 3652
6 1 4 2270 2511 2792 4113
5 3
6 2
7 1 5 215 868 2721 3559 3954
7 1 3 514 4183 4247
6 2
7 1 2 519 2509
7 1 3 2043 3713 4196
6 2
7 1 3 1983 3695 4364
7 1 2 3003 4123
5 3
6 1 3 285 1630 2918
6 1 4 591 3692 3806 4095
6 1 4 728 1559 2426 4210
5 4
6 1 3 317 1193 5334
6 1 5 425 1299 3701 3885 4356
6 1 2 1846 1962
6 2
7 1 2 2942 3530
7 1 4 3396 3673 3717 4586
5 2
6 1 4 682 953 3225 3956
6 1 2 2634 4284
5 2
6 1 4 1951 3369 4243 4386
6 1 3 3011 3267 3668
4 4
5 2
6 2
7 1 3 145 1205 9601
7 1 4 910 1164 1786 4170
6 1 5 963 2189 3568 4477 5190
5 5
6 1 3 222 739 3479
6 1 3 832 2371 2836
6 1 3 2757 3550 4122
6 1 3 3337 3788 3922
6 1 3 3416 3567 4813
5 3
6 2
7 1 2 525 3820
7 1 3 2906 2966 5731
6 1 3 995 2482 2922
6 2
7 1 3 1542 2674 2954
7 1 2 2077 3441
5 3
6 1 5 653 2704 3598 3656 5276
6 2
7 1 3 827 1529 3026
7 1 2 2443 3413
6 2
7 1 2 987 3749
7 1 2 1726 2033
4 3
5 3
6 1 4 203 2453 2988 4186
6 1 3 2478 2808 3562
6 1 2 2596 3699
5 3
6 1 3 535 2446 3365
6 1 4 2326 3547 3570 3872
6 1 3 3216 3429 3675
5 2
6 2
7 1 2 559 2056
7 1 2 2951 3297
6 1 5 1536 1923 2034 3712 3867
4 2
5 1 6 383 2602 2850 3258 3730 3901
5 2
6 1 4 865 3121 3616 3651
6 1 4 1199 2758 3657 4607
3 7
4 5
5 2
6 1 2 6 2460
6 1 2 5562 5988
5 1 3 276 4055 5422
5 2
6 1 3 462 696 4993
6 1 3 4033 4522 5090
5 1 6 577 1189 5231 5339 5542 5699
5 2
6 1 6 882 4555 4636 4990 5538 5897
6 1 2 4270 5414
4 3
5 2
6 2
7 1 2 10 876
7 1 3 110 2305 4773
6 1 4 2789 3680 4310 5091
5 2
6 1 5 3203 4143 5376 5415 5420
6 1 2 4212 4359
5 1 2 4295 5387
4 3
5 2
6 1 3 54 4530 4549
6 2
7 2
8 1 2 2002 3095
8 1 2 4970 5461
7 1 2 2411 6385
5 3
6 1 3 547 2370 2397
6 1 2 1873 4150
6 2
7 1 2 3812 4548
7 1 4 4925 5763 6916 7526
5 2
6 1 2 663 4827
6 1 3 1109 1343 3716
4 5
5 1 8 235 1061 2049 3040 3443 3599 3907 4859
5 1 4 248 3130 4148 5323
5 2
6 1 2 340 3168
6 1 2 3126 3524
5 2
6 1 2 1245 2729
6 1 5 3884 4400 4500 4565 4646
5 1 3 2952 4209 4231
4 3
5 1 3 760 2667 4659
5 1 5 2525 3245 3409 3996 4264
5 1 4 3448 4110 4445 5974
4 3
5 2
6 1 2 1259 1395
6 1 5 5151 5477 5789 5791 5881
5 1 3 4060 5409 5458
5 1 3 4699 5154 5378
4 3
5 3
6 1 3 1413 4246 5684
6 1 4 1694 3977 5396 5746
6 1 2 3444 5047
5 1 3 2396 4309 5169
5 2
6 1 2 3198 5260
6 1 3 4658 4834 5121
3 7
4 4
5 1 3 17 4034 4158
5 1 9 240 657 1907 2709 2970 3539 4490 4602 8336
5 1 3 493 2429 3247
5 2
6 1 6 529 1113 2589 3122 3607 4568
6 1 2 788 3050
4 3
5 2
6 1 2 65 4580
6 1 4 4367 5019 5067 5168
5 1 3 1926 2953 4156
5 2
6 1 2 3674 4426
6 1 3 4824 5249 5263
4 2
5 1 3 70 3400 5102
5 2
6 1 2 1271 3757
6 1 2 1554 4486
4 3
5 1 3 85 300 4152
5 1 3 2553 3614 3787
5 1 2 3339 4795
4 4
5 1 7 117 1653 3061 3791 5029 5243 5252
5 2
6 1 2 2830 4447
6 1 2 4444 4465
5 1 5 3659 4226 5104 5456 7491
5 1 3 4832 5158 5337
4 5
5 2
6 1 2 341 1289
6 1 2 3780 4900
5 2
6 1 4 453 479 2613 3154
6 1 5 911 1074 2579 2826 2879
5 2
6 1 5 476 3585 4072 4303 5871
6 1 2 705 3561
5 1 3 1695 3904 4505
5 2
6 1 3 3082 4077 4215
6 1 3 3145 4316 4498
4 3
5 2
6 1 2 485 3461
6 1 2 4094 4302
5 2
6 1 2 636 5493
6 1 5 2697 3239 3329 3817 3877
5 1 4 3808 5048 5470 5719
3 6
4 4
5 1 3 32 754 1885
5 1 6 722 854 1510 1987 4532 5248
5 1 3 2304 2982 4653
5 2
6 1 2 4031 4874
6 1 2 4238 4689
4 5
5 1 2 225 4450
5 1 2 488 4760
5 2
6 1 2 499 4694
6 1 3 3678 4276 4344
5 2
6 1 5 1377 3523 4328 4571 5207
6 1 2 4541 5072
5 1 4 4245 4460 4987 5024
4 4
5 2
6 1 2 389 3974
6 1 3 1346 3628 4960
5 2
6 1 2 637 4261
6 1 3 3243 4420 4600
5 3
6 1 3 1097 2499 4506
6 2
7 1 2 2773 4509
7 1 2 3605 4867
6 1 3 4599 4924 6390
5 1 4 2117 2413 3442 4909
4 3
5 2
6 1 2 950 4697
6 1 3 3109 3906 5070
5 1 3 1999 3065 4348
5 2
6 1 4 2084 3640 4011 4984
6 1 2 4349 4561
4 2
5 1 3 1298 3745 4720
5 2
6 1 2 3992 4683
6 1 2 4994 5369
4 3
5 1 3 1692 4320 4942
5 1 3 4589 5065 5134
5 1 2 5547 5576
3 8
4 3
5 1 6 33 534 642 3280 3765 5657
5 1 2 1059 4159
5 1 2 4860 5291
4 4
5 2
6 1 2 57 2003
6 1 3 2838 3172 5055
5 2
6 1 6 200 3816 4333 4433 4489 4575
6 1 2 2681 4992
5 2
6 1 2 863 1224
6 1 2 4425 4757
5 1 2 3597 4126
4 4
5 1 4 83 3417 4864 5025
5 2
6 1 3 409 4850 4890
6 1 3 3667 3777 4690
5 1 3 3324 3669 3911
5 1 5 3452 3600 4000 4701 6584
4 5
5 1 5 144 2165 3020 3102 3998
5 3
6 1 3 1534 3048 4315
6 1 4 1995 3459 3769 4232
6 1 2 2523 3798
5 2
6 1 3 2540 2923 2932
6 1 7 3432 3990 4227 4289 4440 4492 4598
5 2
6 1 6 2927 3024 3410 4080 4347 5495
6 1 2 4407 4520
5 1 2 4551 4735
4 4
5 2
6 1 5 1081 1093 4870 4919 5345
6 1 2 5370 5402
5 1 6 3466 3958 4473 4767 4831 4888
5 1 4 4639 4892 4931 5046
5 1 2 4806 5125
4 4
5 2
6 1 3 1171 1454 4204
6 1 3 4825 5077 5575
5 2
6 1 2 1830 2168
6 1 2 2868 5278
5 1 3 2160 3849 4439
5 3
6 1 2 3519 3677
6 1 3 4435 5413 5839
6 1 2 4499 4596
4 2
5 1 2 1597 4926
5 1 2 3256 4475
4 4
5 1 4 1857 2531 4957 5130
5 1 2 2188 4937
5 1 2 3474 4630
5 1 7 4136 4427 4649 4696 4866 4955 5202
3 6
4 5
5 2
6 1 2 42 2108
6 1 4 954 2622 3728 4418
5 1 3 59 4661 4789
5 3
6 1 4 432 2881 3636 3999
6 1 4 778 881 1571 2620
6 1 2 1827 4173
5 1 3 2909 3279 4678
5 1 17 3525 4016 4132 4550 4914 5056 5057 5167 5197 5473 5513 5605 5754 5874 5938 5942 8636
4 5
5 2
6 2
7 1 2 47 531
7 1 3 536 568 1568
6 1 4 530 1895 4907 4976
5 3
6 1 5 204 2648 4149 4255 5052
6 1 3 2015 4437 4966
6 2
7 1 2 3072 4141
7 1 2 4146 4169
5 2
6 2
7 1 2 585 2937
7 1 3 927 2981 4019
6 1 3 3858 4730 5068
5 1 3 2451 3482 4628
5 2
6 1 3 3281 3564 3871
6 1 2 4574 4736
4 5
5 1 5 48 3722 4002 4557 5476
5 2
6 1 3 1493 3724 4702
6 1 2 2515 4087
5 2
6 1 2 1657 4634
6 1 5 3254 3454 3584 3654 4403
5 1 3 2473 3707 4606
5 2
6 1 2 2912 2957
6 1 3 3979 4121 4588
4 6
5 2
6 1 3 67 1064 4199
6 1 2 4294 5136
5 2
6 1 2 158 4042
6 1 3 1465 4100 4253
5 2
6 2
7 1 3 372 2072 2343
7 1 2 3463 4064
6 1 3 1104 3014 4340
5 2
6 1 2 378 4139
6 1 5 1417 2605 2799 3465 3541
5 2
6 1 4 484 3282 3359 3456
6 2
7 1 3 2406 3502 4206
7 1 3 4239 4326 4495
5 1 3 2494 3209 4341
4 4
5 1 6 106 1312 2063 2831 3612 5120
5 2
6 1 4 605 3589 3755 4560
6 1 4 2122 3490 5230 5288
5 2
6 2
7 1 2 1521 2847
7 1 2 2378 4512
6 1 2 3321 5384
5 1 2 1780 2872
4 4
5 2
6 1 4 364 1019 2078 2300
6 1 3 1163 4896 5012
5 1 5 752 1520 1555 2074 2834
5 1 4 926 2856 3167 4946
5 1 2 2766 5866
3 10
4 3
5 1 41 63 184 684 1017 1303 1747 1753 1763 1836 1924 1940 2016 2256 2417 2454 2501 2744 2801 2862 3149 3197 3269 3332 3665 3734 3927 3942 4057 4129 4395 4452 4809 4855 4940 5076 5184 5317 5411 5925 6052 6741
5 1 2 824 5950
5 1 2 4995 5241
4 3
5 1 3 113 828 4756
5 1 22 288 1930 2939 2998 3341 3348 3439 3575 3577 3891 4321 4335 4398 4642 4713 4746 4856 4941 5211 5935 6146 8745
5 2
6 1 2 2898 3039
6 1 2 3189 5850
4 3
5 1 3 307 871 4290
5 1 2 1946 2146
5 1 2 3228 3314
4 3
5 1 3 502 3349 5364
5 1 2 2639 3358
5 1 2 3275 3617
4 2
5 1 2 2484 3422
5 1 2 3762 4213
4 1 4 2635 4051 4106 4325
4 2
5 1 2 3718 4643
5 1 3 3883 4010 4577
4 1 2 4145 4562
4 2
5 1 2 4369 4812
5 1 2 4750 4908
4 1 2 5299 8671
3 5
4 1 11 344 1891 2785 2900 3103 3388 3694 4640 4986 5186 5734
4 2
5 1 4 475 3892 4324 4878
5 1 2 3832 5410
4 1 9 935 1002 1037 2230 2726 2817 3166 4666 5279
4 1 3 3720 4079 5566
4 1 2 4013 5496
2 6
3 6
4 2
5 1 5 3 1358 2877 5559 6282
5 1 4 352 3069 4654 6466
4 3
5 1 4 147 2035 3831 4823
5 1 2 153 2518
5 1 2 3052 3725
4 5
5 1 5 227 949 1394 2546 3549
5 1 8 2038 3106 3261 3839 4971 5005 5147 5433
5 1 2 2848 2849
5 1 2 3686 4408
5 1 2 4620 4913
4 1 11 523 1279 2741 3008 3113 4093 4411 4951 5041 5580 5956
4 2
5 1 2 2576 2660
5 1 2 3307 8104
4 1 2 4904 7616
3 5
4 2
5 1 19 53 846 1079 2388 3326 3706 3915 4741 5010 5869 6169 6564 6572 6756 7528 8069 8094 8505 8718
5 1 2 2568 3163
4 2
5 1 11 97 2737 3195 3684 3789 3943 4396 4872 5161 5250 5536
5 1 2 4794 4945
4 2
5 1 12 199 1055 1958 2934 3099 3214 3285 3711 3964 4236 5083 5442
5 1 2 734 4752
4 2
5 1 3 613 677 3723
5 1 4 4074 4665 5138 6044
4 1 7 2012 2538 2768 3309 3340 4704 4705
3 4
4 1 10 94 1355 1757 2213 2404 2539 2574 2592 2871 3848
4 3
5 1 4 309 2011 3204 5281
5 1 4 1714 2555 2612 5394
5 1 3 1835 2974 4053
4 3
5 1 5 1072 1122 1584 1782 2575
5 1 6 1456 2224 2338 2772 2894 3649
5 1 2 2194 2782
4 2
5 2
6 1 2 1664 1906
6 1 2 3356 3501
5 1 3 2972 3080 3653
3 5
4 1 8 191 777 1530 1711 1953 2493 3013 4084
4 2
5 1 4 216 1264 1518 2093
5 1 5 2051 2125 2317 2390 3253
4 2
5 1 4 358 1455 2876 2929
5 1 2 3383 4296
4 2
5 1 3 941 1120 1159
5 1 2 981 1496
4 1 2 6096 9373
3 3
4 1 2 279 4626
4 1 3 1892 1904 3747
4 1 5 3352 3898 4656 4979 5664
3 4
4 3
5 1 5 491 1789 3533 4046 5170
5 1 4 962 2653 2774 3124
5 1 4 2526 3200 5085 5297
4 2
5 1 7 767 1755 3362 3515 4288 4980 5783
5 1 3 2362 2558 2835
4 2
5 1 3 776 2068 2471
5 1 5 2550 3093 3473 3750 3870
4 2
5 2
6 1 2 1366 5346
6 1 2 2809 3719
5 1 2 3743 4007
2 8
3 2
4 2
5 1 3 4 1248 3449
5 1 2 2725 3921
4 1 3 1637 2652 3343
3 2
4 1 3 139 3182 5362
4 2
5 1 2 177 3226
5 1 3 1050 4268 4857
3 5
4 2
5 1 2 231 330
5 1 3 687 2374 3514
4 2
5 1 2 496 1889
5 1 4 586 1997 3580 5534
4 1 2 761 955
4 2
5 1 2 947 3965
5 1 2 2695 3644
4 1 2 1152 1353
3 5
4 1 3 295 1156 3036
4 2
5 1 4 469 930 2442 4762
5 1 2 3658 6138
4 1 5 886 2633 2833 3544 3709
4 1 3 2991 3360 4107
4 1 3 4177 4235 4339
3 4
4 1 5 333 2031 2843 2947 4068
4 2
5 1 3 869 1700 1994
5 1 4 1188 1767 2225 3240
4 1 5 1160 1220 1667 3263 3325
4 1 2 1477 2009
3 4
4 2
5 1 2 347 3335
5 1 2 1685 4754
4 3
5 1 2 896 1179
5 1 5 2246 3827 4178 4343 4406
5 1 2 2736 4862
4 1 7 1208 3783 4317 4933 5295 5335 5398
4 1 2 2908 3481
3 4
4 2
5 1 5 894 2111 2376 2955 4585
5 1 2 3141 4157
4 2
5 2
6 1 2 895 3842
6 1 2 2654 2949
5 1 3 913 2405 4686
4 1 5 916 1012 1190 2463 3027
4 1 5 3645 4901 5114 5160 5204
3 2
4 1 3 2437 3097 4297
4 2
5 1 2 2601 3081
5 1 3 3173 5392 5656
2 7
3 5
4 4
5 3
6 1 7 11 359 448 979 1480 1678 4376
6 1 4 138 1035 1269 1635
6 2
7 1 2 1487 1576
7 1 2 1819 1887
5 2
6 1 5 342 885 978 1197 1441
6 1 4 989 1319 1929 2968
5 2
6 1 3 456 940 1452
6 1 3 790 1136 3083
5 1 11 1153 1210 1332 1414 1428 1439 1545 1607 1750 1831 1855
4 3
5 2
6 2
7 1 4 13 806 1380 1399
7 1 4 1099 1336 1643 1655
6 1 5 157 447 1076 1339 1570
5 3
6 1 2 516 1297
6 1 2 830 1646
6 1 3 1260 1270 6894
5 2
6 1 3 1276 1776 1807
6 1 4 1790 1981 2000 2076
4 5
5 2
6 1 2 129 1594
6 1 3 1474 2604 6340
5 2
6 1 2 178 1396
6 1 3 421 665 917
5 2
6 1 2 497 699
6 1 3 1309 1406 1741
5 2
6 1 2 541 773
6 1 2 1388 1488
5 2
6 1 5 720 945 1162 1416 1501
6 1 3 938 1217 1251
4 4
5 2
6 1 4 258 1247 2472 4612
6 1 2 429 1212
5 1 4 387 725 2058 2467
5 1 5 512 839 1991 2065 2234
5 2
6 1 2 615 1178
6 1 3 769 988 2770
4 3
5 2
6 1 3 446 1151 1864
6 1 4 772 1307 1356 1806
5 2
6 1 3 452 1148 1397
6 1 5 1154 1282 1533 1903 2083
5 2
6 2
7 1 2 768 2156
7 1 2 951 2678
6 1 3 1386 2544 2765
3 6
4 3
5 1 3 16 1370 3708
5 1 3 124 1656 3058
5 1 5 353 660 766 1322 3923
4 1 6 36 79 890 1325 2973 4429
4 2
5 1 8 246 708 1206 1315 1476 2257 2888 6273
5 3
6 1 2 638 1075
6 1 4 709 1385 2701 2878
6 1 2 1209 2718
4 3
5 1 5 284 779 1822 4454 5203
5 1 2 2024 5760
5 1 3 2433 4491 5571
4 1 65 411 970 1018 1127 1215 1551 1674 1781 1879 1936 2206 2263 2292 2364 2387 2389 2409 2448 2450 2655 2658 3169 3446 3560 3912 4748 4829 4897 4912 4920 4939 4978 5015 5016 5051 5054 5127 5139 5239 5290 5350 5435 5490 5494 5509 5512 5693 5702 5833 5853 5855 5880 5921 5922 5947 5986 5992 6088 6129 6514 6575 7789 8022 8143 9620
4 1 2 3676 5481
3 8
4 6
5 2
6 1 2 18 1387
6 1 25 221 710 802 943 1089 1130 1142 1175 1258 1261 1384 1391 1445 1525 1527 1528 1588 1599 1696 1766 1875 2041 3286 3306 4818
5 3
6 1 27 55 151 571 644 1170 1603 1679 1928 1941 1959 1960 1967 1972 1973 2147 2239 2245 2587 2769 2788 3156 3346 3355 3357 3483 4001 4195
6 1 2 905 2290
6 1 2 2001 2361
5 3
6 1 10 241 1450 1511 1720 1748 1825 1829 1956 2013 3191
6 1 2 747 2921
6 1 2 1405 2755
5 1 5 645 960 1498 1788 1944
5 1 3 672 1563 1718
5 1 2 1249 3158
4 6
5 1 23 22 367 681 697 888 1010 1068 1086 1088 1129 1135 1198 1275 1340 1372 1389 1392 1408 1410 1423 1464 1475 1737
5 3
6 1 22 108 397 866 904 932 1115 1186 1280 1524 1526 1557 1575 1578 1595 1612 1615 1622 1648 1660 1661 1697 1699
6 1 2 842 1347
6 1 2 1029 1367
5 2
6 1 8 160 741 976 986 1003 1363 1368 1402
6 1 4 1169 1172 1191 1500
5 3
6 1 2 291 1354
6 1 5 933 957 1230 1262 1401
6 1 2 1311 1317
5 2
6 1 3 664 860 1293
6 1 3 1176 1226 1314
5 1 2 1461 2496
4 5
5 2
6 1 2 40 1574
6 1 6 990 1096 1252 1631 1684 1754
5 4
6 1 3 546 1140 3100
6 1 2 1310 1433
6 1 2 2008 2265
6 1 2 2039 2580
5 3
6 1 3 628 1617 7552
6 1 3 704 1382 1415
6 1 2 1698 9751
5 2
6 1 19 659 1143 1207 1257 1308 1326 1466 1497 1604 1621 1633 1682 1688 1706 1708 1804 1989 2080 2267
6 1 2 1221 1438
5 1 3 819 1092 6456
4 3
5 1 11 77 174 554 843 1000 1404 1715 1779 1801 1945 2560
5 1 12 146 1375 1495 1569 1590 1683 1693 1775 1793 1798 1799 1996
5 1 2 983 1734
4 8
5 3
6 1 2 155 2380
6 1 26 161 223 232 424 655 713 1001 1111 1348 1523 1564 1816 2022 2124 2278 2287 2322 2327 4119 4128 4729 4745 4884 4999 6081 6290
6 1 2 1048 1795
5 1 2 167 972
5 2
6 1 27 252 578 795 1016 1044 1233 1383 1639 1709 1823 1919 1927 1963 2017 2054 2127 2198 2237 2266 2271 2272 2276 2318 2320 2324 2410 2424
6 1 2 2121 2348
5 3
6 1 2 262 1133
6 1 26 528 782 1125 1329 1638 1725 1882 1915 1965 2005 2070 2096 2132 2197 2210 2242 2243 2248 2274 2277 2321 2323 2325 2805 3338 4895
6 1 2 2151 2253
5 2
6 1 2 461 712
6 2
7 1 2 2079 2264
7 1 2 2228 2297
5 2
6 1 3 833 1011 2269
6 1 4 1707 1902 2199 2207
5 1 2 1761 2329
5 2
6 1 3 2018 2166 2186
6 1 2 2071 2086
4 3
5 1 39 237 803 961 1015 1137 1267 1278 1304 1447 1463 1537 1548 1558 1562 1579 1580 1585 1589 1600 1601 1605 1613 1616 1623 1629 1632 1636 1650 1659 1662 1663 1681 1703 1717 1731 1778 1802 1808 1813
5 1 2 764 1593
5 1 3 1110 1654 1669
4 3
5 1 7 297 1213 1647 2150 2219 2608 2820
5 1 2 1459 1905
5 1 2 3639 5172
4 3
5 1 3 661 1733 1746
5 1 6 780 831 1177 1305 1434 1505
5 2
6 1 2 835 1515
6 1 3 1606 2062 2668
3 7
4 3
5 3
6 2
7 1 2 25 441
7 1 2 678 1409
6 1 2 745 5237
6 2
7 1 3 906 2067 2167
7 1 2 1422 2874
5 3
6 2
7 1 2 49 414
7 1 2 218 2584
6 1 2 690 2938
6 1 4 2489 2713 2791 2959
5 3
6 1 4 369 1541 1592 1727
6 2
7 1 3 1290 1814 2716
7 1 3 1670 3194 3342
6 1 3 1710 1908 2193
4 4
5 2
6 2
7 1 2 28 2941
7 1 2 2554 2861
6 1 2 1341 2882
5 3
6 1 4 74 2650 3046 7836
6 1 3 1449 2087 2310
6 1 2 2394 3064
5 1 3 648 814 2742
5 3
6 1 2 2195 2810
6 1 4 2354 2873 3333 4879
6 1 2 2616 3302
4 5
5 3
6 2
7 1 2 35 1116
7 1 2 2174 3155
6 1 2 468 2220
6 2
7 1 3 998 2204 2279
7 1 2 2456 2610
5 2
6 2
7 1 2 500 1969
7 1 2 526 2391
6 1 3 694 1920 2534
5 2
6 1 3 544 2415 2638
6 2
7 1 2 1040 2384
7 1 2 1378 2728
5 3
6 1 2 561 574
6 1 3 1108 2159 2936
6 2
7 1 2 2495 2717
7 1 2 2645 2647
5 2
6 1 2 1024 2581
6 1 2 2487 2993
4 4
5 3
6 1 3 181 2963 3202
6 1 5 418 2090 2703 3317 3948
6 1 3 508 1006 2983
5 3
6 1 3 489 2345 2778
6 1 4 1157 1451 3262 3353
6 2
7 1 2 1949 2979
7 1 3 2129 2999 3213
5 3
6 1 4 584 1550 3237 3242
6 1 3 968 1947 2751
6 1 4 1020 1222 1552 1810
5 3
6 1 4 796 1937 2360 3488
6 2
7 1 2 985 2928
7 1 2 3152 3373
6 1 2 2521 2933
4 3
5 1 5 233 400 2319 3164 3778
5 2
6 1 3 458 711 3181
6 1 2 1494 2233
5 2
6 1 2 1361 2945
6 1 2 2281 2312
4 5
5 2
6 1 2 278 2307
6 1 2 1458 1769
5 3
6 1 3 482 1324 2857
6 2
7 1 3 1792 2209 2807
7 1 2 2651 3105
6 1 3 1894 2532 3129
5 2
6 1 3 487 1760 1952
6 2
7 1 3 1649 2337 3752
7 1 2 2522 2893
5 2
6 1 3 631 1407 2420
6 1 3 2419 2440 2920
5 1 4 1283 2715 2980 3019
4 5
5 2
6 1 2 759 2859
6 1 3 2563 2595 2657
5 2
6 1 2 1273 3015
6 1 2 2632 3033
5 2
6 1 2 1379 1393
6 1 3 1507 3303 3508
5 1 2 1473 3059
5 1 2 2474 2549
3 6
4 4
5 2
6 1 2 64 399
6 1 2 4693 5319
5 2
6 1 4 71 290 928 1373
6 1 2 929 1587
5 3
6 1 3 327 1837 2061
6 1 3 590 1702 1783
6 1 3 1460 1566 1723
5 2
6 2
7 1 2 1490 1730
7 1 2 1577 1758
6 1 2 1740 1774
4 5
5 1 5 91 228 1676 1777 2133
5 2
6 1 5 118 1114 2032 2114 2148
6 1 3 793 942 2229
5 3
6 1 2 736 1897
6 1 2 783 1626
6 1 3 1470 1608 7861
5 1 3 826 862 1712
5 1 3 1009 1242 1376
4 4
5 1 9 104 1229 1337 1419 1531 1627 1701 1832 1848
5 1 14 281 326 936 1680 1849 1880 1968 1971 1975 2059 2153 2295 2436 8355
5 2
6 1 2 558 1770
6 1 2 1166 1333
5 1 2 707 1916
4 2
5 1 6 247 1349 1704 1838 1847 2333
5 2
6 1 2 829 3206
6 1 2 1539 1896
4 4
5 3
6 1 2 386 1436
6 1 3 695 1543 2842
6 1 2 1211 1565
5 3
6 1 5 623 731 1724 1765 2261
6 2
7 1 2 993 1421
7 1 4 2042 2095 3257 6413
6 1 2 2006 2110
5 3
6 1 2 1302 2447
6 1 2 1499 2987
6 1 3 2303 2671 3010
5 2
6 1 5 1440 1824 1878 2382 2588
6 1 2 2445 2500
4 3
5 2
6 1 3 627 1828 2073
6 1 3 1800 2586 3913
5 1 3 1014 1821 1933
5 1 4 1146 1553 1581 1772
3 5
4 4
5 1 24 68 350 794 856 952 1979 2052 2105 2161 2162 2336 2369 2609 2625 2814 2860 2885 2911 2997 3021 3054 3125 3215 5096
5 1 2 465 1181
5 1 3 501 600 1716
5 1 2 2089 2486
4 4
5 2
6 1 3 169 230 1826
6 1 3 1485 1854 1976
5 1 11 267 798 820 1025 1426 2227 2571 2607 2964 2989 3143
5 3
6 1 2 907 2351
6 1 2 2069 2662
6 1 3 2545 2569 2646
5 1 5 1180 1876 1899 2284 2407
4 6
5 1 5 197 727 740 2428 5848
5 2
6 1 13 234 236 524 743 1352 1890 2036 2289 2536 2623 2663 2712 2738
6 1 13 666 1321 1556 1921 2173 2441 2630 2644 2672 3078 3475 5463 6435
5 1 2 515 3108
5 1 2 792 1978
5 1 2 1443 2214
5 1 2 2137 2910
4 4
5 2
6 1 4 518 1054 1912 2502
6 1 3 1291 1856 2403
5 2
6 1 2 775 980
6 1 2 1492 1794
5 2
6 2
7 1 2 1067 2217
7 1 2 1241 2356
6 1 2 1240 1869
5 2
6 1 3 1860 1942 2252
6 1 2 1888 2377
4 4
5 1 4 673 1202 1295 1773
5 1 2 966 1598
5 1 2 1845 2427
5 2
6 1 2 1982 2466
6 1 2 2259 2260
3 4
4 2
5 1 5 376 1364 1483 1546 1651
5 1 2 2171 2631
4 2
5 1 5 450 1652 1713 2101 2556
5 1 3 921 1868 2846
4 3
5 1 2 589 1787
5 1 2 770 1350
5 1 2 1362 1437
4 2
5 1 2 1063 6429
5 1 2 1484 2353
2 4
3 5
4 2
5 1 5 76 255 395 549 1201
5 1 3 194 473 1274
4 4
5 1 3 115 1547 2459
5 1 5 123 336 991 2060 2421
5 1 3 804 1567 2262
5 1 2 1084 1126
4 2
5 1 6 438 875 1124 2832 3236 4840
5 1 2 1145 5482
4 3
5 1 3 909 2777 4048
5 2
6 1 2 1502 4502
6 1 2 2422 3397
5 1 3 1870 3259 4698
4 3
5 1 4 1351 1469 1482 3045
5 1 2 1877 6348
5 1 2 2784 2914
3 4
4 2
5 1 3 244 1486 1893
5 1 2 924 2723
4 2
5 1 2 815 4299
5 1 2 2708 3057
4 1 2 1255 1609
4 1 3 2559 2733 3390
3 5
4 3
5 1 3 261 2793 6482
5 1 7 674 1228 2339 2700 3023 3822 4424
5 1 2 1719 4472
4 2
5 1 3 366 4044 5331
5 1 5 685 1028 1583 4025 4552
4 3
5 1 3 416 4336 5217
5 2
6 1 3 481 4312 4360
6 1 3 3978 4115 4182
5 1 3 2344 3087 4221
4 4
5 1 2 566 2222
5 1 4 899 1435 2064 4353
5 2
6 1 2 1141 3118
6 1 2 2048 2747
5 1 3 3682 4203 7658
4 2
5 1 2 1030 3136
5 1 3 3170 3193 5013
3 2
4 2
5 1 3 1943 4081 4413
5 1 3 2676 2786 4749
4 1 4 3283 3298 3894 4375
1 6
2 3
3 1 5 12 1610 4764 7154 7620
3 1 2 919 5338
3 1 6 1797 1914 2977 3377 3746 5300
2 3
3 1 8 43 4718 5725 6047 7250 7370 7433 7918
3 1 5 50 183 2899 5757 7313
3 1 2 3844 5273
2 2
3 1 2 427 5418
3 2
4 1 3 2750 2961 5774
4 1 3 2892 4861 5232
2 3
3 1 4 582 2341 2346 9268
3 2
4 1 3 1833 4191 5487
4 1 3 2573 3037 3371
3 1 2 3552 4017
2 3
3 1 4 717 6035 7589 7858
3 1 3 765 5155 8423
3 1 4 1867 3594 3950 4808
2 3
3 1 2 1751 3518
3 2
4 1 4 2154 2282 5497 8969
4 1 2 7843 8569
3 2
4 1 4 3938 7622 7788 8046
4 1 3 7851 7914 8249
1 7
2 8
3 7
4 3
5 2
6 1 4 14 5176 8788 8951
6 1 2 423 3578
5 2
6 1 2 5901 9957
6 1 4 6314 6887 7954 9298
5 1 5 7937 8556 9643 10128 10131
4 4
5 2
6 2
7 1 3 413 6070 7299
7 1 2 7337 8834
6 1 4 3643 6033 8210 8524
5 3
6 1 3 4286 6876 9691
6 1 2 7470 8707
6 1 2 7964 9805
5 1 2 4416 7634
5 1 3 6189 8528 9397
4 4
5 2
6 1 3 443 7356 8512
6 1 2 8149 8936
5 1 3 1544 4314 7170
5 2
6 1 3 2732 7333 7857
6 1 4 6712 6962 8316 10293
5 2
6 1 5 5701 6054 7955 9898 10271
6 1 3 7717 8665 9305
4 3
5 2
6 1 2 2102 5245
6 1 2 8849 9910
5 1 2 8586 9809
5 1 2 9536 9934
4 5
5 1 3 2294 3854 6415
5 2
6 1 4 4929 6639 9180 10183
6 1 3 7400 9558 10107
5 1 5 7072 7798 8424 8922 9538
5 1 6 7323 7547 8518 9088 9648 10064
5 1 4 9172 9641 9967 10218
4 2
5 2
6 1 4 2913 9310 9783 9896
6 1 2 8931 10191
5 1 4 8013 8161 8823 10088
4 3
5 1 4 3229 8930 9158 9627
5 2
6 1 3 7060 8658 10148
6 1 3 8238 8486 10094
5 1 2 7576 7813
3 4
4 3
5 1 4 19 6170 8308 9556
5 1 3 7188 8292 9341
5 2
6 1 3 9025 9239 9415
6 1 2 9280 9508
4 1 13 38 2178 4323 4461 5059 7311 8268 8386 8893 9157 9232 9256 9454
4 3
5 1 3 379 4631 7795
5 1 2 5528 9629
5 1 2 8511 8779
4 2
5 1 2 3934 10023
5 1 2 8602 9778
3 7
4 3
5 2
6 1 2 62 9224
6 1 2 9542 9589
5 1 4 2098 4220 9789 10068
5 2
6 1 4 5984 8091 8378 9275
6 1 2 8925 9184
4 3
5 1 2 149 8763
5 2
6 1 2 5453 9722
6 2
7 1 2 5753 9284
7 1 2 8218 9433
5 1 4 7155 8559 9371 9518
4 6
5 1 7 172 323 5953 8470 8950 9203 9277
5 2
6 1 5 5655 9179 9322 9432 9464
6 1 2 8253 9387
5 1 5 7708 8004 8306 8609 9262
5 1 2 8032 9105
5 1 2 8757 9811
5 2
6 1 3 8784 9109 9140
6 1 3 9029 9193 9636
4 3
5 1 7 373 5705 6949 7548 7646 9049 9259
5 1 3 608 8715 8796
5 1 3 8402 8873 8988
4 3
5 2
6 1 9 385 3761 4609 5377 8538 8939 8963 9214 9357
6 1 2 3918 9211
5 1 5 3179 7338 8563 8755 9217
5 3
6 1 4 4409 7982 9237 9444
6 1 2 5336 9386
6 1 3 9223 9438 9495
4 3
5 1 3 7378 7973 8389
5 2
6 1 2 7952 9282
6 1 2 8303 8357
5 1 4 8102 9120 9446 9449
4 2
5 1 3 8239 8932 9767
5 1 3 8864 9117 9287
3 9
4 2
5 1 5 89 4240 6461 9668 9694
5 1 2 9644 10286
4 4
5 1 11 189 3754 5445 6043 7200 7448 7840 8456 9001 9125 9746
5 1 5 3987 8093 8634 8856 9324
5 1 3 4801 6983 7164
5 1 2 6927 9285
4 6
5 2
6 1 2 198 3453
6 1 2 8761 9942
5 1 13 3975 6181 8230 8598 8886 9216 9303 9568 10060 10101 10152 10251 10268
5 2
6 1 2 4334 7618
6 1 2 9642 10244
5 1 2 8231 8565
5 1 2 9529 9860
5 1 3 10269 10281 10299
4 5
5 2
6 1 9 581 5596 7022 7392 8287 8751 9355 9837 9937
6 1 9 4613 5677 7218 8301 8473 8539 8793 9566 9840
5 2
6 1 3 807 8275 10125
6 1 2 8014 8631
5 3
6 1 11 1053 5778 6412 7393 7493 8031 8347 8760 9060 9077 9389
6 1 3 4366 8417 9771
6 1 2 6817 8785
5 2
6 1 3 1320 2335 9061
6 1 2 3419 8542
5 2
6 1 2 4911 8670
6 1 2 8217 9067
4 4
5 2
6 1 2 884 7507
6 1 2 4405 9999
5 1 2 1728 4138
5 1 12 1961 3910 4846 5899 6176 6616 7212 8735 9102 9257 10171 10185
5 1 2 10232 10256
4 4
5 2
6 1 3 891 8620 9880
6 1 2 8551 9340
5 1 3 8078 8400 9159
5 1 2 8381 9154
5 1 2 9834 9848
4 6
5 1 3 2028 2506 7924
5 2
6 1 8 2401 6701 7426 8202 8440 8685 9003 9501
6 1 2 6599 8942
5 1 2 2431 10154
5 1 5 4544 7891 8842 9375 9807
5 1 3 6489 6839 9824
5 1 2 8242 8411
4 4
5 1 10 2181 7429 8583 8724 9078 9089 9206 9388 9419 9864
5 3
6 1 2 7122 7398
6 1 2 7176 9552
6 1 2 8819 9147
5 2
6 1 2 7748 8401
6 1 2 8850 9100
5 2
6 1 3 8154 9401 10233
6 1 3 9255 9304 9772
4 2
5 1 2 3924 7963
5 1 3 6866 9163 9240
3 8
4 2
5 1 9 90 3210 7328 7372 8356 8438 9093 9400 10105
5 1 2 619 9079
4 2
5 1 3 1330 8235 9716
5 1 3 7537 8884 9017
4 1 3 1796 5006 9192
4 3
5 1 4 2896 5128 8390 9404
5 1 2 7594 8577
5 1 3 7975 8695 9734
4 2
5 1 2 3879 6324
5 1 2 9034 9866
4 2
5 1 4 5292 6527 8576 9314
5 1 2 8500 9221
4 1 2 6389 8691
4 1 4 8730 9021 9139 9457
3 5
4 4
5 1 5 133 6028 8398 9296 9308
5 1 2 2533 8327
5 1 2 8051 8768
5 1 3 8615 9006 9065
4 3
5 1 4 380 8698 9204 9258
5 1 3 6552 9227 9351
5 1 2 9057 9435
4 5
5 1 8 4363 7532 8110 8521 8746 9138 9379 9567
5 1 3 5066 9370 9608
5 1 2 6012 9037
5 1 3 6357 7985 8838
5 1 2 6682 7902
4 2
5 1 4 5261 6620 9945 10020
5 1 7 6830 7034 8023 8148 9199 9202 9517
4 3
5 1 2 5824 8572
5 1 7 6186 6974 7619 8228 8668 9434 9949
5 1 2 7141 9439
3 5
4 6
5 1 2 202 4802
5 1 3 1619 5661 7786
5 1 2 2811 8274
5 1 2 5519 6172
5 1 8 5822 6934 7131 7915 8063 8835 9251 9345
5 1 2 7090 9418
4 2
5 1 10 857 4715 6058 6347 7631 8877 8901 9128 9550 9863
5 1 3 8649 8825 9599
4 2
5 2
6 1 2 1098 8076
6 1 2 8517 9135
5 1 4 6296 7968 9344 9611
4 3
5 1 4 2535 5269 9009 10108
5 1 2 5393 9697
5 1 3 8372 8799 9554
4 1 3 7016 7219 10175
3 4
4 2
5 1 13 439 729 914 4101 6110 6933 8410 9020 9038 9076 9453 9677 9867
5 1 2 4076 6605
4 3
5 2
6 1 3 507 6808 8738
6 1 2 975 7066
5 1 5 7314 8514 9186 9368 9549
5 1 2 8461 9510
4 4
5 1 4 732 4217 8214 8713
5 1 6 1625 3001 3920 5240 6017 9681
5 1 2 7151 10265
5 1 4 8493 8958 10043 10204
4 2
5 1 3 6609 8463 8622
5 1 3 8455 8653 8872
2 8
3 8
4 3
5 2
6 1 2 21 10083
6 1 3 9696 10078 10225
5 1 3 2907 3995 10153
5 2
6 1 2 6892 10035
6 1 5 8343 8699 9606 9630 9893
4 3
5 1 5 121 8902 10301 10307 10309
5 1 7 1052 4508 5696 8992 9115 9799 10044
5 2
6 1 3 9175 9679 10246
6 1 3 10220 10229 10284
4 2
5 3
6 1 2 1071 9849
6 2
7 1 2 2464 2626
7 1 2 7120 10310
6 1 5 7720 8547 9152 9349 10223
5 2
6 1 3 7253 10231 10273
6 1 2 9376 9989
4 2
5 1 2 1472 9903
5 1 2 9960 10032
4 4
5 2
6 1 5 2027 7504 8520 8526 10073
6 1 2 6569 7842
5 1 3 9675 9892 10262
5 1 3 9833 10038 10179
5 1 3 9868 10201 10243
4 4
5 3
6 2
7 1 2 2030 7600
7 1 2 7197 9288
6 1 2 9064 9343
6 1 2 9655 10102
5 1 2 2103 9126
5 1 7 4605 7005 7591 10228 10264 10267 10270
5 2
6 1 2 6193 9839
6 1 2 9958 10263
4 3
5 1 3 3721 7714 10155
5 2
6 1 2 7743 9645
6 1 3 9220 10103 10130
5 1 3 9823 9886 10133
4 2
5 2
6 1 2 5972 9650
6 1 2 9633 10174
5 2
6 1 2 6356 10272
6 1 2 9900 10124
3 5
4 3
5 2
6 1 2 24 9987
6 1 4 565 9197 9658 10145
5 1 5 3859 5111 9928 10093 10234
5 1 2 10080 10110
4 4
5 2
6 1 3 718 9319 10109
6 1 2 3062 10033
5 2
6 1 4 2640 8224 8919 10129
6 1 3 9260 10082 10298
5 2
6 1 2 4462 7525
6 1 2 7143 10169
5 1 2 9717 10285
4 1 5 6747 7780 9234 9907 10072
4 3
5 1 4 7021 7075 9032 9780
5 1 4 7271 9564 9869 10042
5 2
6 1 3 9160 9436 10003
6 1 2 9788 9991
4 2
5 2
6 1 2 8581 9155
6 1 2 8975 10300
5 1 3 8811 9423 9747
3 4
4 2
5 1 7 26 8954 9429 9815 10048 10142 10247
5 1 3 8683 10081 10096
4 1 15 1103 7076 7958 8112 8264 8674 9083 9392 9412 9413 9901 10004 10012 10280 10311
4 2
5 1 4 7752 8073 9531 9856
5 1 3 8852 8929 9056
4 1 4 8916 8917 10030 10180
3 6
4 2
5 1 2 45 9082
5 1 2 9161 9323
4 3
5 1 6 208 9725 9774 9996 10000 10007
5 1 2 7484 9002
5 1 2 8935 9338
4 2
5 1 3 4009 8753 10205
5 1 2 9026 10074
4 1 3 6106 8945 10250
4 2
5 1 2 9577 9791
5 1 3 9678 9794 9847
4 1 2 9603 9952
3 3
4 2
5 1 3 339 10013 10061
5 1 3 5613 6626 9090
4 1 5 1023 4252 8826 9054 9667
4 2
5 1 2 4977 8399
5 1 3 8847 9477 9575
3 5
4 4
5 2
6 1 2 616 5663
6 1 3 6792 7948 10158
5 1 3 4241 9430 10086
5 1 7 4981 9053 9297 9442 10066 10163 10224
5 1 2 9035 10104
4 2
5 1 5 4567 4883 8533 9066 10249
5 1 3 6709 7819 9698
4 1 5 6831 8087 9634 9846 10052
4 2
5 1 2 7068 10067
5 1 4 8377 8750 8759 9236
4 2
5 2
6 1 3 7886 9832 10260
6 1 2 8472 9914
5 1 5 9709 9764 9904 10172 10304
3 5
4 5
5 1 11 626 2249 2800 3504 5469 5692 7475 7614 7988 9317 9526
5 1 2 2308 10006
5 1 3 2524 9459 9548
5 1 4 7596 7951 8880 9475
5 1 3 8914 9469 9997
4 3
5 1 5 915 7184 7567 9031 9826
5 1 3 5682 7823 9456
5 1 2 9408 10162
4 4
5 1 9 1047 4244 5751 6474 7912 8641 9042 9321 9484
5 1 2 3741 9591
5 2
6 1 4 7726 8860 9028 9855
6 1 2 8845 9369
5 1 3 9141 9761 9940
4 4
5 1 4 2734 4949 8351 8623
5 1 3 6221 8719 9411
5 2
6 1 3 8098 9146 9576
6 1 2 9792 9897
5 1 2 9557 9621
4 1 6 8758 9194 9494 9569 9829 9873
3 7
4 3
5 1 5 668 7933 9011 9638 9871
5 1 2 5945 7071
5 1 3 6097 9672 9970
4 3
5 1 5 701 2776 8693 9872 10167
5 2
6 1 2 6476 9210
6 1 2 7443 10288
5 1 4 8487 9600 9802 10089
4 4
5 1 2 1624 5919
5 1 3 2684 9883 10058
5 1 3 9279 9353 9652
5 1 3 9582 9616 9692
4 2
5 2
6 1 2 3327 9649
6 1 2 6045 9785
5 1 5 6004 7442 8883 9156 9391
4 3
5 1 3 3641 5043 9586
5 1 3 5098 8729 9961
5 1 2 7895 10282
4 3
5 1 3 4086 9269 9800
5 2
6 1 2 4889 9233
6 1 2 9544 9654
5 2
6 1 3 9052 9745 9889
6 1 2 9844 10290
4 2
5 2
6 1 3 7485 8108 8918
6 1 2 8262 8483
5 1 3 8375 8817 9968
2 8
3 5
4 2
5 1 4 23 8370 9406 9977
5 1 4 4766 9975 9976 9978
4 2
5 1 4 112 7169 9127 9959
5 1 2 1809 8982
4 3
5 1 5 1468 6253 7366 9502 9578
5 1 3 5196 5333 7038
5 1 2 7357 10295
4 3
5 1 3 4830 6083 8196
5 1 2 5653 9133
5 1 2 8348 10197
4 2
5 1 4 5400 8420 8564 9348
5 1 2 8445 10136
3 9
4 1 43 193 974 1043 1065 1743 1818 2258 2383 2617 3035 3828 3889 4179 4368 4373 4434 4989 5809 6041 6271 6995 7117 7269 7302 7974 8667 8692 9008 9191 9441 9460 9500 9565 9581 9587 9662 9795 9827 9927 9955 10075 10150 10291
4 2
5 1 2 785 6823
5 1 7 4679 6870 7459 10182 10210 10213 10214
4 1 3 3038 8905 9361
4 1 4 5650 6350 8711 10230
4 1 2 7873 7938
4 1 3 8580 9273 10156
4 1 2 8675 8714
4 1 2 9584 10132
4 1 2 10087 10091
3 5
4 2
5 1 3 460 7880 8294
5 1 3 573 9817 10257
4 3
5 1 3 2313 9101 9293
5 1 5 5700 8367 8803 8949 9496
5 1 3 7352 8312 9320
4 3
5 1 3 3509 7242 8480
5 1 3 5103 9121 9253
5 1 5 6312 7987 7990 9205 9263
4 4
5 1 4 3742 5875 7766 8797
5 2
6 1 3 3821 7759 8593
6 1 3 6841 9810 10227
5 1 3 6205 8195 8726
5 1 4 6507 8194 8428 9019
4 4
5 2
6 1 2 7153 8532
6 1 2 9790 10024
5 1 3 8325 8331 8591
5 1 3 8663 10173 10239
5 1 2 8943 10221
3 4
4 2
5 1 3 470 3428 9050
5 2
6 1 2 8354 8703
6 1 2 8955 10009
4 3
5 1 2 521 1839
5 1 5 3895 5212 7729 9905 10278
5 1 4 4484 5061 7202 9380
4 1 9 1345 1381 1859 1948 2688 3323 4327 6981 9682
4 1 3 3334 4293 9758
3 2
4 1 6 817 2082 4673 7048 7730 9911
4 1 4 4761 5523 8546 8687
3 8
4 1 26 861 3318 3843 4774 5087 5180 6309 6439 7571 7625 7727 8250 8418 8704 8708 8744 8781 8854 9142 9188 9301 9381 9440 9525 9664 9731
4 1 2 3150 6077
4 1 3 3472 7221 9106
4 1 2 5903 9651
4 3
5 1 2 6558 9062
5 2
6 1 3 7980 8007 9546
6 1 2 9235 9623
5 1 5 8619 9143 9352 9637 9727
4 1 2 7289 8772
4 1 2 7845 8933
4 1 2 9119 9396
3 1 5 3375 8608 8630 9980 10254
3 3
4 1 4 6477 8180 8836 9534
4 2
5 1 2 8245 9169
5 1 2 8878 9018
4 1 3 8501 8595 8712
2 9
3 7
4 1 28 52 312 434 1060 1519 3135 3406 5113 5148 5889 5963 6141 6160 6499 7027 7750 8010 8571 8594 8802 8956 8993 9769 9932 9981 10236 10294 10308
4 1 3 328 6261 8824
4 1 3 2943 8941 9326
4 1 3 3968 4726 5223
4 1 2 6264 9333
4 1 2 6583 8062
4 1 2 8995 9145
3 3
4 1 5 84 2722 6449 6963 9043
4 1 8 137 580 1964 8208 8882 9097 9332 9384
4 2
5 1 3 825 3299 4223
5 1 3 3874 5009 9539
3 3
4 3
5 1 2 96 10149
5 1 2 2449 9703
5 1 3 6684 9462 9618
4 1 2 280 503
4 1 53 354 787 1070 3685 4266 4337 6310 6879 6919 7166 7482 7574 7710 8330 8404 8452 8587 8639 8644 8754 8756 8777 8783 8830 8985 9004 9015 9087 9094 9116 9134 9185 9187 9292 9294 9337 9390 9405 9450 9486 9535 9585 9614 9670 9671 9680 9766 9796 9862 9931 9992 10146 10196
3 3
4 1 9 570 3073 5758 6343 8026 8273 8972 8974 9359
4 1 6 2359 5049 5313 5787 6520 7044
4 1 2 3498 9443
3 4
4 1 12 1232 3841 4075 5486 5913 6121 7244 7294 7650 7771 9625 10165
4 2
5 1 3 1862 4357 9241
5 2
6 1 3 10045 10054 10160
6 1 2 10055 10056
4 1 3 2291 4650 5766
4 1 4 5527 8965 9209 9718
3 1 4 1462 2727 4483 8558
3 1 4 5053 6650 8828 10084
3 1 4 8413 8979 9041 9059
3 1 5 9853 9983 10137 10259 10297
2 12
3 7
4 1 3 58 9309 9706
4 3
5 1 2 165 822
5 1 2 3034 8589
5 1 2 7642 9705
4 2
5 1 28 272 303 629 1448 2416 4421 4680 5597 6402 6928 7179 7805 8035 8209 8575 8606 8792 8827 8897 9264 9714 9726 9730 9773 9962 10111 10245 10276
5 1 2 1073 8804
4 2
5 1 4 1250 4180 5108 9068
5 2
6 1 4 7716 8677 9663 10071
6 1 2 9605 9939
4 1 2 2479 8544
4 2
5 1 6 4428 6491 7554 7741 9420 10016
5 1 2 9735 10069
4 2
5 1 2 7246 9812
5 2
6 1 2 8531 9852
6 1 2 9488 10114
3 5
4 3
5 1 2 60 1744
5 1 3 2867 8611 9588
5 1 2 5998 9177
4 3
5 1 3 504 9711 9744
5 2
6 1 2 850 10181
6 1 2 7207 9720
5 1 3 4005 5960 9876
4 4
5 1 6 2423 4318 6005 8888 10166 10283
5 2
6 1 5 4526 5768 6334 9447 9523
6 1 2 7515 8066
5 1 4 7086 8003 9580 9830
5 1 3 9530 9923 10039
4 2
5 1 2 3726 9528
5 1 3 8800 9342 9635
4 2
5 1 4 5146 6794 8659 9661
5 1 2 9058 9302
3 9
4 1 2 69 9378
4 1 32 1105 1139 2126 3484 4307 5236 5558 5694 6365 6399 6574 6781 7097 8206 8909 8953 9407 9465 9474 9527 9594 9925 9954 9988 9990 10002 10147 10184 10192 10199 10222 10306
4 1 4 2045 8734 8892 10289
4 1 2 3000 9398
4 1 2 5691 10140
4 1 3 8150 9426 9515
4 1 4 8449 8584 9468 9511
4 1 2 9514 10134
4 1 2 10036 10219
3 12
4 1 44 73 984 2812 2967 3180 3802 4066 4172 5440 5531 5667 6021 6272 6842 6865 7540 7608 7884 7992 8057 8199 8550 8596 8765 8773 8787 8789 8831 8858 8891 8912 9063 9238 9242 9377 9385 9724 9728 9756 9851 9929 9950 9974 10079
4 1 2 2590 7601
4 1 2 3836 7999
4 2
5 1 4 4692 5776 6490 8612
5 1 2 5123 9350
4 1 3 6589 9982 10008
4 2
5 1 2 7301 7404
5 1 2 8116 8632
4 1 2 7346 7943
4 1 2 7517 9969
4 1 3 7581 9924 10190
4 1 2 7659 10046
4 1 2 8429 9559
4 1 2 9506 9590
3 5
4 2
5 1 3 80 5353 8821
5 1 2 1369 5011
4 2
5 1 3 455 6736 8072
5 1 2 4181 7105
4 1 3 639 1479 9520
4 1 5 2347 8024 8590 8731 9099
4 1 10 4854 5511 7058 8147 8290 8499 8553 8618 9107 9492
3 6
4 2
5 1 13 152 789 3308 6029 6082 8321 8733 9030 9570 9688 9874 10025 10100
5 1 2 8165 9899
4 2
5 1 3 219 8769 8962
5 1 2 8782 9170
4 4
5 2
6 1 3 1327 6299 8739
6 1 2 7655 10200
5 1 3 1752 5506 8915
5 1 3 4083 6760 8211
5 1 2 6926 7286
4 1 2 4969 7303
4 1 2 6006 7718
4 3
5 1 2 7399 9948
5 1 3 9070 9190 9881
5 1 3 9092 9838 10031
3 4
4 1 2 283 10098
4 1 5 902 7592 8392 10027 10258
4 1 2 5132 10121
4 1 5 6807 9509 10077 10235 10302
3 2
4 1 4 388 506 624 8310
4 1 2 844 937
3 5
4 3
5 1 3 837 6965 9821
5 1 2 6532 7189
5 1 2 8504 9920
4 1 5 4670 7397 8857 10119 10144
4 2
5 1 4 6798 8226 8709 9888
5 1 3 8806 8984 9022
4 1 6 7762 7875 8957 9583 9755 10215
4 2
5 1 3 8983 10010 10176
5 1 5 9895 9902 9953 9979 10047
3 2
4 2
5 1 3 1265 10117 10274
5 1 2 8178 9023
4 1 4 3414 3826 7916 9130
3 1 12 2462 4201 5971 6364 6470 6533 7953 9132 9208 9476 9885 10116
3 3
4 1 2 2730 9985
4 1 8 5023 6403 6683 9455 9458 9490 9504 9816
4 1 3 7832 8503 9750
2 6
3 5
4 2
5 2
6 1 4 82 8223 8732 9507
6 1 2 7282 10186
5 2
6 1 3 2781 10266 10287
6 1 3 5716 6625 10203
4 2
5 1 3 3489 4487 9336
5 1 3 7565 9312 9814
4 3
5 1 3 4822 6107 8317
5 2
6 1 2 5978 6089
6 1 2 6891 7006
5 1 7 7427 8421 9039 9383 9485 9563 10123
4 2
5 1 3 6543 7660 8054
5 1 5 8646 8926 9551 9798 10014
4 2
5 1 5 7734 7949 8056 8450 8871
5 1 2 10019 10168
3 6
4 4
5 1 3 214 8479 8568
5 1 5 6162 8439 9395 9463 9762
5 1 2 6915 9632
5 2
6 1 2 8736 9926
6 1 3 9328 9894 10189
4 3
5 1 15 445 1091 1861 3207 3993 4383 5272 5665 6739 8015 8990 9399 9850 9986 10005
5 2
6 1 3 1174 9770 9775
6 1 2 9723 9808
5 1 3 4197 6711 8458
4 2
5 1 15 5708 6292 6667 7633 8543 8654 8774 9055 9365 9818 9933 9973 10028 10126 10198
5 1 2 9162 10127
4 2
5 1 4 6204 7583 7983 10092
5 1 5 8488 8535 8927 9374 9503
4 2
5 2
6 1 2 6707 10122
6 1 2 9272 9347
5 2
6 1 2 8070 9137
6 1 2 8684 9884
4 2
5 1 2 9072 10037
5 1 3 10001 10021 10040
3 5
4 3
5 1 15 229 527 2285 3012 3411 4257 4648 5031 8490 8867 9048 9081 9622 9854 10085
5 1 2 7229 9624
5 1 2 7896 8657
4 3
5 1 4 742 3586 3819 9845
5 1 2 4514 7290
5 1 3 10011 10099 10255
4 2
5 1 3 1666 6024 9291
5 1 3 7501 7849 8861
4 2
5 1 5 4638 8895 9813 9956 10062
5 1 5 5153 7700 8853 8924 9198
4 1 2 9231 10076
3 5
4 1 6 314 2956 4788 5743 9562 9704
4 3
5 1 5 1288 2418 7939 9246 9560
5 1 3 7970 8522 9315
5 1 3 8973 9519 9763
4 3
5 2
6 1 2 3492 9478
6 1 2 4269 4844
5 1 5 5100 6406 9609 9739 9749
5 1 3 7755 9631 9710
4 2
5 1 5 3526 5505 8552 9700 9707
5 1 4 4250 4496 7361 9729
4 1 4 5714 9136 9427 9786
3 6
4 2
5 1 5 436 4758 4817 5834 9091
5 2
6 1 2 9887 9917
6 1 2 10141 10208
4 2
5 1 2 2430 5627
5 1 4 8481 9782 9870 9951
4 3
5 1 3 3315 9653 9748
5 1 3 8678 9765 9921
5 2
6 1 3 9574 9964 10017
6 1 2 9665 9736
4 2
5 1 5 5630 5909 9820 9906 10305
5 1 3 9971 10029 10113
4 1 5 9470 9473 9545 9547 9660
4 1 3 9607 9890 10057
3 4
4 2
5 1 4 3049 4582 8626 9402
5 1 3 3408 7498 8680
4 2
5 1 2 4222 9619
5 1 3 4578 4843 8940
4 2
5 1 5 6237 6820 8996 9540 9666
5 1 2 6806 10106
4 4
5 1 3 7790 9248 10253
5 1 5 8089 9201 10178 10212 10226
5 1 6 9196 9452 9825 9995 10112 10275
5 1 2 10151 10303
2 7
3 4
4 2
5 1 2 128 8021
5 1 2 5462 8814
4 2
5 1 2 3503 8519
5 1 2 8169 8795
4 2
5 1 3 5918 9047 9084
5 1 3 7386 9521 10193
4 2
5 1 2 8407 8510
5 1 2 9300 9497
3 7
4 3
5 1 2 206 7712
5 1 2 8570 9984
5 1 2 9842 10187
4 3
5 1 2 557 9891
5 1 3 6391 9178 9784
5 1 2 6754 9699
4 1 5 7679 8379 8863 9471 9753
4 3
5 1 2 8323 10070
5 1 3 8655 9797 10206
5 1 2 8840 10292
4 2
5 1 2 8337 10063
5 1 3 9318 10177 10238
4 3
5 1 3 8600 9835 10015
5 1 3 8904 8971 9229
5 1 2 9721 9922
4 1 3 9674 9715 9915
3 6
4 3
5 3
6 1 3 213 9354 9804
6 1 2 346 9283
6 1 3 355 8887 9124
5 2
6 1 4 3221 5727 8682 9098
6 1 2 8991 9046
5 2
6 1 2 4469 7850
6 1 2 8017 8604
4 4
5 2
6 1 4 2328 3540 9673 9841
6 1 2 9036 9595
5 2
6 1 4 2537 7424 9479 9555
6 1 2 3973 7420
5 1 2 7279 9265
5 1 3 7432 8952 9505
4 4
5 2
6 1 2 3947 9713
6 1 2 6344 8139
5 1 2 5432 9271
5 2
6 1 2 7903 8403
6 1 2 9086 9498
5 1 3 8437 9247 9448
4 5
5 2
6 1 3 4112 9278 9843
6 1 3 8088 9777 9801
5 1 3 8029 8560 9007
5 1 3 8529 9363 9695
5 1 3 8741 9524 9683
5 1 2 9165 9684
4 2
5 2
6 1 3 4198 5876 8614
6 1 2 8484 8997
5 1 4 8469 9483 9522 9537
4 2
5 1 2 9148 9327
5 1 2 9617 9712
3 6
4 2
5 1 5 313 7911 8676 9207 9561
5 1 3 8346 9181 9306
4 2
5 1 4 3079 5437 8585 9533
5 1 2 3128 3610
4 3
5 1 4 3161 3223 4740 9858
5 1 2 7534 10138
5 1 3 9613 9938 10211
4 3
5 1 4 3804 9358 9493 9803
5 1 5 4432 5695 8345 8791 8994
5 1 5 9113 9516 9639 9768 9913
4 2
5 1 6 5587 9998 10026 10164 10216 10296
5 2
6 1 3 9676 10135 10207
6 1 2 10095 10237
4 4
5 2
6 1 3 6231 6893 7227
6 1 2 9334 9626
5 1 2 7626 9857
5 2
6 1 3 9356 9512 10053
6 1 2 9612 9819
5 1 3 9472 9701 9733
3 4
4 3
5 1 4 371 5063 9149 9909
5 1 6 407 3260 4647 8489 9646 9647
5 1 2 8770 9108
4 4
5 1 5 1390 3825 7478 8946 9930
5 2
6 1 2 3192 9573
6 1 3 8492 9366 9425
5 1 2 6393 8960
5 2
6 1 2 7165 7480
6 1 2 8899 9754
4 3
5 2
6 1 4 2144 6034 8412 9153
6 1 2 6959 8964
5 1 3 7051 9424 9865
5 1 2 7407 9687
4 3
5 1 3 3753 8363 8416
5 1 2 5194 9610
5 1 6 6039 6173 8427 8808 9104 9173
3 4
4 1 4 431 8625 9150 9290
4 2
5 1 3 533 6423 6531
5 1 3 7657 8862 9421
4 2
5 1 2 7092 7753
5 1 3 8944 9690 9912
4 1 2 9602 9656
3 7
4 3
5 1 3 2055 3624 10049
5 1 4 2806 9325 9935 9963
5 2
6 1 4 9828 9878 9919 9943
6 1 2 10118 10202
4 4
5 2
6 1 2 2143 9219
6 1 2 7340 9174
5 2
6 1 2 3866 7376
6 1 2 8578 9437
5 1 2 5397 9708
5 2
6 1 2 6285 9946
6 1 2 9254 9732
4 2
5 2
6 1 3 4537 8701 9776
6 1 3 9822 10194 10242
5 1 4 4570 5255 6226 10252
4 2
5 2
6 1 3 6833 9225 9466
6 1 2 7428 9541
5 2
6 1 3 8978 10034 10090
6 1 2 9123 9428
4 2
5 1 2 6945 10143
5 1 3 8280 9244 9947
4 4
5 1 4 8213 9266 9875 9965
5 1 3 8844 9230 9941
5 1 4 8855 9859 9879 10161
5 1 2 9295 9793
4 2
5 1 2 8652 10248
5 1 4 8762 9111 10018 10097
1 10
2 8
3 5
4 3
5 1 30 34 269 939 1034 2221 3165 3543 3691 4164 4655 4728 4838 5097 5105 5144 5157 5306 5403 5438 5539 5744 5756 6313 6518 6998 7280 7635 7862 8103 8145
5 1 2 3300 5679
5 1 2 5454 5609
4 2
5 1 2 451 4611
5 2
6 1 2 4777 6557
6 1 2 7325 7332
4 2
5 2
6 1 2 859 7582
6 1 2 2711 7216
5 1 3 6653 7369 7384
4 1 5 2719 3305 4851 5773 7651
4 2
5 2
6 1 2 5910 6068
6 1 2 6003 7506
5 1 3 6086 6592 6716
3 4
4 2
5 1 4 212 486 1842 5616
5 1 2 338 1672
4 1 3 243 6472 6495
4 2
5 1 2 887 5898
5 1 4 4676 5036 6447 6496
4 1 3 4471 5622 6120
3 6
4 2
5 1 4 260 5344 7649 9144
5 1 2 4918 6636
4 2
5 1 4 311 4973 5380 5698
5 1 3 2231 4852 5026
4 1 3 440 3583 3801
4 2
5 1 5 1591 5860 6452 6537 7606
5 1 2 1913 3861
4 2
5 1 5 2865 6479 6763 6837 7083
5 1 3 6471 6485 6686
4 1 7 4507 6007 6377 6480 6522 9593 9936
3 3
4 2
5 1 6 632 1102 3051 4085 7403 7518
5 1 2 4932 6339
4 2
5 1 6 1418 2627 5485 5669 6979 7305
5 1 2 4027 6745
4 3
5 1 2 4778 6822
5 1 2 5811 6484
5 1 2 6080 6900
3 5
4 2
5 1 4 726 6851 7064 7834
5 1 2 1149 6215
4 2
5 2
6 1 2 3666 8661
6 1 2 5042 5762
5 1 3 6861 7263 7523
4 2
5 1 2 5641 6538
5 1 2 6436 7222
4 2
5 2
6 1 2 5713 6013
6 1 2 7774 7796
5 2
6 1 2 6692 7499
6 1 2 6869 7349
4 1 3 6661 8048 8478
3 4
4 1 4 808 4402 6001 7085
4 2
5 1 2 834 3255
5 1 4 2659 3320 5274 5326
4 2
5 1 2 2854 6651
5 1 2 4622 5287
4 3
5 1 4 3092 6431 6903 7283
5 1 3 5689 6801 7182
5 1 3 6863 7509 7542
3 4
4 3
5 2
6 1 4 1203 2818 6247 6874
6 1 2 3284 6440
5 2
6 1 3 2643 2686 4399
6 1 2 3347 6437
5 1 3 2746 3316 3604
4 2
5 2
6 1 2 1516 1517
6 1 2 2990 3698
5 1 4 1721 2232 4724 6535
4 3
5 1 6 1966 2552 4410 4669 4804 6803
5 1 2 3457 3468
5 1 3 6868 7107 7205
4 2
5 1 2 5890 6417
5 1 2 6223 6302
3 5
4 2
5 1 3 3916 6672 7409
5 2
6 1 2 6582 7247
6 1 2 7252 7688
4 1 3 5118 6438 6705
4 1 2 5625 5635
4 2
5 1 4 6571 6799 8740 8833
5 1 4 6676 7040 7057 7595
4 1 2 7281 7516
2 7
3 6
4 2
5 1 5 39 4251 6427 6545 7331
5 2
6 1 2 3174 3796
6 1 2 4621 5526
4 4
5 2
6 1 2 274 3700
6 1 2 305 4902
5 2
6 1 3 967 3703 7035
6 1 2 6307 7359
5 1 3 2512 5614 5749
5 2
6 1 3 5823 6251 6600
6 1 3 6453 6885 7562
4 3
5 2
6 1 2 477 5156
6 1 2 630 7573
5 1 5 3500 3740 4436 5360 7709
5 1 6 3868 4260 6546 7049 7070 7787
4 3
5 1 3 543 1998 3926
5 1 3 2402 5817 6704
5 1 2 5002 7362
4 3
5 2
6 1 2 2088 4131
6 1 2 6713 6836
5 1 3 4633 5500 6149
5 1 2 6225 7885
4 3
5 1 5 3077 4154 7234 7416 7450
5 1 3 3670 5948 6643
5 1 3 4124 5820 7375
3 7
4 4
5 1 3 92 2619 6706
5 3
6 1 3 2829 5355 5712
6 1 2 4504 5395
6 1 2 4968 5644
5 1 3 5271 6119 6158
5 2
6 1 2 5465 6064
6 1 2 5900 6465
4 3
5 1 3 238 818 5735
5 1 2 3220 4153
5 1 3 3351 3939 6219
4 2
5 2
6 1 3 329 5137 5629
6 1 4 5018 5150 6056 6161
5 2
6 1 2 3739 5145
6 1 3 5188 5209 6037
4 4
5 1 4 675 3265 5426 6458
5 1 2 2100 3067
5 2
6 1 3 3139 4881 5879
6 1 2 5183 6025
5 2
6 1 2 5916 6451
6 1 3 6206 6317 7026
4 4
5 1 3 997 3301 5637
5 1 4 2498 4481 4961 6175
5 1 4 4791 5503 6331 6426
5 2
6 1 2 5282 6641
6 1 2 6526 6679
4 4
5 1 3 2180 6053 6066
5 2
6 1 3 4412 4988 6536
6 1 2 6294 6659
5 2
6 1 2 4518 5911
6 1 4 5788 5973 6248 6360
5 1 2 6493 6498
4 3
5 2
6 1 3 3601 6656 6789
6 1 2 5730 5887
5 2
6 1 2 4030 5553
6 1 6 4688 5106 5351 5704 5969 5977
5 1 2 5707 6281
3 6
4 3
5 1 3 135 3793 7093
5 1 2 1841 4967
5 1 4 5381 6133 6236 6371
4 3
5 2
6 1 2 170 5997
6 1 2 6597 6688
5 1 4 5208 5275 5681 6859
5 1 3 5865 6700 6832
4 5
5 1 3 185 1791 6379
5 1 4 442 4380 6976 6987
5 1 2 2819 6211
5 2
6 1 2 3565 5991
6 1 2 5687 6260
5 3
6 1 2 5253 6648
6 1 4 5406 5678 6872 6922
6 1 3 5769 7358 7467
4 3
5 3
6 2
7 1 2 583 7142
7 1 2 3592 4930
6 1 2 4664 6612
6 1 2 6090 6235
5 1 3 4723 5798 6374
5 1 3 5993 6323 6454
4 3
5 2
6 1 2 805 5607
6 1 2 5074 6242
5 1 3 1614 5602 5884
5 1 2 5595 6396
4 3
5 1 2 879 5842
5 1 3 5373 5569 6827
5 1 2 5533 6155
3 6
4 4
5 1 3 166 5193 5852
5 2
6 1 2 1955 4338
6 1 2 2561 4531
5 2
6 1 2 2621 5544
6 1 2 5000 7477
5 2
6 1 2 4073 4893
6 1 2 5819 6363
4 5
5 2
6 1 2 357 6217
6 1 2 5572 7456
5 1 6 679 2615 3322 5927 6873 7196
5 1 4 2116 3981 6134 7394
5 1 2 5329 6726
5 1 2 5844 6553
4 2
5 1 2 597 5654
5 1 3 4511 4905 5142
4 2
5 2
6 1 4 2177 3146 4422 5979
6 1 3 5779 5936 5954
5 1 9 3650 4190 4479 4887 5014 5592 5859 6367 6961
4 2
5 1 2 3110 3810
5 1 2 6259 6369
4 2
5 1 7 3112 3768 4891 5412 5546 6516 7539
5 1 3 3222 5920 6843
3 5
4 3
5 2
6 1 3 294 4637 5474
6 1 4 3060 5226 5870 6430
5 1 4 816 4614 6723 7760
5 1 3 5214 5296 7308
4 4
5 1 3 457 2745 5633
5 1 4 609 5332 5685 6279
5 2
6 1 3 923 5189 5195
6 1 3 5163 5606 6362
5 1 2 3295 4023
4 2
5 1 7 651 4535 5320 5514 5742 5926 6268
5 1 2 5293 5623
4 2
5 3
6 1 3 724 5020 5321
6 1 2 4784 6795
6 1 3 5683 5906 6847
5 2
6 1 3 1218 3086 5301
6 1 3 5069 5198 5967
4 2
5 1 3 4747 5246 5937
5 1 3 4991 5257 5741
3 5
4 3
5 2
6 1 2 319 4185
6 1 4 4142 4389 5560 9738
5 2
6 1 2 640 5688
6 1 4 3731 5064 5368 5624
5 1 2 5552 6195
4 3
5 3
6 1 4 393 2901 3758 7268
6 1 2 5175 7192
6 1 2 6015 7018
5 1 3 1182 4944 7500
5 2
6 1 2 3736 5631
6 1 2 5117 6733
4 4
5 1 5 649 4104 5697 6337 6354
5 1 3 2352 5423 6956
5 1 4 6061 6239 6793 7024
5 1 2 6577 8288
4 3
5 1 2 2624 5818
5 2
6 1 2 3774 3869
6 1 2 4781 6617
5 1 3 4377 5379 5652
4 3
5 1 9 4815 4962 5126 5298 5359 5429 5451 6073 6939
5 2
6 1 3 5501 5864 6529
6 1 2 5854 6269
5 1 3 6576 6895 7636
3 4
4 4
5 1 5 564 1216 4583 5626 6404
5 1 4 3312 4782 5545 5794
5 2
6 1 3 5084 5715 6936
6 1 2 5439 5541
5 1 3 6562 6738 7731
4 3
5 3
6 1 3 676 6395 6782
6 1 5 3805 3852 6555 7481 7877
6 1 5 4731 5556 5711 6370 6521
5 3
6 2
7 1 2 2761 4776
7 1 5 3424 5003 6766 6850 6985
6 1 3 4449 5862 7102
6 1 2 4814 6030
5 1 3 4797 6473 6835
4 3
5 1 2 2398 5266
5 1 2 4054 4660
5 1 2 5328 9183
4 3
5 2
6 1 2 4419 5829
6 1 2 4539 5944
5 1 3 4466 6687 6751
5 1 4 5721 5813 7178 8012
2 12
3 7
4 1 13 44 3420 5356 5430 5484 5782 6737 6779 7009 7266 7390 7732 7882
4 2
5 1 5 88 592 3025 6810 6877
5 1 2 5308 5858
4 1 2 349 3834
4 1 22 625 658 1301 1429 1812 2368 2548 4202 4305 4308 4392 5124 5173 5386 5599 5709 5825 6517 6970 7077 7977 8018
4 3
5 1 2 3380 5504
5 1 3 4476 4972 7473
5 1 2 6561 9164
4 2
5 1 2 4618 4711
5 1 2 6814 7159
4 1 2 5940 7073
3 12
4 1 3 154 426 7010
4 1 3 402 3933 6297
4 1 32 1100 1993 2316 3111 3205 3218 3271 4300 4319 4983 5112 5349 6188 6530 7103 7461 7527 7751 7865 7890 7910 7942 7961 7962 7976 7979 8009 8011 9367 9596 9861 9882
4 1 2 1360 7259
4 1 2 2123 5703
4 1 2 2314 6838
4 1 3 3393 5589 6117
4 1 3 3951 5808 6220
4 1 3 4786 7479 8967
4 1 3 5270 6929 6948
4 1 2 5491 6732
4 1 2 7612 8212
3 4
4 1 3 179 2057 6560
4 1 3 4365 4898 6373
4 1 4 5089 6917 6920 8107
4 1 2 6016 6203
3 2
4 1 4 226 6989 7728 7888
4 1 3 5891 6860 7995
3 4
4 1 4 351 2026 6596 7264
4 1 6 579 847 1263 4168 6214 7138
4 2
5 1 2 920 4734
5 1 3 2685 5383 7931
4 1 3 3900 6450 6735
3 6
4 2
5 1 2 520 7028
5 1 3 1296 5191 8342
4 1 2 647 8182
4 1 45 867 958 1512 1582 1851 1925 2519 2585 2628 3368 3462 3566 3961 4187 4207 4385 4451 4868 5073 5149 5187 5267 5289 5399 5550 5659 5718 5968 6036 6244 6320 6721 6846 6890 6984 7000 7011 7496 7723 7820 7900 8068 8201 8215 8269
4 2
5 1 8 2852 3529 4355 4770 5957 6996 7411 7663
5 1 2 3908 5040
4 2
5 1 4 5840 5841 6469 6621
5 1 2 7418 7551
4 1 2 7824 7913
3 4
4 1 15 602 1687 4381 5548 5747 6184 6199 6565 6818 7002 7119 7453 7826 8166 8516
4 1 5 897 1026 6325 6330 7110
4 1 8 1420 2157 5478 5646 5827 6255 6578 8573
4 2
5 1 4 3471 5733 6432 6563
5 1 4 3905 4738 5983 6238
3 4
4 1 8 737 2551 5668 6163 6213 6288 6366 6802
4 2
5 1 3 3022 4388 5405
5 1 2 3070 6594
4 1 8 4865 4965 5178 5524 5750 5872 5958 5966
4 1 4 6062 6111 6177 6725
3 2
4 1 3 1934 2926 5181
4 1 9 3274 4811 6085 6171 6197 6341 6588 7055 8582
3 3
4 1 2 3175 5554
4 1 10 3290 3460 4497 4880 4963 5407 5686 6240 6421 6889
4 1 2 5309 5882
3 2
4 1 4 3546 4839 5952 6758
4 1 2 6618 7550
3 5
4 2
5 1 6 3795 5021 6333 6579 7472 7998
5 1 2 4515 6988
4 1 5 4769 5941 6167 6425 6460
4 1 3 4935 5717 6671
4 2
5 1 3 5305 6092 6744
5 1 2 5608 6152
4 2
5 1 4 5483 6125 6951 7241
5 2
6 1 2 5588 6784
6 1 2 6318 7722
2 10
3 6
4 1 2 46 8700
4 1 22 1237 2469 2483 4604 4627 5008 5262 5720 5804 6038 6875 7296 7396 7776 7869 8100 8205 8251 8338 8561 8801 8809
4 1 3 2331 3853 6623
4 1 2 3865 5177
4 1 2 6731 7533
4 1 2 6797 7118
3 12
4 2
5 1 67 86 120 396 692 800 1634 2461 2488 2577 3090 3480 3818 4050 4102 4165 4708 4938 4952 5242 5316 5516 5578 6300 6448 6675 6740 6878 7079 7084 7087 7106 7134 7208 7224 7226 7257 7285 7315 7373 7446 7502 7602 7617 7687 7697 7783 7811 7866 7879 8027 8038 8040 8131 8216 8237 8260 8285 8297 8333 8341 8419 8466 8545 8848 8869 9167 9918
5 1 2 1204 8874
4 1 68 196 321 781 1128 1338 1642 1759 2092 3571 3587 3982 4329 4513 5099 5228 5888 5985 6069 6192 6510 6528 6544 6710 6813 6854 6912 6941 6952 6958 6999 7019 7045 7046 7113 7160 7194 7230 7243 7262 7298 7320 7347 7381 7474 7557 7641 7674 7767 7803 7846 7870 7919 8005 8099 8114 8136 8181 8254 8266 8286 8300 8326 8335 8447 8453 8468 9040 9212
4 1 2 454 7892
4 1 3 606 4161 8175
4 2
5 1 3 669 5915 6321
5 1 2 5038 7162
4 1 3 719 744 4954
4 1 57 3613 4619 4651 5618 5878 5995 6511 6610 6631 7012 7032 7054 7082 7100 7116 7161 7163 7199 7210 7220 7245 7284 7300 7341 7383 7445 7447 7588 7590 7637 7671 7696 7769 7773 7839 7871 7932 8037 8097 8127 8168 8246 8265 8296 8322 8332 8362 8369 8374 8454 8605 8737 8820 8870 8900 8907 9410
4 1 2 6182 7239
4 1 2 6353 7350
4 2
5 1 4 6888 7041 7335 7343
5 1 4 7104 7364 7368 7371
4 1 3 7306 8267 8352
4 1 2 7339 7360
3 9
4 7
5 1 16 95 175 1238 4274 5062 5472 5828 6185 7464 8293 8999 9012 9112 9409 9757 9944
5 1 3 107 4470 6909
5 1 2 245 7609
5 1 2 2196 7089
5 1 2 4910 9877
5 1 2 5535 5801
5 1 2 7185 7830
4 3
5 1 2 298 4379
5 1 2 5959 7062
5 1 2 7465 8396
4 2
5 1 2 361 6923
5 1 2 7686 8222
4 3
5 1 3 1357 7745 7799
5 1 3 1359 5670 8548
5 1 3 4134 6139 6690
4 1 6 1865 2365 3042 6730 7437 7580
4 4
5 1 2 2683 5933
5 1 3 4785 6581 7656
5 1 3 4997 5434 6728
5 1 3 5079 5830 7297
4 2
5 1 5 3148 3572 4313 7193 7801
5 1 3 4233 4956 5210
4 1 3 6819 6946 7452
4 1 2 7081 8281
3 12
4 1 77 105 136 254 259 263 296 331 494 671 721 786 903 1008 1094 1287 1675 1805 2301 2395 2517 2529 2823 3183 3235 3366 3421 3633 3790 3860 4024 4117 4382 4459 4615 4790 4948 5035 5372 5444 5480 5520 5532 5585 5807 5815 6123 6222 6232 6494 6765 6918 6993 7088 7101 7157 7255 7258 7293 7322 7336 7587 7670 7672 7685 7740 7770 7785 7807 7812 7897 7927 8020 8124 8159 8259 8278 8320
4 2
5 1 75 156 1344 2763 2837 2904 3056 3374 3395 3991 4474 4533 4753 4833 5001 5311 5448 5502 5582 5604 5770 5831 6122 6137 6327 6414 6673 6722 6786 6898 6967 6975 6992 7043 7112 7115 7147 7201 7249 7254 7260 7310 7317 7382 7535 7558 7669 7698 7763 7827 7831 7837 7844 7909 7936 8034 8039 8077 8105 8128 8141 8156 8172 8179 8257 8289 8313 8350 8365 8406 8462 8513 8541 8574 8865 8868
5 1 2 540 8122
4 2
5 1 3 251 1411 9487
5 1 2 7133 9166
4 1 2 758 2332
4 1 3 2136 8065 8157
4 1 2 3032 9016
4 2
5 1 3 4662 5022 7654
5 1 2 5851 6381
4 1 2 4667 5761
4 1 2 4779 6441
4 1 2 5814 6503
4 1 2 6719 7638
4 1 2 6755 7934
3 5
4 2
5 1 3 242 918 6587
5 1 2 5939 6991
4 2
5 1 2 562 6950
5 1 6 3522 4501 4727 6207 6662 7449
4 3
5 1 2 1400 4282
5 1 2 4130 5961
5 1 2 6811 6844
4 1 4 2306 5975 7013 7158
4 2
5 1 2 2822 5182
5 1 4 6773 6845 6853 7109
3 6
4 2
5 2
6 1 2 264 4167
6 1 2 1690 8163
5 1 2 4863 6305
4 2
5 1 2 588 9740
5 1 2 1618 6978
4 2
5 1 2 848 7287
5 1 3 3066 6619 6749
4 1 18 3171 4144 4404 4922 5094 5352 5600 5634 5821 6180 6940 7052 7080 7181 7261 7329 7451 7692
4 1 2 3779 7129
4 2
5 1 2 4828 6143
5 1 2 6457 6805
3 5
4 1 88 337 430 607 691 1004 1069 1087 1225 1732 1898 1954 2212 2740 3234 3412 3435 3551 3737 3846 3875 4006 4272 4372 4438 4528 4687 4742 5032 5034 5361 5446 5488 5518 5583 5603 5765 5843 6009 6023 6049 6078 6136 6179 6265 6378 6585 6615 6775 6856 6925 7030 7036 7067 7069 7127 7136 7183 7203 7228 7318 7512 7520 7549 7599 7648 7724 7733 7738 7742 7810 7815 7822 7838 7853 7906 7917 7959 8109 8144 8183 8200 8271 8307 8388 8409 8766 9274 9972
4 1 2 1535 7225
4 1 2 3896 7575
4 1 2 6674 7704
4 1 2 7061 8204
3 2
4 1 9 403 1335 2841 4616 4677 5371 7190 7309 8467
4 1 2 5632 5723
3 5
4 2
5 1 3 1858 5640 6924
5 1 2 6772 6943
4 2
5 1 2 2203 6291
5 1 2 7152 7511
4 2
5 1 2 2916 4837
5 1 3 3382 6990 7140
4 4
5 1 3 3486 6635 6654
5 1 3 4118 5489 7833
5 1 2 4482 6717
5 1 3 4793 6486 6649
4 2
5 1 2 4342 6478
5 1 2 4709 5525
3 3
4 2
5 1 2 5982 7749
5 1 2 6655 7211
4 1 3 6442 7171 7463
4 1 3 6800 6857 6944
2 5
3 1 22 56 2513 3516 4657 4733 5110 5441 5902 6060 6147 6283 6319 6497 6607 7111 7144 7209 7275 7321 7984 9737 9781
3 3
4 1 3 100 7847 8197
4 1 6 2593 5201 6593 6930 7248 7505
4 1 6 5285 5561 6400 6598 6986 7972
3 3
4 1 9 188 5382 6638 7276 7402 7408 7414 7487 7782
4 1 2 2971 6020
4 1 2 3690 5777
3 2
4 1 2 4350 6094
4 1 2 6896 6953
3 3
4 1 2 5845 6515
4 1 3 6539 6570 6938
4 1 3 6743 7114 7237
2 5
3 2
4 1 32 75 132 168 612 748 1196 1374 1457 2192 2476 2680 2828 2931 3151 3188 3344 3361 3401 3813 3829 4262 4928 5216 5590 5755 6126 6383 6387 6405 7457 7848 8694
4 1 2 4576 6840
3 2
4 1 6 134 4845 5507 6508 6937 7191
4 1 4 253 3517 5421 5674
3 3
4 1 2 211 6541
4 1 3 1938 4151 6627
4 1 2 4442 6233
3 2
4 1 4 542 3759 4237 7529
4 1 7 2381 3252 4737 4882 5342 6921 7693
3 2
4 1 13 700 1144 2642 3437 3772 4885 5551 6157 6932 7653 7859 7921 7950
4 1 2 6388 6501
2 6
3 3
4 1 5 98 116 2887 3940 7675
4 3
5 1 4 560 3006 3217 5277
5 1 3 753 2790 4858
5 1 3 1811 2594 3735
4 2
5 1 2 3328 6630
5 1 3 3696 4553 5732
3 4
4 2
5 1 2 131 472
5 1 3 7063 7330 8058
4 1 9 973 2330 3929 5058 5135 6422 7312 9307 9966
4 1 2 5806 6109
4 1 7 6018 6048 6287 6298 7139 7577 8193
3 3
4 1 5 190 4763 4798 6284 6468
4 1 3 4645 5101 6446
4 2
5 1 2 5565 5612
5 1 3 6159 6669 8160
3 4
4 1 7 643 901 4691 6142 6165 7039 7817
4 1 8 1334 2040 4820 5515 6332 6821 6931 7351
4 2
5 1 2 3655 9335
5 1 2 3887 5389
4 1 3 4430 6834 7989
3 3
4 1 5 698 5365 5924 7645 8080
4 1 3 2735 5225 7678
4 1 2 4743 6227
3 2
4 2
5 1 5 3031 4188 5045 6010 6693
5 1 2 5729 6011
4 2
5 1 3 3671 5363 5660
5 1 3 4783 5315 5341
2 7
3 4
4 2
5 1 2 142 6780
5 1 2 6622 7031
4 1 5 304 4214 5200 6935 8232
4 1 2 3071 4836
4 2
5 1 2 4160 6257
5 1 2 5671 6428
3 4
4 1 5 356 6697 6746 6750 9151
4 2
5 1 5 398 5080 5095 6483 8086
5 1 3 4443 6871 7025
4 1 4 3966 5286 5932 6218
4 1 3 6459 6698 6882
3 3
4 4
5 1 2 428 7003
5 1 2 4004 6127
5 2
6 1 2 4047 6101
6 1 2 5907 6224
5 1 3 4714 6100 9702
4 3
5 1 2 2385 5081
5 1 4 3386 4517 5247 8851
5 1 4 7444 7454 7508 9195
4 4
5 1 3 2557 6208 7536
5 1 4 4105 4998 6632 7047
5 1 2 4610 7543
5 1 3 7167 7747 7901
3 8
4 3
5 1 2 575 7146
5 1 2 852 5812
5 1 2 7471 7522
4 1 16 1840 2139 3376 4401 5374 5517 5680 6168 6212 6328 6329 6409 6419 6420 8167 8393
4 1 2 3293 6116
4 1 2 3984 7307
4 1 4 5310 5786 5987 7423
4 1 4 6250 6254 6855 7132
4 1 2 6295 6957
4 1 2 6335 9416
3 4
4 1 4 620 3773 6336 8562
4 3
5 1 30 1083 2591 3455 3579 3623 3970 4591 5570 5752 5790 5795 5797 5846 5868 5965 6022 6031 6132 6140 6234 6275 6293 6384 6392 6433 6559 6642 6668 6788 6825
5 1 2 4703 6361
5 1 2 6067 6488
4 1 28 3244 4464 4717 5873 6072 6076 6191 6196 6246 6277 6280 6303 6306 6308 6338 6407 6568 6624 6628 6694 6908 6911 7598 7756 7758 8008 8096 8188
4 1 4 4923 6040 6113 6375
3 4
4 1 3 1168 5928 6131
4 1 4 3187 5218 7367 7676
4 1 3 3629 6762 6905
4 2
5 1 4 3635 5904 6055 6764
5 1 2 6884 7319
3 3
4 2
5 1 2 1513 6665
5 1 5 2350 6311 6742 6864 8138
4 1 4 1561 5771 7348 7413
4 1 4 5164 6646 6696 6699
2 7
3 4
4 2
5 1 4 195 864 3238 3932
5 1 3 410 2689 6416
4 2
5 1 5 548 3776 3873 4903 5943
5 1 3 1080 3944 4040
4 1 3 2470 2702 5892
4 2
5 1 3 5726 6166 7240
5 1 4 6904 7436 7765 8530
3 3
4 3
5 1 2 271 7711
5 1 2 459 1036
5 1 3 7793 8414 8681
4 3
5 1 2 1294 3824
5 1 2 5071 8304
5 1 2 5466 8137
4 2
5 1 2 4710 6660
5 1 4 4849 5908 6352 7946
3 4
4 2
5 1 4 316 714 716 1306
5 1 3 2825 4103 6881
4 2
5 1 3 641 3748 7042
5 1 2 6398 6796
4 1 4 750 1444 2023 3196
4 1 2 1085 4032
3 4
4 1 3 391 6002 6342
4 1 4 3496 5877 7553 8339
4 1 6 3702 5039 5452 5799 5849 6059
4 1 2 5447 5706
3 5
4 1 16 433 688 4378 4415 4441 4668 4799 5318 5391 5530 5620 5728 5805 5847 6245 6301
4 1 3 4071 5838 6603
4 1 4 4216 5122 5648 5658
4 1 3 5060 7545 8477
4 1 2 5092 5611
3 3
4 1 17 634 1132 3378 4082 4205 5312 5464 5800 5934 6658 6727 7277 7809 7829 7864 7868 7876
4 1 2 2565 3957
4 1 3 4298 6099 6525
3 3
4 2
5 1 2 956 1863
5 1 2 3856 7015
4 2
5 1 2 3797 5793
5 1 2 4090 7316
4 1 3 4248 4805 5251
2 1 1 2858
1 6
2 8
3 1 3 37 8743 9719
3 1 85 111 176 545 755 821 908 1022 1039 1187 1931 2007 2118 2223 2334 2491 2869 2917 3467 4133 4478 5537 6135 6263 6540 6590 7001 7050 7256 7288 7324 7363 7395 7405 7435 7460 7468 7492 7510 7513 7555 7677 7737 7746 7754 7772 7957 8084 8162 8220 8408 8464 8507 8566 8617 8673 8679 8748 8810 8829 8879 8896 9000 9027 9080 9085 9252 9267 9270 9276 9281 9316 9393 9414 9543 9592 9598 9686 9760 9787 10050 10051 10159 10188 10217 10277
3 1 28 292 2235 8277 8807 8841 8859 8866 8875 8906 8908 9095 9176 9189 9200 9213 9222 9228 9243 9249 9250 9261 9330 9364 9445 9513 9553 9615 9742
3 3
4 1 3 2109 6258 6724
4 1 4 4672 5710 6770 7458
4 1 2 6444 8045
3 1 3 2379 5417 10279
3 1 7 3679 4739 5133 5976 6164 7125 8049
3 2
4 1 2 4768 10240
4 1 3 9168 10195 10209
3 1 2 9579 9597
2 5
3 4
4 2
5 1 2 93 8385
5 1 2 5027 8344
4 3
5 1 5 3581 4536 7377 7695 8244
5 1 2 5970 6849
5 1 2 8130 8629
4 1 3 4601 8515 8613
4 2
5 1 2 6960 8283
5 1 2 8241 8705
3 2
4 3
5 1 2 420 6969
5 1 3 3478 7777 9659
5 1 4 4446 6201 6216 6463
4 2
5 1 4 2851 6051 8184 8496
5 2
6 2
7 1 2 3532 8101
7 1 2 5857 7546
6 1 2 7662 8050
3 3
4 2
5 1 4 478 9394 9759 9779
5 1 3 2164 6130 9831
4 2
5 1 3 596 5636 10170
5 1 3 4330 6591 9118
4 2
5 2
6 1 2 4485 8132
6 1 2 8651 9628
5 1 2 7860 8846
3 2
4 2
5 1 2 838 6816
5 1 2 2597 4906
4 1 4 2215 3477 3953 4345
3 3
4 1 3 4572 6289 8805
4 1 2 6787 7091
4 1 3 8525 8635 9572
2 4
3 2
4 2
5 1 2 256 368
5 1 3 3620 4065 8742
4 1 2 1031 2053
3 2
4 2
5 1 3 1158 6084 6614
5 1 2 5639 6666
4 2
5 2
6 1 2 4194 6769
6 1 2 8554 8710
5 1 2 6695 8959
3 3
4 1 2 2140 8776
4 1 3 4228 5837 6358
4 2
5 1 2 6886 8970
5 1 2 7715 8033
3 3
4 2
5 1 2 4116 8633
5 1 2 7887 8391
4 2
5 1 3 5642 6608 8706
5 1 3 7004 7213 8000
4 1 3 6947 8123 8371
2 9
3 4
4 1 2 408 3404
4 1 3 598 4468 5033
4 1 10 1027 1095 1922 2172 2690 4304 4775 5591 5894 5905
4 1 3 2275 3266 7621
3 2
4 1 5 572 3114 3630 4899 5294
4 1 3 2432 3392 4125
3 4
4 1 13 599 746 3881 4671 5348 5354 7419 7818 7956 7967 7969 8198 8474
4 1 3 823 2014 2925
4 1 5 1986 2236 2296 2986 4193
4 1 3 2582 3277 4556
3 2
4 1 13 680 1834 2025 2572 3076 4915 5304 5385 5549 5764 6729 6809 6867
4 1 2 4109 10261
3 2
4 1 4 809 1106 3004 3732
4 1 7 3784 5563 6771 8502 8976 9331 9741
3 2
4 2
5 1 2 1532 6502
5 1 2 3364 4394
4 1 2 3363 5256
3 2
4 1 5 1538 5610 5785 7604 7802
4 1 4 3714 4545 5324 7615
3 3
4 1 3 2363 5861 6074
4 1 5 2948 4453 4787 4876 8660
4 1 5 3760 4135 5220 5775 6209
3 2
4 1 2 2696 5980
4 1 3 5131 5540 5781
2 6
3 1 3 873 5119 6091
3 2
4 1 15 1032 1866 5314 5340 5999 6252 7572 8001 8036 8173 8624 8794 9422 9571 9836
4 1 2 3989 9114
3 1 5 1138 5619 9467 10065 10241
3 1 3 1745 9218 9362
3 1 5 2066 2434 2903 6509 7702
3 1 6 6397 8839 8928 9640 9689 10059
2 3
3 1 7 1045 1771 2691 2816 3009 3688 4684
3 2
4 1 3 6103 6524 7531
4 1 2 6907 7971
3 1 2 6774 10157
