0 19
1 88
2 10
3 1 3 0 370 7494
3 1 3 185 1791 7643
3 1 2 847 6670
3 1 3 1041 3696 7336
3 1 2 3434 7438
3 1 3 4338 5840 6469
3 1 8 4948 5258 5719 6042 7121 7431 7672 8466
3 1 2 6692 8324
3 1 2 6907 7551
3 1 3 7064 7079 7834
2 3
3 1 3 15 6780 6847
3 1 4 304 4214 5200 8232
3 1 3 5671 6428 7211
2 43
3 3
4 2
5 1 2 39 4251
5 1 2 6259 6545
4 1 3 867 3174 6427
4 1 6 4621 4962 5526 5985 6298 6917
3 5
4 1 4 166 5910 6003 6068
4 1 2 2624 5599
4 1 3 3366 6713 7607
4 1 4 3703 4017 5614 5854
4 1 2 5501 6269
3 2
4 1 2 274 3700
4 1 2 2352 7394
3 2
4 1 3 294 6593 6643
4 1 2 5320 6025
3 3
4 1 5 321 2823 6885 7070 7562
4 1 5 630 3924 7432 7549 7573
4 1 5 967 2512 5823 6251 6600
3 3
4 1 2 357 5572
4 1 2 6175 7456
4 1 5 6332 6546 7035 7955 9499
3 1 2 464 5994
3 5
4 1 3 474 5685 5706
4 1 5 640 5218 6687 6723 6864
4 1 2 816 5915
4 1 3 1955 2350 6362
4 1 2 4614 5164
3 2
4 1 5 503 3146 5979 6836 6913
4 1 2 2177 5936
3 4
4 1 3 564 2464 3025
4 3
5 1 2 3796 9040
5 1 2 5360 5546
5 1 2 6307 7359
4 1 5 5175 5332 5817 6225 6430
4 1 2 6577 8288
3 1 2 575 7146
3 1 3 649 3991 6790
3 1 3 651 3500 3740
3 9
4 2
5 1 2 903 4479
5 1 2 5688 6835
4 1 2 3295 5395
4 1 3 4023 5602 6641
4 1 2 4131 6149
4 1 3 4422 4738 5214
4 1 4 4742 5859 6985 7362
4 1 3 5002 5195 6850
4 1 3 5431 7401 7500
4 1 2 5749 6158
3 2
4 1 2 2116 6134
4 1 4 4784 5020 5183 6795
3 1 5 2402 5142 6704 7367 7553
3 3
4 1 3 2577 5163 6073
4 1 3 4511 4837 6843
4 1 2 4902 5150
3 1 7 2615 5592 5634 5920 7049 7129 7416
3 1 2 2746 9183
3 1 2 3060 6938
3 3
4 1 2 3187 7913
4 1 3 3670 5948 7325
4 1 2 4637 7824
3 2
4 1 3 3222 4593 5086
4 1 5 3322 4887 5074 5640 6585
3 1 3 3471 5603 6432
3 1 5 3774 6617 7026 7162 7481
3 1 2 3868 7169
3 1 2 3896 7575
3 2
4 1 2 4124 5820
4 1 4 4633 5500 7310 7375
3 1 4 4154 5900 7331 7450
3 3
4 1 5 4260 5926 6459 7476 7756
4 1 3 4747 5246 5937
4 1 3 4991 5257 5741
3 2
4 1 2 4342 6478
4 1 2 7234 7332
3 1 7 4466 4513 5177 5198 5967 6837 7512
3 1 2 4471 6217
3 2
4 1 3 4723 5296 7308
4 1 4 4814 6043 6473 7266
3 2
4 1 6 4797 5368 5556 6195 6370 6555
4 1 2 7760 8018
3 3
4 1 6 4891 5606 5771 6268 6325 6453
4 1 2 6337 6403
4 1 3 6558 6590 7055
3 1 8 5095 5329 6374 6516 6601 6661 6793 7024
3 1 6 5117 5429 5623 6165 6377 6763
3 1 2 5328 6726
3 1 3 5711 6539 6570
3 1 3 5844 5870 6553
3 1 4 5982 7436 7709 7749
3 1 2 6884 7319
3 1 2 6896 6953
2 23
3 2
4 1 3 44 6976 6987
4 1 3 799 5996 6762
3 1 3 92 3939 4380
3 1 4 135 5308 5631 6777
3 3
4 1 3 305 3957 4731
4 1 4 2307 3479 5678 6327
4 2
5 1 5 5518 5769 5827 6855 7009
5 1 4 6511 6557 6861 6872
3 4
4 1 2 457 5721
4 1 4 555 1785 2565 6326
4 2
5 1 2 609 4006
5 1 2 6066 6279
4 1 2 5852 6030
3 3
4 1 4 1334 3940 5961 8080
4 1 5 2365 6834 6878 6931 7255
4 1 2 2685 7931
3 4
4 1 2 1561 5626
4 2
5 1 2 5084 6404
5 1 2 6936 7425
4 1 2 5439 6308
4 1 2 6562 6810
3 2
4 1 2 1614 5884
4 1 2 4476 4662
3 2
4 1 3 2019 5991 6766
4 1 2 5858 6646
3 1 3 2123 5813 6613
3 3
4 1 2 2184 7148
4 1 2 5826 7231
4 1 2 6171 6276
3 1 5 3315 3660 6621 6875 7711
3 2
4 1 2 3424 7603
4 1 3 5189 5715 7126
3 2
4 1 7 3805 3852 5927 6521 6738 7190 8172
4 1 2 6395 7046
3 3
4 1 2 5270 6758
4 1 2 6782 7582
4 1 2 7107 7205
3 3
4 1 3 5375 5923 8012
4 1 2 5773 6011
4 1 2 6869 7102
3 1 3 5451 5944 6512
3 2
4 1 3 5651 7165 7668
4 1 2 5794 7077
3 1 2 5660 6061
3 1 3 5681 6673 6859
3 1 2 6260 6778
3 1 3 6610 6700 7814
3 3
4 1 2 6743 7237
4 1 2 7114 8236
4 1 2 7358 7369
2 1 2 46 8700
2 1 24 56 2513 4657 4733 5110 5441 5902 6048 6060 6147 6319 6497 6578 6607 6739 7111 7144 7208 7210 7276 7293 7320 7321 7403
2 5
3 1 61 73 396 567 620 1168 1512 1925 2316 2519 2561 2585 3031 3111 3148 3368 3566 3961 4168 4187 4207 4233 4402 4434 4770 4868 4910 5059 5073 5149 5187 5267 5289 5399 5491 5550 5659 5718 5968 6036 6122 6224 6266 6320 6338 6522 6542 6721 6825 6846 7000 7011 7019 7083 7437 7496 7723 7820 8068 8215 8269 8333
3 1 3 920 4734 5383
3 1 2 6618 7550
3 1 2 7612 8212
3 1 2 7774 7796
2 7
3 1 25 75 132 141 572 700 1196 1457 2828 2931 3112 3151 3188 3344 3361 3401 3587 3829 4685 4928 5201 5216 5750 6383 7209 8694
3 1 5 356 5622 5777 6517 6688
3 1 5 3252 3603 4882 5342 5779
3 1 2 3392 4755
3 2
4 1 4 4686 5941 6167 6460
4 1 2 4769 5608
3 1 2 6728 6895
3 1 2 7152 7511
2 1 2 78 7396
2 3
3 1 48 86 95 175 442 786 1094 1238 1287 1898 2800 2904 3554 3629 3635 4262 4274 4308 5062 5311 5390 5472 5618 5797 5828 6185 6234 6265 6510 6597 6755 7045 7103 7147 7185 7220 7228 7262 7315 7464 7504 7837 7838 8266 8293 8453 9112 9757 9944
3 1 3 2224 4105 8364
3 1 2 2740 7384
2 4
3 1 66 88 226 337 607 626 1004 1026 1083 1087 1225 1732 2176 2475 3813 3875 3946 4372 4687 4765 5039 5061 5377 5446 5583 5593 5620 5843 5877 6009 6017 6023 6049 6063 6246 6315 6378 6615 6775 6839 6856 6920 7030 7067 7069 7127 7520 7614 7648 7676 7724 7733 7742 7810 7822 7825 7959 8049 8166 8168 8201 8393 8409 9274 9596 9604 9972
3 1 3 492 7599 7815
3 1 5 1538 7254 7604 7802 8237
3 1 2 8004 8330
2 1 50 105 136 259 263 671 721 845 1008 2301 2395 2517 2529 2630 3790 3860 4459 4533 4615 4833 5035 5372 5430 5444 5480 5502 5520 5669 6232 6503 6730 6765 6865 6918 6925 6993 7258 7685 7692 7763 7817 7829 7870 7927 7934 7976 7977 7989 8008 8320 8383
2 1 2 107 4470
2 3
3 1 3 131 7063 8058
3 1 6 428 3090 3793 5244 5645 8039
3 1 6 5806 6287 7298 7303 7577 8193
2 4
3 1 56 134 156 269 354 2680 2763 2995 3374 3395 3435 3768 3846 3914 4258 4627 5001 5045 5302 5582 5600 5765 6078 6109 6283 6722 6889 7088 7203 7317 7521 7770 7827 7831 7881 7928 7936 7949 8020 8034 8077 8124 8136 8141 8156 8179 8189 8248 8255 8257 8304 8307 8365 8541 8574 8723 8766
3 1 2 520 8342
3 1 2 3175 5554
3 1 2 7177 7277
2 37
3 2
4 1 6 140 3549 7108 7627 8016 8233
4 1 2 495 852
3 2
4 1 3 222 5363 6010
4 1 3 698 3671 5277
3 8
4 1 2 238 2720
4 2
5 1 3 398 2508 2946
5 1 4 3966 5286 5932 6218
4 2
5 1 2 1285 4564
5 1 2 5792 6462
4 1 2 2795 4826
4 2
5 1 3 3840 5617 7090
5 1 3 6183 6926 7223
4 1 2 4443 6871
4 1 3 5322 5815 8155
4 1 2 6576 8537
3 8
4 2
5 1 2 266 6737
5 1 3 5560 6317 8573
4 1 4 784 1695 5467 6114
4 1 3 2886 5459 7387
4 1 3 3642 6708 7993
4 1 5 3851 6566 6586 6897 8443
4 1 3 5838 6603 6888
4 1 2 5887 6819
4 1 2 6388 6501
3 4
4 1 3 286 5253 5447
4 1 4 4162 4744 4869 6458
4 1 4 4645 5565 5569 5924
4 1 2 5460 5928
3 5
4 2
5 1 4 319 4835 6735 8387
5 1 2 451 3895
4 3
5 1 2 1236 8019
5 2
6 1 3 5983 6238 6947
6 1 2 6691 7617
5 1 2 6425 8633
4 3
5 1 2 2202 5588
5 1 2 5818 7737
5 1 2 6685 8338
4 2
5 1 3 2405 4624 5468
5 1 2 7241 7366
4 2
5 1 4 4116 5483 6046 6450
5 1 2 4830 6394
3 12
4 1 4 393 6804 7071 8103
4 1 2 744 6354
4 2
5 1 2 2331 7636
5 1 3 6623 7002 7018
4 2
5 1 3 3022 5864 5907
5 1 2 6080 7889
4 1 3 4090 6016 8206
4 1 3 4104 4518 5697
4 1 3 4610 6900 7543
4 2
5 1 3 4998 7047 7901
5 1 2 7167 7747
4 1 2 5652 7721
4 1 2 5889 7182
4 2
5 1 3 6632 7062 7908
5 1 3 6751 7440 7784
4 1 2 6749 7536
3 2
4 1 12 472 611 5181 7133 7280 7304 7334 7480 7663 7844 7852 8441
4 1 2 4004 4663
3 1 2 540 8122
3 2
4 1 3 543 6483 7706
4 1 2 3077 6941
3 1 2 675 7830
3 1 2 911 8158
3 2
4 1 5 1242 4047 6101 6127 8042
4 1 3 5232 5466 6100
3 1 5 1269 5282 5503 5571 6331
3 1 2 1335 5733
3 1 3 1911 5000 7477
3 3
4 1 3 1998 7859 7960
4 1 3 2175 2664 7379
4 1 4 7029 7444 7506 8279
3 2
4 1 8 2536 3758 5624 5804 6021 6239 6937 7041
4 1 2 5071 6529
3 1 3 3001 7467 8092
3 1 4 3271 6188 7100 7316
3 2
4 1 5 3386 4517 5812 6750 7919
4 1 2 3420 8133
3 1 7 3455 5745 6401 7008 7719 7773 7940
3 1 2 3869 4721
3 1 5 4142 4389 5112 7023 9738
3 1 2 4504 8339
3 1 3 4847 5082 5577
3 1 2 4967 5412
3 1 2 4977 5355
3 1 2 5021 5751
3 1 2 5034 6677
3 2
4 1 2 5264 7629
4 1 5 7195 7593 7738 8153 8164
3 2
4 1 3 5904 6764 7728
4 1 2 6055 6606
3 1 2 5993 7991
3 1 2 6526 6710
3 1 2 6797 7118
3 1 2 6929 6948
3 1 2 7081 8281
2 4
3 1 14 142 2158 3300 5356 5374 5680 6288 6420 6813 6873 7025 7065 7732 8167
3 1 3 1954 5825 6161
3 1 4 5888 6037 6208 6236
3 1 2 6335 9416
2 2
3 1 15 151 4793 4935 5637 6125 6333 6494 6579 6988 7472 7479 7558 7696 7812 7998
3 2
4 1 2 6318 7722
4 1 2 6784 8350
2 8
3 1 3 154 426 7010
3 1 29 164 1993 3650 4300 4319 4845 4880 4983 5349 5532 6701 6725 6995 7383 7461 7527 7661 7707 7751 7865 7942 7961 7962 8011 8086 9367 9737 9861 9882
3 1 2 1102 6971
3 1 6 3293 6297 6640 7160 7776 7785
3 1 2 4792 7488
3 1 2 5192 6099
3 1 2 7453 7686
3 1 2 7530 7797
2 8
3 2
4 1 3 158 2358 6272
4 1 4 670 4021 4543 5687
3 2
4 1 2 650 6829
4 1 2 2619 7056
3 1 3 2916 3382 7140
3 2
4 1 2 4161 8175
4 1 2 4798 6680
3 1 3 4525 4540 6966
3 1 3 6411 7705 7923
3 1 3 6588 7044 7236
3 1 4 6930 7490 7505 7877
2 3
3 1 18 170 1069 1840 2621 4024 4382 4629 5064 5359 5488 5604 5895 6262 6412 6414 6426 6779 6961
3 1 3 588 1618 6978
3 1 2 4151 6627
2 1 4 179 2057 3850 6560
2 2
3 1 15 186 4333 5008 5872 6174 6244 6363 6387 6500 6642 6984 7034 7194 7893 8656
3 1 2 3984 7307
2 32
3 2
4 1 9 188 3546 5259 5736 6316 7192 7344 7414 7518
4 1 2 277 1489
3 3
4 1 4 196 897 5224 6330
4 1 8 791 4570 5017 5739 6857 7115 7284 7295
4 1 2 4611 5955
3 2
4 1 3 207 6002 6274
4 1 4 1214 5226 6922 8642
3 3
4 1 4 257 3733 6702 7145
4 1 2 3531 8200
4 1 3 4189 6124 8366
3 5
4 1 2 329 6883
4 1 3 3249 6150 7374
4 1 2 6467 8187
4 1 2 6767 7883
4 1 3 7028 7175 7232
3 5
4 1 3 417 7099 7149
4 1 3 3042 3517 6156
4 1 3 4298 6525 7015
4 1 3 5382 6638 7782
4 1 4 6832 6992 7061 7191
3 2
4 1 3 461 6785 7094
4 1 6 635 3592 4930 6536 8171 8243
3 4
4 1 3 569 900 5479
4 1 4 2187 4725 5912 6753
4 1 3 5050 5635 6851
4 1 3 7816 7841 7994
3 3
4 3
5 1 2 662 859
5 1 2 1596 5835
5 1 2 6504 6955
4 1 3 5499 7421 7947
4 1 4 7098 7172 7272 8395
3 7
4 2
5 1 2 686 8601
5 1 2 6549 8361
4 1 3 3183 7538 7539
4 2
5 1 2 3505 6198
5 1 2 5221 6245
4 1 3 4114 5401 7082
4 1 2 4503 4717
4 1 2 5845 6515
4 1 3 5908 6210 7630
3 1 2 758 2332
3 1 3 878 5166 8459
3 1 3 1479 4921 8067
3 2
4 1 2 1514 5780
4 1 3 5014 5404 5643
3 5
4 1 4 1644 6053 6803 7828
4 2
5 1 2 2203 6015
5 1 2 6660 7623
4 1 4 4188 5729 7761 8431
4 1 2 4190 5952
4 1 2 4776 7196
3 1 4 1865 5573 7248 7580
3 5
4 1 3 2004 6095 6382
4 1 4 3736 5107 7471 7522
4 1 3 5555 6637 6679
4 2
5 1 3 5842 6513 6647
5 1 3 7585 7647 7904
4 1 3 6304 7389 7744
3 3
4 1 2 3085 6322
4 1 3 3534 5529 7441
4 1 3 3763 8628 10120
3 8
4 1 4 3116 4230 5730 5767
4 1 3 3497 5862 6000
4 1 3 4431 6678 7238
4 1 3 5115 7966 8415
4 1 4 5141 5541 5601 6071
4 1 4 5310 6977 8329 8380
4 1 4 5581 6112 6815 6906
4 1 3 5672 6972 7345
3 3
4 1 3 3276 7856 8117
4 1 2 5038 6093
4 1 4 5152 6079 6914 7683
3 1 5 3433 4306 6824 7123 8100
3 3
4 1 3 3627 3931 7371
4 1 2 6653 6791
4 1 2 7778 7878
3 1 2 4050 6881
3 1 4 5341 6200 6952 7318
3 1 3 5735 5893 8340
3 3
4 1 4 5770 7682 7920 8006
4 1 2 6376 8482
4 2
5 1 2 6693 6706
5 1 2 7541 7775
3 1 2 5796 6645
3 1 3 5951 8191 8204
3 1 4 5997 6655 6800 7110
3 1 3 6635 6654 7628
3 1 3 6899 7978 8050
3 1 2 7078 7609
2 1 7 190 2306 2819 4763 5101 6284 6468
2 9
3 1 2 211 6541
3 1 4 562 5785 7397 7552
3 2
4 1 2 730 6690
4 1 2 6131 6905
3 1 5 914 2637 4791 7945 8079
3 1 5 2665 3171 5567 5841 7186
3 1 3 4120 6711 7391
3 1 4 5929 7503 7890 8144
3 1 2 6178 7430
3 1 3 7215 7861 8289
2 5
3 1 50 253 523 580 1301 3496 3579 3623 3727 3818 3970 4378 4677 4691 4780 5318 5786 5790 5795 5831 5965 6020 6031 6137 6140 6180 6191 6212 6226 6275 6277 6285 6291 6293 6301 6306 6364 6384 6392 6419 6433 6479 6508 6559 6624 6788 6827 6898 6909 6911 6912
3 1 2 4160 6257
3 1 2 4703 6361
3 1 3 5646 6014 6126
3 1 2 6067 6488
2 2
3 1 2 264 6305
3 1 3 1690 4167 8163
2 5
3 1 33 296 331 1642 2092 2401 5361 5755 6136 6222 6740 6854 6939 6958 6967 6999 7106 7134 7163 7381 7474 7557 7698 7807 7846 7871 8107 8286 8296 8300 8335 8468 8513 9212
3 1 5 494 7093 7353 7781 8272
3 1 3 6119 6367 6471
3 1 2 6772 6943
3 1 2 7199 7328
2 1 5 351 2026 6280 6596 7264
2 18
3 3
4 1 4 391 5851 6342 7888
4 1 3 1359 3110 4842
4 2
5 1 2 3672 7794
5 1 2 5628 6989
3 3
4 1 2 553 5879
4 1 4 606 6219 6421 6659
4 1 3 3265 5275 7268
3 1 3 579 4968 5865
3 2
4 1 2 872 6629
4 1 3 5533 6409 6746
3 1 4 1263 6214 6951 7138
3 2
4 1 2 1935 4810
4 1 2 6622 7031
3 1 2 2670 5426
3 2
4 1 3 3139 4881 6240
4 1 2 4667 5761
3 1 3 3334 4508 6648
3 2
4 1 6 3460 4863 4963 5515 6465 6652
4 1 2 5208 5504
3 2
4 1 2 4377 6733
4 1 2 6696 8222
3 2
4 1 3 5145 5973 6956
4 1 4 5911 6248 6369 6381
3 1 4 5668 5742 6163 6366
3 1 4 5788 6360 6845 7979
3 2
4 1 2 5891 7995
4 1 2 6860 7800
3 1 2 6062 6111
3 2
4 1 4 6155 6379 6493 7142
4 1 3 6321 6323 6498
3 1 2 6656 6789
2 3
3 1 4 392 5093 5099 5720
3 1 2 539 4988
3 1 2 4147 8140
2 5
3 1 3 403 4616 7309
3 1 2 805 5595
3 1 9 3376 3952 3971 4438 5464 5495 6242 6300 6890
3 1 2 4531 6396
3 1 3 4785 5969 6116
2 3
3 1 23 407 643 1318 1687 4381 4388 4790 5548 5747 6038 6184 6199 6565 6612 6657 6786 6818 6964 7322 7341 7415 7439 7826
3 1 2 1535 7225
3 1 2 3528 7095
2 1 3 454 6206 7892
2 2
3 1 8 522 4722 6349 7569 7693 7867 7899 8567
3 1 2 4576 6840
2 1 3 542 5373 8065
2 1 2 592 7112
2 3
3 1 2 624 8310
3 1 68 669 692 781 800 1338 1634 1675 1759 1805 2479 2488 3207 3421 3551 4102 4165 4708 4761 4778 4952 5516 5578 5995 6675 7036 7084 7087 7113 7157 7243 7245 7257 7260 7267 7373 7446 7447 7502 7586 7602 7605 7670 7671 7674 7687 7697 7866 7909 7932 8027 8038 8097 8099 8216 8246 8265 8271 8326 8369 8419 8545 8848 8869 8874 9012 9167 9409 9918
3 1 4 1357 7745 7799 8548
2 2
3 1 3 625 4026 5522
3 1 20 1173 1812 2368 2548 2841 4392 4777 5089 5124 5723 5906 6059 6303 6446 6528 6662 7285 7390 7457 9044
2 3
3 3
4 1 4 632 4085 6838 7347
4 1 2 3856 6211
4 1 2 4932 6339
3 2
4 1 2 1932 4198
4 1 3 8402 8405 8476
3 1 10 5896 6027 6058 6448 7413 7740 7783 7900 7935 8664
2 1 2 647 8182
2 3
3 1 2 691 3328
3 1 2 4783 6841
3 1 2 6630 7645
2 2
3 1 3 714 7702 7925
3 1 3 719 1429 3900
2 2
3 1 12 836 884 1721 4604 5262 7296 7703 7869 8251 8509 8801 8809
3 1 2 2469 7531
2 3
3 1 3 1100 4805 6732
3 1 4 3572 4313 7193 7801
3 1 3 5959 6233 8396
2 3
3 1 64 1128 2157 3234 3269 3571 3982 4117 4494 4528 4651 5352 5692 6069 6192 6449 6631 6676 6689 7032 7080 7101 7116 7201 7224 7226 7249 7364 7382 7429 7445 7588 7590 7637 7641 7665 7669 7767 7803 7811 7839 8037 8040 8109 8114 8128 8131 8159 8183 8285 8313 8332 8341 8374 8388 8406 8447 8454 8728 8737 8820 8868 8870 8900 9410
3 1 3 5686 6353 7350
3 1 2 6182 7239
2 2
3 1 23 1132 4082 4205 4404 4820 5312 5800 5934 6658 6727 6975 7054 7073 7809 7864 7868 7876 7879 7946 8181 8254 8259 8260
3 1 2 2822 5182
2 1 18 1156 1691 2642 2837 3051 3437 3772 5551 6050 6082 6157 6544 6877 6932 7161 7897 7921 7950
2 2
3 1 17 1296 3190 3483 5155 5585 5798 6372 6437 6844 6944 7043 7174 7417 7821 8127 8129 8151
3 1 2 5726 7235
2 4
3 1 3 1513 2683 6166
3 1 3 5434 6235 6581
3 1 2 5933 6556
3 1 3 6090 6123 7297
2 2
3 1 2 1843 4038
3 1 3 5307 5574 7017
2 3
3 1 2 1858 6924
3 1 5 2735 5225 5365 7048 7678
3 1 2 5940 7183
2 1 3 1938 5717 6671
2 1 2 2131 7176
2 8
3 1 3 2143 5018 6294
3 1 23 2212 4464 5484 5524 5873 6072 6076 6088 6255 6328 6329 6407 6506 6694 6908 7136 7343 7533 7535 7598 7758 8096 8188
3 1 2 3601 3633
3 1 2 5022 8291
3 1 3 5305 6092 6744
3 1 5 5381 6213 6371 6405 6568
3 1 4 6442 6703 7171 7418
3 1 2 6946 7452
2 1 2 2196 7089
2 1 2 2218 6523
2 1 8 2625 3412 4865 5405 5552 5958 6139 6249
2 1 2 3032 9016
2 3
3 1 2 3066 6619
3 1 14 4144 4922 5094 5371 5821 6649 6921 6940 7052 7181 7261 7329 7451 7463
3 1 2 7287 7348
2 1 3 3070 5060 6594
2 6
3 1 3 3486 5423 6153
3 1 2 3810 7765
3 2
4 1 2 4118 7833
4 1 2 5489 6811
3 1 2 4482 6717
3 1 2 6215 6486
3 1 2 7579 7944
2 1 3 3759 4237 7529
2 1 3 3773 6336 8562
2 4
3 1 5 4071 6018 6040 6113 6173
3 1 4 4954 7422 7808 8297
3 1 3 5174 7327 8278
3 1 2 5437 8557
2 1 2 4073 4893
2 1 3 4365 4898 6373
2 1 3 4515 7300 8322
2 1 3 4743 6227 7675
2 1 2 4828 6143
2 2
3 1 3 4972 7473 7673
3 1 2 6250 6814
2 1 3 5118 6582 6705
2 2
3 1 2 5215 5421
3 1 2 5309 5882
2 1 4 5544 5987 6665 7423
2 2
3 1 3 5772 7792 7910
3 1 2 6950 7653
2 1 2 5808 6220
2 1 2 5964 8643
2 1 3 6159 6669 8160
2 2
3 1 2 6375 7902
3 1 2 6416 6904
2 1 2 6457 6805
2 1 2 6674 7704
2 1 2 6719 7132
2 1 4 7104 7335 7368 7402
2 1 3 7306 8267 8352
2 1 2 7339 7360
2 1 4 7454 7508 8851 9195
2 1 2 7499 7654
1 38
2 13
3 1 53 1 117 249 335 367 406 498 577 594 601 720 828 849 934 1118 1158 1469 1534 1572 1602 1988 2104 2240 2392 2438 2489 2562 2673 2699 2767 2844 2845 2880 2891 3016 3115 3169 3224 3233 3287 3359 3415 3611 3788 3919 3986 4100 4371 4538 4632 6761 7388 8747
3 1 50 270 320 415 527 870 1021 1057 1117 1161 1227 1316 1331 1446 1601 1738 1784 2021 2201 2208 2299 2311 2399 2400 2465 2490 2514 2543 2693 2794 2802 2840 2875 3041 3348 3354 3370 3387 3431 3439 3555 3647 3686 3744 3830 3837 3930 4008 4043 4122 4283
3 1 6 898 1284 1640 1697 2611 4078
3 2
4 1 3 1077 2882 2936
4 1 2 2681 4992
3 2
4 1 2 1150 2110
4 1 6 1682 2246 2540 2541 2839 5819
3 1 2 1295 3903
3 1 2 1478 3043
3 1 2 2112 2406
3 1 2 2159 2810
3 1 2 2226 3078
3 1 2 3137 3556
3 1 2 3303 3775
3 1 2 3651 4474
2 54
3 8
4 4
5 1 3 2 2616 2760
5 1 2 519 3652
5 1 2 532 1504
5 1 2 3692 3817
4 2
5 1 3 803 2511 3241
5 1 2 3101 3476
4 2
5 1 3 968 3547 4630
5 1 2 1170 2482
4 5
5 1 3 1620 2505 3512
5 1 3 2345 3177 3427
5 1 2 2749 3273
5 1 2 2940 3423
5 1 4 3622 3878 4370 4559
4 2
5 1 2 2003 3313
5 1 3 2141 3050 3365
4 2
5 1 3 2343 3209 3232
5 1 3 2494 3014 3098
4 2
5 1 3 2596 3912 4284
5 1 4 2674 2906 2966 3901
4 1 3 3449 3576 3663
3 3
4 2
5 1 2 36 5207
5 1 2 2857 2987
4 1 3 2453 2868 3337
4 2
5 1 2 2942 3530
5 1 2 3396 5278
3 5
4 1 3 55 2156 4064
4 3
5 1 4 203 2757 2836 3885
5 1 2 3140 4121
5 1 3 3695 4180 4364
4 1 3 525 3820 4299
4 2
5 1 3 894 3141 3842
5 1 2 2523 2654
4 1 2 3003 4123
3 10
4 1 4 57 363 1412 4326
4 2
5 1 2 177 1141
5 1 4 1289 3082 4175 4316
4 2
5 1 3 300 1315 3154
5 1 4 794 1074 2579 3145
4 1 4 476 4072 4620 5871
4 1 4 705 1929 2613 3561
4 1 3 995 4290 4426
4 1 4 1730 2726 2792 3585
4 2
5 1 3 2411 3886 4087
5 1 2 3228 3430
4 1 4 2480 2953 3091 4224
4 1 2 2700 2793
3 2
4 1 2 125 3625
4 1 2 4091 4542
3 1 9 144 310 1983 2043 3046 3713 3922 3954 4196
3 4
4 1 3 198 1271 2185
4 2
5 1 3 466 4014 4449
5 1 3 815 2697 5108
4 2
5 1 2 3267 4029
5 1 2 3893 3909
4 3
5 1 2 3390 4256
5 1 2 3614 3787
5 1 2 4186 4243
3 5
4 1 8 200 362 706 3206 3857 3888 4028 4232
4 1 4 378 2669 2870 3564
4 1 3 550 1894 4267
4 1 3 1398 2439 2532
4 1 2 3751 3969
3 1 9 215 223 2838 2950 3272 3559 4113 4152 4407
3 3
4 1 10 235 1254 2326 2515 2589 2955 3002 3839 4110 4227
4 1 3 1736 2056 2748
4 1 2 2951 3297
3 1 9 237 529 1107 1113 1603 2147 3152 3577 3607
3 2
4 1 5 240 441 2509 3701 4425
4 1 2 1299 4356
3 1 8 289 308 1507 2426 4070 4119 4173 4210
3 2
4 1 2 302 3538
4 1 2 3275 3617
3 2
4 1 11 307 840 1244 2357 2663 2918 3133 3513 3694 4745 4950
4 1 2 1957 3053
3 2
4 1 2 341 3904
4 1 3 2598 3028 3569
3 1 9 375 485 2779 2976 3659 3824 4089 4096 4098
3 2
4 1 4 383 3712 3948 7635
4 1 3 2808 2945 3417
3 2
4 1 2 425 863
4 1 3 3369 3410 3429
3 2
4 1 2 458 3791
4 1 4 3185 3463 3718 3782
3 1 3 502 3349 5364
3 12
4 1 2 513 3589
4 1 3 811 2393 3728
4 3
5 1 4 827 1529 2155 2751
5 1 3 2443 2704 3026
5 1 2 3124 3413
4 3
5 1 4 910 3416 3610 4170
5 1 2 2189 4477
5 1 2 3631 3693
4 1 2 1046 3883
4 1 3 1164 2900 4209
4 2
5 1 4 1195 2716 3656 3806
5 1 2 3710 4795
4 3
5 1 3 1205 3519 3815
5 1 2 1365 3872
5 1 3 2879 3258 3730
4 1 3 1786 2859 3867
4 1 3 2554 3674 4347
4 2
5 1 3 2620 4360 4520
5 2
6 1 2 2721 3329
6 1 2 3385 3407
4 1 3 2902 3074 3675
3 1 3 514 2798 4183
3 2
4 1 4 549 1547 3283 3567
4 1 3 2762 2997 3298
3 2
4 1 3 584 3422 4942
4 1 4 3242 3367 3508 3664
3 1 3 593 2169 4311
3 1 2 595 3341
3 2
4 1 2 682 3225
4 1 2 2897 3956
3 4
4 1 3 693 994 2988
4 1 3 2499 2856 3373
4 1 3 2645 3181 4079
4 1 4 2695 2999 3118 3707
3 1 3 739 3580 5334
3 3
4 1 3 949 3724 4007
4 1 3 1234 2371 2530
4 1 4 1394 2710 4069 4552
3 2
4 1 3 1005 2863 3570
4 1 3 1705 2600 2978
3 2
4 1 3 1465 2273 3134
4 1 4 3469 3662 4045 4253
3 1 3 1893 3673 3749
3 1 3 1923 3443 3719
3 1 2 2072 4126
3 1 3 2077 2373 3441
3 3
4 1 13 2091 2376 2743 2890 3063 3147 3153 3218 3494 3495 3972 4088 4092
4 1 2 2703 3084
4 1 2 2975 3574
3 2
4 1 2 2340 4003
4 1 2 3011 3668
3 1 2 2408 3201
3 2
4 1 3 2412 2994 3029
4 1 2 2826 3598
3 2
4 1 4 2478 3339 3562 3681
4 1 2 2922 2954
3 1 2 2484 3902
3 1 2 2639 3358
3 1 2 2850 3237
3 1 3 2985 3159 7491
3 1 2 2993 4095
3 1 2 3301 3474
3 1 2 3535 4586
3 1 2 3605 4867
3 1 2 3807 4192
3 1 3 3831 3925 4247
3 1 3 3838 4033 4039
3 1 2 5299 8671
2 37
3 3
4 1 3 4 112 1248
4 1 6 586 802 1552 2173 2342 5534
4 1 3 1188 1190 1997
3 19
4 3
5 1 3 10 473 3129
5 1 4 74 2650 2964 7836
5 1 4 2447 2651 2928 2959
4 7
5 2
6 1 3 25 678 1151
6 1 3 49 414 1148
5 1 5 218 369 1409 1541 1592
5 2
6 1 4 452 772 1282 1386
6 1 4 1154 1397 1806 2083
5 1 3 515 544 3108
5 1 2 1533 1873
5 1 4 2132 2167 2230 2279
5 1 2 2472 4612
4 5
5 3
6 1 2 28 2861
6 1 2 814 2742
6 1 2 1920 2584
5 1 3 108 1685 1860
5 1 3 526 2252 2391
5 2
6 1 4 1143 1769 2487 3353
6 1 3 1458 2504 2636
5 1 2 1491 2920
4 3
5 1 4 35 796 1116 3155
5 1 3 1033 1393 2549
5 1 2 1473 3059
4 2
5 1 4 71 2319 3164 3778
5 1 4 400 711 2281 2312
4 2
5 1 3 79 745 5237
5 1 4 820 1451 1649 4491
4 2
5 2
6 1 3 181 2204 2234
6 1 2 2456 2610
5 2
6 1 2 489 2220
6 1 3 2369 2580 2778
4 3
5 1 3 191 1273 2329
5 1 3 216 998 1969
5 1 2 2500 2641
4 8
5 2
6 1 4 210 233 282 804
6 1 2 695 893
5 1 3 465 1380 1856
5 1 2 468 2067
5 2
6 1 4 1864 1870 2420 2930
6 1 2 1976 2209
5 1 2 1942 3017
5 1 3 2174 2560 2678
5 2
6 1 3 2227 2436 3590
6 1 2 2522 2545
5 1 2 2427 2941
4 2
5 1 3 278 3105 3302
5 1 5 1792 2544 2733 3333 4879
4 3
5 1 4 418 2090 3262 3317
5 1 2 508 2983
5 1 3 2228 2440 3752
4 3
5 1 3 694 2353 2546
5 1 3 1108 2415 2534
5 1 3 1355 2404 2973
4 2
5 1 3 707 2407 2963
5 1 3 1710 1908 2193
4 3
5 1 3 905 1673 3488
5 1 2 1378 2728
5 1 3 1499 2384 2638
4 2
5 1 4 1283 1727 2466 2474
5 1 4 2632 2715 2873 5703
4 3
5 1 4 1521 2310 3019 3033
5 1 3 2394 3064 3100
5 1 2 2419 3202
4 1 2 1740 3015
4 3
5 1 4 2087 2129 2874 3213
5 1 4 2099 2337 2713 2893
5 1 4 2672 2791 2807 2989
4 1 3 2495 2647 2717
3 4
4 1 21 11 387 448 789 1016 1099 1111 1349 1404 1523 1559 1674 1678 1688 1703 1928 2229 2250 2266 2813 3291
4 1 5 297 1213 1647 2150 2219
4 1 4 638 1075 2569 2820
4 1 2 1459 1905
3 15
4 3
5 2
6 1 4 13 516 1416 2076
6 1 3 1339 1441 1776
5 1 4 157 447 806 1076
5 1 2 1772 1787
4 1 2 40 1597
4 3
5 1 5 138 376 1260 1351 1643
5 1 3 437 438 1240
5 1 2 1140 2269
4 3
5 1 3 174 1272 2008
5 1 2 2039 2265
5 1 2 2186 2351
4 6
5 2
6 1 3 228 1982 2006
6 1 2 689 1324
5 2
6 1 2 736 1917
6 1 4 1014 1407 1553 1821
5 2
6 1 3 769 2032 3157
6 1 2 793 2133
5 1 2 775 1608
5 2
6 1 2 988 1626
6 1 3 1470 1903 6880
5 1 3 1850 1962 1985
4 5
5 1 4 241 833 1511 2502
5 1 2 546 1887
5 1 3 839 985 1577
5 1 2 1594 1692
5 1 3 1888 2336 3191
4 3
5 1 3 399 1794 6281
5 1 3 907 1291 2403
5 1 4 1054 1724 1754 1758
4 4
5 1 3 497 699 1635
5 1 3 940 1452 3083
5 1 3 990 1096 1252
5 1 2 1722 1741
4 1 2 627 2073
4 2
5 1 3 830 1646 2714
5 1 2 1483 6894
4 2
5 1 3 966 1464 1598
5 1 3 1487 1576 2065
4 2
5 1 4 983 1000 1943 1945
5 1 4 993 1228 1313 1947
4 2
5 1 3 1028 1438 1810
5 1 2 1202 1773
4 1 4 1790 1807 1981 2000
4 1 3 1869 1995 2261
3 3
4 1 2 16 1370
4 1 4 169 230 1826 2921
4 1 2 1461 2496
3 30
4 1 2 18 1387
4 1 11 94 866 1129 1367 1372 1466 1475 1623 1720 1737 1849
4 4
5 1 5 160 976 1191 1363 1402
5 1 2 883 6429
5 1 3 933 1169 1230
5 1 3 957 1262 1401
4 1 3 178 291 1354
4 6
5 2
6 1 3 209 1631 2698
6 1 2 672 1563
5 1 3 421 665 917
5 1 3 446 1307 1474
5 2
6 1 3 500 829 1539
6 1 3 1040 1212 2770
5 1 3 1159 1211 1414
5 1 3 1302 1319 2061
4 1 3 231 731 1734
4 2
5 1 2 261 659
5 1 7 359 697 779 1024 1162 1222 1399
4 1 13 325 741 1086 1134 1175 1257 1308 1326 1368 1497 1590 1621 1708
4 2
5 1 2 327 1837
5 1 2 1403 1918
4 2
5 1 3 487 826 1676
5 2
6 1 2 712 770
6 1 2 938 1217
4 1 3 493 541 1495
4 1 3 512 1501 4376
4 1 4 583 1256 1698 9751
4 1 2 617 704
4 1 6 634 1251 1275 1336 1406 1702
4 1 2 664 860
4 1 4 768 1276 1337 1382
4 1 2 842 1347
4 1 2 945 3913
4 2
5 1 5 980 1540 1694 1718 2435
5 1 3 1362 1437 1492
4 1 11 986 1003 1068 1130 1135 1198 1249 1340 1408 1430 1527
4 1 4 1009 1221 1325 1704
4 1 2 1018 1655
4 1 2 1166 1333
4 1 4 1176 1206 1297 1309
4 1 3 1226 1231 1314
4 1 3 1270 1388 1488
4 1 2 1281 1396
4 1 2 1311 1317
4 1 2 1405 1484
3 2
4 1 39 22 193 326 528 751 782 1007 1017 1125 1207 1292 1560 1661 1725 1817 1820 1900 1910 1915 1924 2052 2089 2180 2241 2243 2251 2255 2256 2276 2277 2324 2325 2327 2389 2586 2603 2701 2805 3338
4 1 4 1127 1329 1992 3125
3 3
4 1 4 76 2152 2163 2238
4 1 2 1201 2262
4 1 2 1550 2422
3 2
4 1 8 77 708 1375 1450 1549 1627 1793 1799
4 1 2 1029 1774
3 2
4 1 3 91 1114 1376
4 1 2 913 1341
3 12
4 1 9 104 247 395 1373 1389 1765 1775 1795 1975
4 3
5 1 3 118 2114 2148
5 1 2 1587 1822
5 1 2 1991 2267
4 2
5 1 4 227 928 1800 1828
5 1 4 290 301 1440 1449
4 1 2 628 1980
4 1 5 645 960 1498 1788 1944
4 1 11 690 764 841 954 1167 1419 1574 1701 1804 1829 1852
4 1 4 725 2058 2191 2467
4 1 2 773 1845
4 1 6 1011 1089 1680 1832 1882 8355
4 1 3 1063 1500 2018
4 1 2 1146 1581
4 2
5 1 3 1229 1493 1566
5 1 2 1460 1723
3 2
4 1 10 123 366 909 1084 1323 1482 1567 1629 1933 2064
4 1 2 342 2060
3 5
4 1 4 129 450 896 6340
4 2
5 1 3 386 1543 1565
5 1 2 1436 1551
4 2
5 1 5 921 1546 1651 1652 1868
5 1 2 1020 2631
4 1 2 1006 2604
4 1 4 1713 1847 2101 2556
3 2
4 1 18 150 197 234 236 561 762 1321 1352 1391 1890 1921 2036 2433 2441 2571 2607 2623 2644
4 1 2 792 1978
3 6
4 1 3 159 1570 2608
4 1 3 258 1715 2095
4 1 17 748 895 1180 1293 1350 1524 1783 1907 1956 2042 2153 2333 2445 2938 3257 3306 6413
4 1 2 1421 1881
4 1 2 1745 2566
4 1 2 2069 2662
3 4
4 1 2 205 1364
4 1 31 221 232 360 554 713 929 1038 1066 1182 1183 1185 1348 1383 1432 1564 1683 1712 1778 1816 1844 1853 1968 2013 2022 2046 2248 2254 2286 2287 2292 2409
4 1 2 959 1884
4 1 2 1310 1433
3 3
4 1 2 251 1411
4 1 2 558 1770
4 1 44 843 961 1137 1172 1215 1267 1278 1304 1415 1445 1447 1463 1525 1528 1537 1548 1557 1562 1575 1579 1580 1589 1593 1595 1599 1600 1605 1612 1615 1616 1622 1632 1648 1650 1659 1660 1663 1681 1684 1779 1781 1801 1813 1819
3 2
4 1 36 252 578 743 1044 1115 1133 1220 1235 1613 1638 1639 1709 1823 1874 1919 1963 1965 2010 2017 2054 2096 2127 2197 2198 2210 2271 2272 2289 2295 2318 2320 2321 2322 2323 2356 2424
4 1 2 2011 2298
3 9
4 1 10 267 281 798 856 1979 2161 2162 2712 2860 2889
4 1 4 293 1748 1760 1952
4 1 3 377 1443 2214
4 1 2 547 2370
4 1 2 648 2609
4 1 3 727 740 2428
4 1 2 1209 2718
4 1 2 1761 2050
4 1 3 2278 2821 3088
3 10
4 1 6 284 660 709 1385 1880 2059
4 1 2 589 2034
4 1 2 862 1798
4 1 2 876 2755
4 1 4 916 1012 1177 3027
4 1 3 951 1274 1609
4 1 2 1030 1824
4 1 2 1157 2375
4 2
5 1 2 1848 2360
5 1 2 2217 2377
4 1 3 1878 2382 2457
3 5
4 1 2 330 1889
4 1 2 496 3240
4 3
5 1 2 869 1700
5 1 2 1255 1994
5 1 3 1477 1767 2009
4 1 2 1485 1854
4 1 4 1876 1899 2284 2588
3 3
4 1 26 343 518 666 673 819 922 952 1001 1233 1422 1604 1633 1909 2105 2253 2455 2655 2687 2708 2738 2783 3475 5693 6081 6254 6435
4 1 2 2001 2361
4 1 2 2259 2260
3 5
4 1 9 397 456 696 885 978 1136 1197 1247 1706
4 1 3 501 600 1716
4 2
5 1 2 615 1178
5 1 2 1152 1353
4 1 11 1153 1210 1332 1428 1439 1545 1607 1699 1750 1831 1855
4 1 2 1586 1912
3 3
4 1 33 411 482 644 681 783 904 936 979 1384 1490 1526 1578 1617 1679 1731 1836 1959 1960 1967 1971 1972 1973 2005 2070 2124 2239 2245 2290 2587 2769 2788 2796 3355
4 1 4 631 728 1300 2354
4 1 4 1707 1902 2199 2207
3 1 18 591 623 710 890 943 1035 1078 1142 1261 1286 1569 1693 1696 1766 1875 1989 1996 2041
3 2
4 1 6 661 780 831 1305 1434 1505
4 1 2 1746 1896
3 1 2 683 757
3 1 5 759 2237 2563 2595 2657
3 2
4 1 3 790 892 1258
4 1 3 2166 2521 2933
3 1 2 795 2679
3 1 4 835 1515 1606 2668
3 1 3 1010 1897 6270
3 1 3 1110 1654 1669
3 1 3 1426 2071 2086
3 1 3 1494 2268 2366
3 2
4 1 2 1542 1990
4 1 3 2079 2264 2297
3 1 2 1825 2183
2 30
3 29
4 2
5 1 2 6 2460
5 1 2 5231 5339
4 3
5 1 7 34 3639 4185 4782 4895 5106 5704
5 1 2 1949 5670
5 1 3 4801 5553 5612
4 5
5 1 4 45 2971 3312 5545
5 1 4 113 4042 4445 5465
5 1 3 4054 5003 5137
5 1 2 4987 5474
5 1 2 5109 5400
4 2
5 1 3 64 3198 5260
5 1 2 4215 5576
4 2
5 1 3 248 5323 5337
5 1 4 5291 5414 5699 5791
4 2
5 1 3 276 3832 5422
5 1 2 2745 5633
4 2
5 1 4 280 2667 5121 5712
5 1 4 3126 4454 5203 5789
4 3
5 1 3 314 3321 3616
5 1 3 372 3121 5802
5 1 4 1104 2799 3465 5562
4 5
5 1 2 462 4549
5 1 2 1092 6456
5 1 2 3071 3095
5 1 3 4055 5090 6385
5 1 3 4419 4827 4993
4 2
5 1 2 636 5493
5 1 2 5047 5519
4 3
5 1 2 724 5850
5 2
6 1 2 1413 3981
6 1 3 5321 5494 6064
5 1 2 3220 5684
4 2
5 1 3 1109 1216 5763
5 1 3 3716 4248 4548
4 4
5 1 3 1224 4848 5849
5 2
6 1 4 2605 2829 3720 4858
6 1 2 4539 5829
5 1 2 3543 4660
5 2
6 1 4 4246 4535 5271 5369
6 1 2 4447 4583
4 1 4 2049 4693 4997 5319
4 1 2 2100 3067
4 2
5 1 2 2396 4309
5 1 5 4607 5188 5396 5629 5746
4 1 7 2398 2766 2947 5151 5477 5881 5897
4 1 5 3613 4148 5376 5384 5415
4 1 4 3739 5209 5856 6056
4 1 4 3959 3977 4555 5538
4 1 3 4067 4919 5293
4 1 3 4265 5366 5974
4 1 2 4746 5644
4 1 4 4836 5379 5514 5805
4 1 2 5154 5378
4 1 2 5247 5988
4 1 2 5315 5542
4 1 2 5454 5609
4 1 2 6295 6957
3 3
4 1 2 20 4037
4 1 15 568 999 2785 3960 4010 4011 4013 4049 4530 4639 4688 4705 4892 5157 5734
4 1 2 4904 7616
3 8
4 2
5 1 2 27 4204
5 1 2 1555 2847
4 1 3 42 2294 4139
4 1 3 70 3400 5102
4 1 5 585 663 3490 4324 5230
4 1 3 964 965 8920
4 2
5 1 2 1780 2872
5 1 2 6916 7526
4 1 6 2397 3247 3996 4403 4985 5120
4 2
5 1 3 2635 4946 5249
5 1 2 2775 3167
3 16
4 2
5 1 4 32 83 4245 5025
5 1 4 3699 4328 5065 5134
4 4
5 1 2 85 3102
5 1 2 1259 1395
5 1 3 2149 3884 4231
5 1 2 3536 3648
4 4
5 2
6 1 3 106 1573 2831
6 1 3 3094 4437 4592
5 2
6 1 4 901 2498 4961 7039
6 1 2 997 3568
5 1 3 3072 3756 4169
5 1 3 3640 3757 4486
4 2
5 1 3 340 4146 5079
5 1 2 2952 4250
4 3
5 1 2 389 3974
5 2
6 1 3 653 1189 4495
6 1 2 2528 4901
5 1 2 4659 4697
4 2
5 1 5 534 3388 4489 4557 4875
5 1 2 4077 4986
4 1 3 637 4134 4261
4 1 3 676 4541 5072
4 2
5 1 4 726 3812 4153 4975
5 1 2 3636 3999
4 1 3 879 1081 5276
4 1 6 927 1895 2553 3459 3612 4565
4 3
5 1 2 963 4571
5 1 2 4349 4561
5 1 2 4430 4634
4 1 5 2084 2410 3282 4433 5420
4 2
5 1 4 2165 4255 4606 5186
5 1 2 3244 4937
4 1 2 4473 4813
4 1 3 4574 4736 4799
3 5
4 1 6 33 2932 3189 4463 4492 4598
4 1 2 1059 4159
4 1 5 1093 3432 4440 4931 5202
4 1 2 1417 4289
4 1 2 3103 4720
3 4
4 2
5 1 3 47 336 531
5 1 2 536 559
4 1 4 1097 3055 4866 4870
4 1 2 2789 3130
4 1 2 3754 4367
3 5
4 1 4 48 4002 4702 5476
4 3
5 1 2 479 1346
5 1 2 2773 5229
5 1 3 3290 3628 3657
4 1 3 2195 2656 5005
4 1 3 2858 3906 5070
4 1 3 3926 4277 5547
3 4
4 1 3 59 4270 4789
4 1 3 1377 1509 2777
4 1 4 3575 4499 4596 4824
4 1 5 3865 4435 4800 4925 5839
3 5
4 1 4 67 1064 4199 4294
4 2
5 1 7 409 433 1343 3268 3524 4340 4577
5 1 2 1554 2497
4 2
5 1 3 1657 3281 4674
5 1 2 4218 5782
4 1 2 4341 5044
4 1 2 4522 4990
3 1 6 103 2542 3007 4563 4681 5325
3 5
4 1 2 130 3784
4 1 3 298 4156 5046
4 1 4 475 1522 2038 5283
4 2
5 1 3 3935 3992 4683
5 1 2 4097 4953
4 1 2 4956 5210
3 17
4 1 4 139 3182 3461 5362
4 1 3 254 1179 4874
4 5
5 1 2 333 2339
5 1 6 424 3502 3965 4766 5067 5387
5 1 2 761 955
5 1 3 947 2725 3514
5 2
6 1 2 2601 3081
6 1 2 3173 5656
4 2
5 2
6 1 2 453 3226
6 1 2 1050 4857
5 2
6 1 2 1951 4386
6 1 2 3239 6278
4 1 4 687 1208 4933 5295
4 3
5 1 5 886 2633 2833 3544 3709
5 1 3 1280 3036 3360
5 1 2 4177 4339
4 1 3 930 2442 5243
4 3
5 1 3 1356 3109 4812
5 1 2 2031 4068
5 1 2 2431 3644
4 1 8 1374 2817 3827 3877 4406 4754 4762 5724
4 1 4 2225 3428 3658 6138
4 2
5 1 3 2736 4094 4302
5 1 2 4444 4465
4 1 2 2908 3481
4 1 3 3921 5335 5392
4 1 4 4093 4107 4235 4343
4 1 2 4238 4689
4 1 2 4994 5461
4 1 2 5168 5409
3 12
4 1 4 153 642 1171 2909
4 1 4 364 3523 5126 6390
4 1 4 432 4295 4348 5091
4 2
5 1 2 590 4908
5 1 2 2146 2314
4 3
5 1 4 1423 3261 4451 5204
5 1 2 2761 3178
5 1 2 5370 5402
4 1 2 2106 4455
4 1 3 3444 4825 4924
4 1 4 3677 4031 4970 6132
4 1 2 3783 4212
4 1 2 3800 4442
4 1 3 4678 4773 4971
4 1 2 5032 6120
3 4
4 1 5 161 1122 3599 3687 3907
4 1 2 760 2729
4 1 6 1061 2927 3024 4080 4617 4653
4 1 5 1486 2168 2570 3097 4297
3 12
4 2
5 1 5 204 948 3452 3600 4509
5 1 3 2677 3769 4315
4 3
5 1 3 429 535 4025
5 1 2 1583 4359
5 1 3 2786 4034 4081
4 2
5 1 3 1245 3804 4498
5 1 3 2002 2525 4955
4 1 2 1298 3765
4 2
5 1 4 2015 2981 4141 4182
5 1 3 3962 4698 4767
4 2
5 1 4 2048 2222 3243 5029
5 1 4 3223 3967 4420 4424
4 2
5 1 2 2160 3849
5 1 3 2304 4414 4439
4 1 4 2830 3680 4862 5169
4 4
5 1 3 2937 3738 3871
5 1 2 3351 4860
5 1 2 4320 4589
5 1 2 4506 5130
4 1 3 3280 4664 5657
4 3
5 1 3 3667 3777 4690
5 1 2 4158 4850
5 1 4 4427 4450 4649 4696
4 1 2 4460 5024
3 7
4 2
5 1 3 225 4264 4325
5 1 2 4106 5966
4 1 3 405 923 5482
4 3
5 1 2 1218 2486
5 1 2 3086 5301
5 1 2 3231 5456
4 2
5 1 2 1510 5248
5 1 2 2982 4926
4 3
5 1 3 1987 4060 4927
5 1 2 3745 5190
5 1 2 5458 5481
4 2
5 1 2 3172 5055
5 1 3 3597 4699 5193
4 1 5 3678 4276 4500 4636 5566
3 8
4 2
5 1 2 287 4512
5 1 2 4834 4984
4 2
5 1 2 517 754
5 1 2 752 5284
4 1 3 605 2648 3203
4 2
5 1 3 877 953 4143
5 1 3 2413 4108 5263
4 2
5 1 2 4560 4995
5 1 2 4706 4907
4 1 3 4600 5455 5559
4 1 2 4757 5345
4 1 2 4806 5125
3 5
4 1 2 309 4878
4 2
5 1 2 422 5167
5 1 3 1361 4602 4646
4 1 3 2996 4944 9601
4 2
5 1 2 3204 5019
5 1 2 4626 4750
4 1 10 3372 3525 4001 4132 4195 4550 4608 5473 5754 8636
3 2
4 1 5 361 488 935 4666 5279
4 1 3 2451 3482 5531
3 5
4 1 2 484 3456
4 2
5 1 2 499 4344
5 1 2 844 4694
4 1 4 674 778 881 1571
4 1 2 3550 5147
4 1 2 3780 4900
3 4
4 1 3 530 4310 5507
4 1 2 1199 4661
4 1 3 2378 2923 3168
4 1 5 2709 2970 3278 4490 8336
3 5
4 1 15 1536 1743 4448 4575 4668 4701 4864 5076 5242 5530 5728 5809 5830 5847 5956
4 1 3 1846 3690 5281
4 1 3 1891 3911 5104
4 2
5 1 3 4216 4400 5037
5 1 2 5648 5658
4 2
5 1 2 4226 4853
5 1 2 4832 5158
3 2
4 1 3 2117 4909 4960
4 1 2 2233 3442
3 2
4 1 3 2303 3798 4756
4 1 2 2671 3010
3 2
4 1 2 2843 5575
4 1 2 4030 5252
3 1 2 2991 4859
3 4
4 1 4 3048 4150 4568 5563
4 1 2 3324 4628
4 1 3 3958 4831 4888
4 1 3 4019 4760 5114
3 1 5 3212 4206 4877 4890 5129
3 1 3 3858 5068 5211
3 1 2 4580 5173
2 7
3 1 2 8 4018
3 1 41 51 53 655 1082 1379 1531 1628 1645 2075 2119 2142 2179 2188 2381 2507 2602 2895 2911 3008 3107 3350 3520 3545 3786 3949 4016 4041 4052 4128 4329 4332 4441 4751 4884 4936 4976 4982 4996 4999 5427 5513
3 1 2 145 868
3 1 2 155 2380
3 1 3 1946 4551 4735
3 1 2 2463 2949
3 1 3 2905 2924 3399
2 1 60 17 72 684 854 1303 1480 1558 1747 1753 1763 1808 1940 2016 2137 2205 2417 2501 2968 3020 3149 3197 3254 3332 3379 3454 3665 3705 3734 3927 3942 4057 4129 4281 4395 4497 4585 4809 4855 4856 4897 4912 4940 4981 5016 5057 5140 5160 5184 5239 5317 5411 5508 5509 5855 5925 6089 6514 6537 6741 6970
2 2
3 1 50 29 148 246 350 353 365 576 722 871 882 1131 1253 1764 1885 2305 2477 2485 2583 2705 2724 2787 2804 2853 2878 2883 2960 3104 3330 3426 3438 3591 3697 3811 3863 3880 3917 4051 4219 4374 4588 4796 4841 5030 5056 5268 5330 5449 5496 5759 5863
3 1 2 2666 2935
2 6
3 1 46 30 31 171 184 217 250 255 390 469 510 566 571 1186 1424 1585 1802 1838 2037 2171 2520 2731 2744 2827 3047 3075 3089 3156 3230 3521 3722 3876 3892 3988 4056 4149 4163 4303 4358 4452 4599 4623 4730 5122 5410 5647 5846
3 1 3 334 2765 3729
3 1 2 430 3096
3 1 3 622 1665 5028
3 1 3 1637 2652 3343
3 1 2 2919 3144
2 4
3 1 58 61 463 652 1200 1223 1508 2138 2315 2446 2458 2516 2814 2980 3128 3136 3219 3288 3440 3582 3584 3588 3596 3608 3619 3621 3632 3637 3645 3661 3683 3717 3767 3770 3792 3794 3814 3835 3845 3941 3985 3990 4000 4015 4020 4022 4184 4225 4278 4291 4292 4408 4527 4529 4532 7835 8043 8881 8910
3 1 2 381 2606
3 1 2 2063 3425
3 1 2 2567 3005
2 9
3 1 4 65 115 2871 3975
3 1 5 127 551 3246 4951 7385
3 1 2 147 2682
3 1 2 685 1037
3 1 2 756 4275
3 1 2 906 3161
3 1 3 2344 4221 4239
3 1 3 2576 4157 4505
3 1 2 3762 4213
2 7
3 1 67 102 262 467 490 633 738 771 810 888 1883 2355 2661 2754 2764 2815 2864 2866 3018 3117 3122 3123 3131 3160 3166 3199 3250 3294 3378 3464 3466 3487 3491 3511 3557 3983 4058 4059 4099 4111 4166 4171 4229 4234 4268 4279 4317 4322 4362 4379 4415 4594 4597 4643 4682 4712 4716 4816 4821 4916 4939 4941 4966 5015 5254 5288 5413 5416
3 1 2 788 2752
3 1 2 1777 2629
3 1 2 2145 2958
3 1 2 2939 3040
3 1 2 3256 4475
3 1 2 4174 4176
2 1 2 109 3304
2 2
3 1 33 110 763 1062 1886 1939 2242 2247 2470 2503 2649 2944 3021 3216 3227 3289 3296 3310 3331 3345 3346 3389 3394 3398 3447 3470 3541 3548 3615 3862 4590 4917 4920 5172
3 1 2 556 1568
2 2
3 1 28 119 273 306 618 657 702 818 992 996 1002 1101 1192 1431 1442 1471 1689 1742 1974 2283 2888 3039 3542 3638 3928 4280 4974 5731 6102
3 2
4 1 2 1934 2926
4 1 2 2758 2943
2 5
3 1 3 124 950 6273
3 1 3 412 1656 3799
3 1 4 483 766 3890 3923
3 2
4 1 2 1322 3708
4 1 2 2842 3058
3 1 2 1506 3158
2 7
3 1 2 146 1056
3 1 10 299 735 2062 2257 2614 3311 3595 3654 3702 3994
3 1 5 747 1290 1814 2285 3194
3 1 4 1454 1467 1830 3771
3 1 4 1670 1950 2646 3342
3 1 3 1671 2797 3138
3 1 2 2190 3539
2 6
3 1 22 162 192 201 295 733 912 932 944 1013 1049 1503 1827 1984 2120 2564 2707 3606 3626 4035 4456 4581 4644
3 1 2 187 332
3 1 4 317 1193 1588 2135
3 2
4 1 3 977 2739 5096
4 1 2 1266 1371
3 1 2 1556 2898
3 1 2 2128 4271
2 3
3 1 40 163 288 480 524 832 1930 2111 2865 2998 3314 3553 3803 3816 3891 4178 4242 4321 4335 4369 4375 4398 4640 4713 4729 4823 4965 5051 5197 5398 5433 5492 5605 5874 5880 5938 5942 6118 6142 6146 8745
3 1 2 347 3335
3 1 2 2848 2849
2 1 2 167 972
2 3
3 1 4 285 1630 3409 3506
3 1 12 1342 1658 1841 2425 3162 3609 4136 4595 5475 5866 6443 6633
3 1 2 3453 5241
2 3
3 1 3 348 2115 3279
3 1 2 1067 3976
3 1 2 1241 2081
2 1 4 401 3445 4675 6190
2 4
3 1 3 560 1181 3217
3 1 2 753 2790
3 1 2 1088 3735
3 1 3 1811 2594 3006
2 1 9 715 1749 2481 3211 3251 3669 4391 4458 4759
2 1 2 824 5950
2 3
3 1 61 970 1410 1872 1879 1916 1926 1936 2182 2206 2263 2364 2374 2448 2658 2759 2862 2885 2962 2965 3054 3106 3143 3184 3186 3264 3446 3560 3676 4429 4748 4818 4871 4872 4978 5052 5054 5127 5136 5139 5165 5290 5350 5351 5435 5457 5490 5512 5702 5732 5799 5833 5848 5853 5921 5922 5977 5986 5992 6129 7789 8022
3 1 2 2121 2348
3 1 2 2737 3215
2 2
3 1 4 987 1857 3979 4957
3 1 4 1726 2033 2387 2531
2 3
3 1 2 1155 2694
3 1 2 2912 2957
3 1 2 2915 3142
2 1 4 1160 1667 3263 3325
2 2
3 1 2 1312 4488
3 1 2 2270 3061
2 1 3 1717 2753 3120
2 1 2 1803 2244
2 1 3 1999 2450 3065
2 1 2 2024 5760
2 1 2 2211 2756
2 2
3 1 2 2437 2547
3 1 2 3634 4208
2 1 2 3208 3485
2 1 2 4145 4562
1 22
2 2
3 1 7 3 460 846 4411 5161 5975 6742
3 1 3 1496 7158 10254
2 2
3 1 9 97 962 2526 2894 3195 3362 3848 4396 5536
3 1 2 3684 8655
2 2
3 1 20 199 1055 1755 1958 2082 2538 2574 2772 2934 3099 3214 3340 3711 3964 4236 4938 5083 5442 5654 6044
3 1 2 4794 4945
2 7
3 2
4 1 4 242 1892 1904 3747
4 1 4 3352 3898 4656 4979
3 1 5 272 1768 1906 3882 4658
3 3
4 1 2 613 3723
4 1 2 677 9509
4 1 2 6935 7351
3 2
4 1 2 667 3200
4 1 2 1239 5347
3 1 3 1358 2539 2877
3 2
4 1 2 2551 5297
4 1 2 4913 5085
3 1 2 6587 7487
2 10
3 3
4 1 4 279 1953 2213 3649
4 1 6 1456 1584 1714 1782 1835 2338
4 1 3 1711 3356 3501
3 2
4 1 4 346 3309 3473 3750
4 1 3 491 3533 4130
3 2
4 1 2 358 1072
4 1 3 4704 4861 6169
3 2
4 1 2 776 2068
4 1 2 2471 8331
3 1 5 777 2592 3093 4288 5801
3 3
4 1 3 1366 2809 5346
4 2
5 1 2 1530 7611
5 1 3 1664 3704 5471
4 1 3 3743 4046 5170
3 4
4 1 4 1455 3013 3069 3725
4 1 4 1518 2125 2518 3052
4 1 4 2051 2317 2390 2653
4 1 4 2876 2929 3253 4084
3 3
4 1 2 1789 5774
4 1 2 2194 2782
4 1 3 2493 2774 4053
3 3
4 1 2 3515 5783
4 1 2 3853 3870
4 1 2 5394 5775
3 1 2 5589 6117
2 1 5 352 2660 4074 4654 6466
2 1 38 435 767 1757 2035 2280 2388 3326 3357 3706 3781 3915 4012 4741 4980 5010 5463 5510 5594 5664 5869 6096 6168 6282 6290 6346 6564 6572 6756 7689 7880 7917 8015 8069 8094 8143 8194 8505 8718
2 1 3 455 6736 8072
2 8
3 2
4 1 3 573 1079 9817
4 1 3 6731 8294 8325
3 4
4 1 2 918 5939
4 1 3 3509 7242 8480
4 1 2 5103 8591
4 1 2 7007 8319
3 1 5 2362 2558 2835 10182 10221
3 3
4 2
5 1 2 2550 3742
5 1 3 9121 9253 9263
4 1 3 5875 8760 9205
4 1 2 7766 8797
3 2
4 1 4 3821 6133 8863 9753
4 1 3 8593 9019 9810
3 1 4 3897 4665 7915 9446
3 2
4 1 3 4009 8663 10239
4 1 2 5138 6177
3 2
4 1 2 4781 7013
4 1 2 6773 6853
2 1 3 734 6991 7768
2 2
3 1 8 817 2575 3789 3943 4673 4752 6418 7730
3 1 2 3307 8104
2 2
3 1 3 941 981 1120
3 1 8 1264 1279 2181 2768 3113 5580 6879 7251
2 2
3 1 2 1400 4282
3 1 7 3205 3285 4501 4695 5250 6207 7109
2 1 3 2012 4709 5525
2 1 2 2093 3056
2 2
3 1 3 2555 2612 2974
3 1 3 2892 7524 8721
2 1 2 2568 3163
2 3
3 1 4 2972 3080 3653 5386
3 1 3 3038 8905 9361
3 1 2 6202 7646
2 1 4 3375 6628 7168 8608
2 1 3 3383 4296 6798
2 6
3 1 2 4405 9999
3 1 2 4829 8532
3 1 4 5041 7528 8428 9790
3 2
4 1 3 5700 7352 8312
4 1 2 7906 9320
3 1 2 7153 7990
3 1 2 8362 8726
2 1 2 7735 8597
1 71
2 39
3 11
4 2
5 1 3 5 214 8302
5 1 3 9343 9524 9621
4 1 2 24 9676
4 3
5 1 3 324 9311 9444
5 1 3 2028 5234 9480
5 1 4 5453 9722 9780 9940
4 2
5 1 3 404 9278 9843
5 1 2 8945 9658
4 2
5 1 2 449 6910
5 1 3 9197 9451 9792
4 1 2 1369 5011
4 1 5 3833 9683 9777 9889 10052
4 3
5 1 3 4889 9233 9849
5 1 2 9260 9745
5 1 2 9544 9654
4 2
5 1 3 4949 5784 8351
5 1 4 9878 9898 10145 10181
4 1 3 8753 9784 10067
4 1 2 9603 9991
3 14
4 2
5 1 4 9 394 5836 7354
5 1 2 8690 9317
4 2
5 1 3 173 3819 9353
5 1 2 8981 9217
4 2
5 1 3 614 3593 9032
5 1 2 5899 6748
4 2
5 1 3 1611 6551 7684
5 1 2 1739 8377
4 1 5 2288 7068 8666 9171 9251
4 2
5 1 2 2524 9459
5 1 4 8607 8758 9237 9423
4 2
5 1 3 3319 8041 9141
5 1 2 4462 7597
4 2
5 1 3 3826 6573 7143
5 1 3 4719 9160 9284
4 1 4 4352 6128 7563 9338
4 3
5 1 2 4732 6858
5 1 3 7514 8811 10003
5 1 2 10056 10282
4 1 4 5171 8483 9547 10062
4 1 4 5397 6831 9123 9417
4 1 3 6221 8750 8759
4 2
5 1 2 9066 9575
5 1 3 9194 9494 9761
3 11
4 1 2 21 5722
4 2
5 1 3 373 5962 9340
5 1 3 8098 8632 9576
4 1 5 374 6548 8485 8961 9883
4 2
5 1 2 915 9031
5 1 2 8720 9011
4 1 4 3586 4137 9600 9802
4 1 4 3602 9748 10086 10243
4 2
5 1 2 4086 9794
5 1 3 8487 9872 10089
4 2
5 1 2 4883 5238
5 1 2 6709 9698
4 2
5 1 2 5075 8399
5 1 4 8880 8943 9323 9475
4 2
5 2
6 1 2 5919 9815
6 1 2 9152 9359
5 1 2 9555 9694
4 1 4 7233 7380 8623 9431
3 1 6 26 8992 9126 9407 10044 10301
3 1 5 121 8262 10164 10307 10309
3 2
4 1 14 165 208 825 3641 5696 9053 9129 9725 9774 9924 9996 10000 10007 10172
4 1 2 6589 9982
3 6
4 2
5 1 3 224 6033 10304
5 1 3 9376 9800 10191
4 4
5 1 3 538 4083 5909
5 1 2 2557 2593
5 1 2 3062 10033
5 1 4 5630 9820 9906 10029
4 2
5 1 2 1624 9649
5 1 3 3327 6045 9785
4 3
5 1 2 5098 8729
5 1 3 6097 9115 9652
5 1 2 9582 9692
4 1 2 6532 7189
4 1 2 9971 10113
3 3
4 1 4 339 8604 9090 9903
4 1 8 4605 6106 6626 7005 7591 10228 10267 10270
4 2
5 1 3 6229 10013 10061
5 1 2 8826 9477
3 2
4 1 3 413 9285 10108
4 1 3 3995 9890 10057
3 4
4 1 2 565 10011
4 1 5 3836 6424 10048 10142 10193
4 1 2 9665 10099
4 1 2 10117 10274
3 9
4 2
5 1 2 616 10122
5 1 3 9846 10058 10093
4 3
5 1 3 718 8224 9319
5 1 2 931 10109
5 1 3 7525 9236 9875
4 1 4 2640 9904 9961 10167
4 1 3 3859 5111 10234
4 3
5 1 2 4241 9717
5 1 2 8919 10129
5 1 2 10285 10300
4 1 2 7485 8918
4 1 2 8087 9624
4 1 3 9764 10260 10298
4 1 2 9873 10103
3 4
4 1 3 822 5663 7886
4 1 6 1052 4112 5043 8978 9536 10032
4 1 4 6792 8088 9752 10225
4 1 2 10034 10090
3 3
4 1 2 837 10001
4 1 3 7716 9052 10037
4 1 2 9072 10021
3 2
4 1 8 1071 3643 7120 7720 8902 9758 10158 10231
4 1 2 9645 10223
3 1 19 1103 7076 7958 8112 8264 8693 8954 9054 9083 9392 9413 9788 9798 9908 10008 10012 10030 10242 10311
3 5
4 1 2 1184 8078
4 1 2 4537 4567
4 1 4 6162 8898 9079 9328
4 1 3 6915 9632 9822
4 1 2 9776 9847
3 3
4 1 2 1472 9823
4 1 3 8403 9607 10161
4 1 2 8847 9269
3 2
4 1 4 1970 2098 2780 5917
4 1 5 9998 10035 10095 10249 10296
3 3
4 1 3 2030 9634 10124
4 1 2 6193 9839
4 1 3 9082 9958 10263
3 3
4 1 3 2776 9960 9989
4 2
5 1 2 8073 9531
5 1 3 10010 10047 10174
4 1 2 10213 10214
3 6
4 1 4 3624 5255 9900 10272
4 1 3 4619 5007 10139
4 1 3 5803 9685 10292
4 1 3 5972 9633 9650
4 2
5 1 3 8323 9859 10070
5 1 2 8445 10136
4 1 2 9797 10206
3 1 3 3721 7714 10155
3 1 2 3968 4726
3 3
4 1 3 4293 10153 10288
4 1 2 4943 9220
4 1 2 5963 10082
3 2
4 1 3 4670 8857 10144
4 2
5 1 2 8533 10078
5 1 2 9965 10194
3 2
4 1 4 5143 7650 8375 9968
4 1 4 9436 9577 9638 9871
3 11
4 2
5 1 4 5543 8555 8852 9897
5 1 2 9987 10248
4 2
5 1 2 6391 8817
5 1 2 9606 9630
4 1 5 6747 7759 7780 9182 9234
4 1 4 7075 9657 9829 9893
4 1 2 7626 9857
4 1 2 7903 9869
4 1 2 7926 8581
4 2
5 1 2 8975 9747
5 1 2 9497 9880
4 2
5 1 3 9155 9564 10042
5 1 2 9672 9970
4 2
5 1 3 9210 9586 9620
5 1 3 9616 9708 9709
4 1 2 9602 9656
3 2
4 1 2 6892 9947
4 1 2 7845 8933
3 2
4 1 3 7197 9288 10102
4 1 3 9505 9612 10262
3 1 2 7752 9948
3 4
4 1 7 7948 9297 9442 9850 10219 10224 10247
4 1 5 8472 9789 9832 9914 10163
4 1 3 9124 10045 10110
4 1 2 9349 10080
3 2
4 1 3 8563 9219 9856
4 1 4 8739 9254 9844 10290
3 1 3 8652 9111 10097
3 3
4 1 3 8701 9793 9885
4 1 2 9678 10250
4 1 3 9842 9963 10265
3 1 4 9169 9910 9934 10072
3 2
4 1 2 9325 9928
4 1 2 10081 10096
3 1 4 9696 9886 10133 10179
3 1 2 9833 10038
3 1 2 10130 10310
2 18
3 20
4 3
5 1 2 7 3899
5 1 3 537 3221 6954
5 1 2 7128 8494
4 1 4 182 2020 5557 7804
4 2
5 1 3 219 8962 9532
5 1 4 2510 6039 8592 9104
4 2
5 1 2 1265 9130
5 1 2 8808 9097
4 1 3 1268 7217 8299
4 1 2 2711 6828
4 2
5 1 2 3450 6681
5 1 2 8029 9007
4 2
5 1 2 3458 8751
5 1 2 8115 8298
4 1 5 4066 4707 6531 9096 9491
4 1 2 4200 8373
4 3
5 1 2 4220 4254
5 1 2 7986 8998
5 1 2 9354 9804
4 1 3 6026 7657 8989
4 2
5 1 2 6228 8999
5 1 3 7613 8769 8926
4 2
5 1 2 6299 8195
5 1 2 8463 8622
4 1 6 6684 6852 7486 8475 8818 9373
4 2
5 1 2 8510 9122
5 1 2 8560 9110
4 1 2 8637 8786
4 1 5 8648 8812 8887 8990 9248
4 1 2 8686 8968
4 1 2 8709 9888
3 2
4 1 11 41 69 4534 6464 6547 6949 7571 7968 8630 9173 9591
4 1 2 1043 4487
3 11
4 2
5 1 3 82 4844 9503
5 1 3 646 8170 8535
4 3
5 2
6 1 4 2781 8223 8732 9507
6 1 2 7282 10186
5 1 4 4222 8680 9540 9541
5 1 2 8082 8421
4 3
5 1 5 4346 6237 6806 6820 9666
5 2
6 1 3 4578 8996 10106
6 1 2 7361 9736
5 1 4 9383 9473 9660 9917
4 3
5 1 3 4788 7178 8645
5 1 3 5428 6505 7638
5 1 3 6041 6543 7700
4 1 2 4822 8317
4 1 3 5978 9120 9814
4 1 3 6107 6994 7290
4 2
5 1 3 7427 9039 9563
5 1 3 8490 9485 10123
4 2
5 2
6 1 2 7734 8871
6 1 2 8450 8488
5 1 3 8056 8646 9137
4 1 3 9574 9964 10017
4 1 2 10019 10168
3 11
4 2
5 1 2 128 8795
5 1 4 505 8358 8407 8465
4 2
5 1 4 315 7214 8025 8258
5 1 3 7564 8359 9069
4 1 6 610 5343 7406 7701 8495 8588
4 3
5 1 2 1330 7857
5 1 3 2884 7624 7640
5 1 3 7204 7292 8442
4 3
5 1 3 1735 6032 8534
5 1 3 5586 6487 8002
5 1 2 7660 8295
4 2
5 1 2 4582 8311
5 1 6 6256 7691 8083 8420 8444 8527
4 2
5 1 4 5666 5931 7229 8498
5 1 2 5916 8662
4 4
5 1 2 6187 8207
5 1 3 6231 7495 8840
5 1 4 6768 7736 8053 8192
5 2
6 1 2 6893 7561
6 1 2 8017 8095
4 1 6 6351 7291 7584 8120 8121 8221
4 1 5 7633 7694 8169 8438 8549
4 2
5 1 2 7717 9305
5 1 2 8108 8469
3 8
4 1 3 206 9561 9984
4 1 4 239 4579 4819 7462
4 2
5 1 3 1390 8899 9754
5 1 2 9366 9425
4 2
5 1 4 2055 8276 9207 9225
5 1 2 5695 9356
4 1 3 3192 8949 9573
4 2
5 2
6 1 2 6945 9828
6 1 2 9919 10143
5 1 3 7340 9334 9943
4 1 3 7376 10049 10053
4 1 2 8578 9437
3 7
4 1 3 313 7911 8676
4 1 4 431 8625 8971 9935
4 1 5 2806 7227 8346 9533 9613
4 2
5 1 3 3000 4432 9398
5 1 2 8791 9181
4 1 3 3489 6812 7443
4 2
5 1 2 8239 9472
5 1 2 9306 9733
4 1 3 8337 8904 9336
3 3
4 1 3 379 7795 9275
4 1 2 8091 8208
4 1 2 8314 9026
3 8
4 1 4 533 7092 7753 7929
4 2
5 1 2 1243 7652
5 1 3 8089 8640 9005
4 1 3 2144 6034 8412
4 1 3 3866 7534 8924
4 1 5 6019 8697 8736 9801 10207
4 1 2 7545 8477
4 1 3 7725 9795 9994
4 1 3 8844 9796 9941
3 1 8 737 2537 7139 7311 7330 8386 8658 9454
3 5
4 1 2 3049 8626
4 1 4 4843 5716 10203 10287
4 1 2 7790 10253
4 1 3 10135 10255 10275
4 1 3 10178 10212 10226
3 6
4 1 8 3079 4544 6423 8427 8977 9516 9565 10119
4 2
5 1 2 4554 10237
5 1 2 7791 8994
4 1 2 8345 9493
4 1 2 9113 9913
4 1 2 9358 9803
4 1 2 10118 10202
3 1 13 3381 6087 6151 6554 7135 7874 8075 8125 8135 8579 8885 8927 8966
3 2
4 1 3 5564 7560 10036
4 1 2 8389 9452
3 2
4 1 3 6707 9835 10015
4 1 2 7386 8600
3 1 3 7565 8948 9312
3 2
4 1 2 7873 7938
4 1 2 9721 9922
3 1 2 9348 10115
3 1 2 9622 9740
2 66
3 3
4 2
5 1 2 14 5176
5 1 2 6314 7954
4 2
5 1 2 5901 9957
5 1 2 6887 9298
4 1 2 8238 9807
3 4
4 1 14 89 6609 6919 7218 8230 8886 9216 9668 10023 10060 10171 10251 10268 10299
4 1 2 6599 8942
4 1 2 8559 9371
4 1 2 9863 10074
3 1 3 90 8064 10088
3 3
4 1 3 101 8781 9418
4 1 4 5292 6527 8576 9314
4 1 2 5727 9229
3 2
4 1 2 133 9296
4 1 3 5649 9184 9279
3 16
4 2
5 1 3 149 8210 9435
5 1 2 5701 9589
4 3
5 1 3 1861 9091 10085
5 1 3 4514 9470 9545
5 1 2 10141 10208
4 4
5 1 4 2732 6962 7200 8316
5 1 3 4314 7170 10293
5 1 3 6712 7576 7813
5 1 3 7333 10041 10271
4 2
5 1 3 2913 8424 9538
5 1 3 7400 9558 10107
4 2
5 1 2 3229 8707
5 1 3 3854 8849 10128
4 1 5 3578 6070 7072 9887 10183
4 1 2 4366 4929
4 2
5 1 3 4905 8556 10131
5 1 2 5245 8922
4 1 5 5156 7060 7937 9088 10148
4 1 3 5587 8486 10094
4 1 5 5683 6005 6454 7787 9180
4 1 4 6189 8528 9397 9771
4 1 5 7470 7798 7842 9310 9783
4 2
5 1 2 7916 8149
5 1 3 8066 8936 9967
4 1 3 8930 9158 9627
4 1 3 9172 9641 10218
3 10
4 1 3 213 4393 8054
4 2
5 1 2 245 8889
5 1 3 7003 7699 8815
4 1 3 581 6604 8013
4 2
5 1 2 732 8287
5 1 2 8599 9117
4 1 2 2040 9162
4 2
5 1 4 2335 3419 7392 7398
5 1 3 8634 8741 9322
4 3
5 1 2 3448 8227
5 1 3 5445 8767 9061
5 1 2 7378 7973
4 1 2 4287 8401
4 1 3 4334 7618 7748
4 1 3 8790 8894 9100
3 4
4 1 3 323 3934 9778
4 1 13 2178 4609 5708 6616 7631 8440 9102 9238 9379 9550 9716 9864 10101
4 1 3 7548 8602 8627
4 1 2 8749 9009
3 1 2 355 6489
3 2
4 1 4 380 9038 9204 9258
4 1 2 2533 8327
3 1 3 423 2535 8138
3 9
4 1 3 436 8788 9809
4 1 2 975 7066
4 1 4 4076 4240 6605 8735
4 2
5 1 3 4286 4416 7634
5 1 3 6634 7556 8893
4 1 3 4323 7314 8514
4 1 4 4436 5066 8951 9020
4 1 5 6876 7337 8093 9643 9805
4 1 3 8190 8653 8872
4 1 2 8303 8357
3 2
4 1 9 439 729 3522 5766 8410 9076 9077 9389 9867
4 1 3 6639 7122 8983
3 2
4 1 2 443 8561
4 1 3 7559 8715 9159
3 1 19 445 1091 2483 3411 3993 4383 4650 5272 5665 6181 7619 8213 8583 8777 8913 9086 9188 9845 9978
3 3
4 1 2 507 8738
4 1 2 2367 8417
4 1 2 6533 9289
3 1 5 597 6172 6451 8512 9060
3 2
4 1 3 807 8275 10125
4 1 2 8014 8631
3 2
4 1 11 857 4715 6347 7537 8400 8877 9128 9244 9911 10055 10076
4 1 3 8649 8825 9599
3 1 4 891 4959 8551 10204
3 1 9 1053 5506 5677 5778 6461 7393 8031 8347 8682
3 1 3 1098 8076 9135
3 5
4 1 6 1420 4774 5478 7302 8411 8793
4 1 3 3987 8850 8856
4 1 3 6720 7469 9360
4 2
5 1 2 6808 6990
5 1 5 7412 8524 8585 10024 10227
4 1 2 6983 7164
3 4
4 1 2 1619 4737
4 1 6 6186 6974 7971 8228 8668 8698
4 1 2 9143 9637
4 1 2 9946 10005
3 1 11 1625 3910 4217 5240 6324 7151 8611 9566 9567 9642 9648
3 1 2 1728 4138
3 2
4 1 3 1796 7286 9896
4 1 2 6028 9178
3 3
4 1 9 1961 4638 7212 7372 8356 8571 9093 9303 10185
4 1 2 6817 8785
4 1 3 8932 9300 9767
3 1 3 2506 4409 7924
3 2
4 1 14 2618 4363 6965 7532 7731 8110 8521 8746 8835 8964 8967 9042 9223 9980
4 1 3 6682 7356 8455
3 2
4 1 2 2684 4613
4 1 2 7786 9057
3 4
4 1 2 2811 8274
4 1 2 6098 9535
4 1 10 6934 7131 7507 8214 8620 8956 9198 9231 9321 10283
4 1 2 8381 9154
3 3
4 1 2 2846 8547
4 1 5 7096 7501 8470 8895 9047
4 1 2 8757 9811
3 1 4 3012 5236 9568 9691
3 1 3 3210 8675 8714
3 4
4 1 12 3761 4357 5269 8063 8824 8873 8901 9388 9419 9840 9981 10199
4 1 2 8493 8542
4 1 2 8819 9147
4 1 3 8958 9457 10043
3 1 2 4817 9517
3 2
4 1 2 4911 8670
4 1 2 6012 9037
3 1 4 5053 6650 8828 10084
3 1 12 5153 5579 5661 5822 7022 7819 8202 8301 8598 9003 9078 9157
3 3
4 1 5 5261 8148 9199 9202 9439
4 1 4 8242 8268 8803 8823
4 1 2 8609 9073
3 3
4 1 3 5353 9949 9977
4 1 2 6054 10244
4 1 3 8517 9293 9471
3 2
4 1 9 5596 5653 7448 8456 8713 9001 9050 9092 9937
4 1 2 7581 10190
3 1 4 5615 9501 9512 9690
3 1 8 5638 5655 8473 8796 9206 9224 9232 9464
3 1 2 5824 8572
3 1 2 6569 10068
3 1 3 6664 9125 9186
3 2
4 1 2 6866 9163
4 1 2 7963 8925
3 1 5 7124 8306 9262 9352 9387
3 1 2 7891 9375
3 2
4 1 3 8154 9401 10233
4 1 4 8448 9255 9304 9772
3 2
4 1 2 8209 9508
4 2
5 1 2 9025 9239
5 1 2 9280 9415
3 1 3 8217 9067 10014
3 2
4 1 2 8253 9727
4 1 3 9370 9518 9608
3 1 3 8461 9510 9746
3 1 3 8763 9368 9549
3 1 2 8799 9554
3 1 2 8864 8988
3 1 2 9029 9193
3 1 2 9089 9355
3 1 3 9529 9860 10054
3 1 2 9530 9923
3 1 2 9834 9848
3 1 2 9837 10046
3 1 3 10232 10256 10305
2 6
3 1 60 23 974 1065 1818 2258 2383 3035 3889 4373 4679 4989 6075 6271 6402 6574 7117 7166 7180 7206 7269 7294 7862 7974 8273 8370 8612 8667 8692 8730 8882 8939 8974 8985 9004 9081 9256 9395 9405 9441 9460 9500 9581 9587 9662 9671 9701 9769 9816 9827 9927 9932 9955 10002 10075 10138 10150 10154 10210 10264 10291
3 1 2 1073 8804
3 1 3 4846 10087 10091
3 1 2 5539 8349
3 1 3 7583 7983 10092
3 1 2 9584 10132
2 2
3 1 2 38 937
3 1 2 388 506
2 10
3 1 25 52 434 880 1060 1519 3406 5113 5223 5316 6141 6160 6205 8727 8802 9146 9174 9308 9332 9902 9976 10018 10066 10105 10236 10308
3 1 2 172 701
3 1 2 328 6261
3 1 2 1544 8941
3 1 2 2313 6110
3 1 2 6583 8062
3 1 2 7484 9002
3 1 3 8654 9150 9290
3 1 2 9101 9326
3 1 2 9514 10134
2 5
3 1 4 58 2430 9309 9706
3 1 30 229 1139 1666 4958 5031 5069 6108 6292 6309 7198 7459 7896 8047 8343 8501 8610 8724 8731 8853 8861 8867 9055 9201 9551 9669 9762 9825 9912 9973 10259
3 1 3 8150 9426 9515
3 1 2 9894 10189
3 1 2 9986 10004
2 20
3 1 4 60 3715 6492 8497
3 3
4 1 2 87 8113
4 2
5 1 2 6024 8784
5 1 2 8884 9017
4 1 2 8161 8235
3 1 7 220 7424 9214 9479 9522 9542 10022
3 3
4 1 3 552 7407 8376
4 1 4 5425 6980 8430 9013
4 1 2 8536 8752
3 3
4 1 5 603 4521 7713 8911 9203
4 2
5 1 3 889 4523 8938
5 1 2 4061 7014
4 1 4 5568 7365 7806 8689
3 4
4 2
5 1 2 858 8422
5 1 2 7996 9548
4 1 3 3753 5148 8416
4 1 3 7059 7975 8305
4 1 4 8282 8379 9265 9673
3 4
4 1 5 2113 5886 7681 8284 8432
4 2
5 1 2 3766 9684
5 1 3 6104 6241 7051
4 1 3 5424 5753 9433
4 1 4 6968 7757 8822 9033
3 4
4 1 3 2578 5303 6644
4 1 2 3127 8397
4 2
5 1 4 5333 7357 8028 8564
5 1 2 8446 8621
4 2
5 1 4 7420 7466 8508 9109
5 2
6 1 2 8650 9165
6 1 3 8837 9046 9283
3 4
4 1 3 3384 8353 8937
4 1 2 4361 4519
4 1 2 6550 7981
4 1 3 6862 8102 9329
3 3
4 1 2 3764 8980
4 2
5 1 2 7027 8638
5 1 2 8234 8247
4 1 3 7489 8263 8603
3 2
4 1 3 3947 9363 9695
4 1 2 8460 8755
3 1 5 5336 5690 8309 8687 9773
3 2
4 1 4 5814 8363 8923 9131
4 1 3 7141 8261 8553
3 2
4 1 4 5834 7274 7279 9664
4 1 2 7053 8529
3 1 3 6355 7907 8134
3 1 4 6534 6602 6942 8225
3 1 2 6620 10020
3 1 4 7644 8722 8778 9226
3 1 2 8946 9272
3 1 3 9036 9108 9595
2 29
3 4
4 1 4 66 5358 8240 9245
4 1 6 1058 5810 7130 7853 8860 9372
4 2
5 1 2 3507 8916
5 1 3 8917 9230 9411
4 1 2 7764 8544
3 2
4 1 3 81 7020 8775
4 1 4 4101 6776 8770 9482
3 2
4 1 5 114 5388 7726 9010 9028
4 1 5 4885 5945 7596 9826 9855
3 2
4 1 2 180 9051
4 1 3 8695 9103 9339
3 4
4 1 3 322 3689 7426
4 1 3 3527 5206 9432
4 2
5 1 2 6715 7455
5 1 2 8616 9014
4 1 3 8219 8725 8816
3 2
4 1 2 382 6580
4 1 2 7271 8032
3 2
4 1 4 587 2027 6870 8523
4 1 2 7021 7475
3 1 2 608 5469
3 2
4 1 6 2249 4484 7033 7988 8929 9430
4 1 6 7493 8205 8491 8520 8526 9351
3 1 2 2308 10006
3 2
4 1 6 2901 3073 4569 6343 6520 8972
4 1 5 5448 7680 8051 8669 9049
3 1 2 3150 6077
3 3
4 1 2 3558 3741
4 1 3 5179 8052 8854
4 1 2 8055 9365
3 2
4 1 2 4252 8845
4 1 2 7600 9369
3 1 3 4397 8074 9569
3 1 4 4894 7951 8921 9045
3 1 8 4969 6474 6821 7912 8026 8641 9056 9282
3 2
4 1 3 5219 6611 9453
4 1 4 7965 8111 8674 8798
3 1 10 6507 7632 7750 8030 8165 8186 8372 8433 8883 9526
3 1 3 7578 8813 9259
3 2
4 1 2 7594 8577
4 1 3 8378 9179 9221
3 1 3 7690 8451 8506
3 1 3 7779 7997 8360
3 1 2 7895 10176
3 1 2 8764 8890
3 1 2 8914 9469
3 1 2 9119 9396
3 1 2 9266 9287
3 1 2 9675 9892
2 2
3 1 3 80 4197 8821
3 1 2 8458 8619
2 4
3 1 3 84 2722 6963
3 1 3 1047 3874 5009
3 1 2 1862 9241
3 1 3 3299 4223 9043
2 1 2 96 10149
2 12
3 1 2 98 116
3 2
4 1 3 1174 9770 9775
4 1 2 9723 9808
3 1 5 1288 3408 4496 9710 9818
3 4
4 1 3 2418 5505 9560
4 1 3 2956 4269 9700
4 1 2 5100 9246
4 1 2 7498 7939
3 3
4 1 2 3492 9478
4 1 3 3526 4786 5627
4 1 4 8940 9399 9956 10112
3 3
4 1 2 4412 9995
4 1 3 8070 8684 9884
4 1 3 8678 9765 9921
3 1 5 4648 9136 9427 9786 10266
3 3
4 1 3 5707 8552 8657
4 1 2 5743 6625
4 1 3 6406 9749 9988
3 1 2 5709 5714
3 2
4 1 2 6891 7006
4 1 2 9347 9631
3 2
4 1 3 7755 9707 9926
4 1 7 7970 8522 9315 9609 9704 9729 9739
3 2
4 1 3 8973 9519 9763
4 1 2 9562 10303
2 2
3 1 4 99 1686 3405 8425
3 1 2 785 6823
2 2
3 1 41 137 303 629 668 1448 2416 3484 3825 4680 5023 5597 5662 6176 7679 7805 7855 7933 8035 8226 8575 8580 8606 8717 8762 8800 9191 9382 9556 9570 9585 9687 9726 9731 9821 9862 9962 9990 10026 10111 10160 10276
3 1 3 9639 9819 10252
2 3
3 1 17 152 3308 6029 6552 8733 8780 9138 9449 9539 9619 9874 10025 10100 10173 10216 10278 10280
3 1 2 9646 10028
3 1 2 9938 10211
2 5
3 1 13 189 639 1871 2103 2887 3563 5199 5598 5946 6115 6575 7434 7894
3 1 2 1105 4641
3 1 2 3176 10289
3 1 2 4301 7639
3 2
4 1 6 4647 8489 9421 9495 9647 9743
4 1 2 5077 8105
2 1 3 202 4802 7540
2 3
3 1 2 283 10098
3 1 6 3451 4753 6663 8106 8436 9346
3 2
4 1 3 4603 6267 9378
4 1 3 9853 9983 10297
2 9
3 2
4 1 2 312 9227
4 1 2 7849 8909
3 1 11 1123 3646 5511 7058 8147 8157 8290 8499 8618 9107 9492
3 1 4 3828 7952 9374 9537
3 1 13 3843 5087 5180 6439 7338 7625 7727 8439 8708 9301 9463 9525 9653
3 1 2 3937 8449
3 1 3 5816 5903 9651
3 1 2 7289 8772
3 2
4 1 2 8390 9511
4 1 2 8584 9468
3 1 2 8500 8711
2 4
3 1 70 318 861 1070 3685 4244 4266 4337 4423 4740 5705 6499 6807 7038 7482 7574 7710 8010 8318 8321 8367 8368 8404 8452 8516 8518 8587 8594 8639 8644 8719 8744 8754 8756 8783 8830 8855 8947 9015 9094 9098 9116 9134 9144 9185 9187 9209 9257 9292 9294 9337 9381 9390 9400 9450 9496 9614 9667 9670 9680 9766 9858 9865 9899 9931 9953 9992 10121 10146 10156 10196
3 1 5 1023 8492 9127 9153 9959
3 1 2 3973 6491
3 1 2 5998 9177
2 3
3 1 6 385 1468 9170 9384 9483 9578
3 1 3 6253 8391 9502
3 1 3 9030 9424 9428
2 6
3 1 3 470 7155 10009
3 2
4 1 3 850 7207 9720
4 1 2 9824 10246
3 1 11 1345 1381 1859 1948 2688 3323 4327 6981 7953 9655 9682
3 1 13 4815 6310 7743 8199 8250 8774 8993 9062 9196 9277 9699 10073 10198
3 1 2 8280 9350
3 1 3 9021 9139 9952
2 2
3 1 4 521 1839 7202 9380
3 1 4 5212 7729 9905 10137
2 6
3 1 3 557 6754 9891
3 1 3 2097 8418 8838
3 1 32 2126 3179 4307 4934 5196 5768 6365 6399 6781 7097 7848 8683 8685 8907 8953 9064 9087 9240 9273 9465 9681 9713 9879 9895 9925 10126 10127 10147 10152 10184 10222 10306
3 1 3 5691 7987 10140
3 1 2 9142 9161
3 1 2 10040 10257
2 12
3 3
4 1 2 604 9559
4 1 2 6386 7355
4 1 2 6393 8960
3 1 2 654 8832
3 2
4 1 2 2102 8834
4 1 5 7762 7875 8957 9755 10215
3 1 2 2907 10083
3 1 2 4249 8665
3 2
4 1 4 4631 5918 5984 9490
4 1 4 5528 6230 9440 9629
3 2
4 1 2 5213 8768
4 1 3 7840 8061 9486
3 1 4 5613 8384 8539 10169
3 2
4 1 4 6004 7442 9156 9391
4 1 2 6902 9151
3 1 2 6148 6757
3 1 3 6476 8789 10192
3 1 2 7299 9702
2 1 2 619 9954
2 4
3 1 4 621 9552 9617 9712
3 1 3 7980 8007 9546
3 1 2 9148 9327
3 1 2 9235 9623
2 1 9 742 7465 7741 8118 8952 9295 9420 9588 10016
2 1 5 787 1112 4573 5953 9313
2 20
3 1 2 984 9140
3 1 54 1964 2812 2967 4172 4692 5327 5667 6356 6683 6842 6928 6959 7608 7667 7884 7992 8057 8119 8471 8550 8704 8765 8773 8787 8792 8831 8842 8858 8865 8891 8912 9063 9105 9242 9377 9385 9406 9429 9474 9476 9527 9594 9697 9714 9724 9728 9730 9756 9851 9945 9950 9974 10079 10116
3 1 2 2590 7601
3 3
4 1 2 3955 10238
4 1 2 8292 9557
4 1 3 9318 9455 9907
3 1 2 4140 8126
3 1 3 4368 7346 7943
3 1 3 5006 8782 9192
3 1 4 5462 5914 8543 10294
3 1 2 7517 9969
3 1 3 7642 8589 9705
3 2
4 1 2 8021 8814
4 1 2 8354 8703
3 1 3 8570 10165 10177
3 1 2 8827 9732
3 1 2 8876 9636
3 1 2 9035 10104
3 1 4 9175 9679 9929 10284
3 2
4 1 3 9211 9626 10063
4 1 2 9408 10162
3 1 2 9506 9590
3 2
4 1 2 9868 10201
4 1 3 10205 10220 10229
3 1 2 10269 10281
2 2
3 1 2 1121 8586
3 1 2 7188 9341
2 2
3 1 4 1204 7832 8503 9750
3 1 5 3044 7497 9458 9504 9933
2 3
3 1 3 1327 6760 8211
3 1 3 1752 6204 8915
3 1 2 9443 9489
2 1 3 1344 2088 6408
2 1 4 1462 2727 4483 8558
2 2
3 1 6 1641 5676 8178 9023 9065 9688
3 1 2 8615 9006
2 2
3 1 2 1809 8982
3 1 2 9735 10069
2 1 3 2045 8734 8892
2 1 3 2130 2706 8702
2 2
3 2
4 1 2 2347 9099
4 1 3 8024 8590 9291
3 1 3 4181 7105 9520
2 4
3 1 7 2359 3498 5049 5128 5313 6833 7001
3 1 2 7253 10273
3 1 2 8897 9791
3 1 2 9644 10286
2 1 5 2462 5971 6470 9132 9208
2 6
3 1 18 2617 3963 4461 6595 7863 8044 8146 8429 8699 8944 9166 9215 9286 9487 9813 9841 9979 10151
3 1 3 3980 8672 9324
3 1 2 5194 9610
3 1 2 8647 8688
3 1 2 8955 9806
3 1 3 9462 9618 10258
2 2
3 1 2 2824 4428
3 1 2 6357 7985
2 14
3 3
4 1 2 3503 8519
4 1 2 4469 7850
4 1 2 7428 9466
3 2
4 1 2 3540 7982
4 1 5 7999 8218 8540 8963 9357
3 1 2 5235 7964
3 1 2 5432 9271
3 1 3 5523 8546 10295
3 1 3 5694 9386 9438
3 2
4 1 4 6344 8139 8437 9498
4 1 3 8950 9247 9448
3 1 6 6359 6718 8903 8934 9074 9434
3 1 3 6927 9677 9734
3 2
4 1 2 8231 8565
4 1 2 9008 9084
3 2
4 1 2 8481 9985
4 1 3 9782 9870 9951
3 2
4 1 2 8484 8997
4 1 5 8614 8986 9264 9345 9975
3 1 3 8935 8995 9145
3 1 3 8991 9299 9484
2 1 2 3726 9528
2 1 3 4417 5876 8596
2 2
3 1 4 4587 9402 9799 10245
3 1 2 6734 8457
2 3
3 1 4 4758 5123 5776 6490
3 2
4 1 3 6296 9344 9521
4 1 2 8771 9611
3 1 2 8479 8568
2 1 4 5527 8965 9718 10180
2 2
3 1 2 6083 8196
3 1 3 8348 9133 10197
2 1 2 6264 9333
2 1 3 6312 9068 9901
2 1 2 6389 8691
2 2
3 1 4 6477 8180 8836 9534
3 1 2 8595 8712
2 1 3 7016 7219 10175
2 1 3 7301 7404 8116
2 2
3 1 4 7399 8931 9838 10031
3 1 3 9070 9190 9881
2 1 3 7666 9481 9583
2 1 2 7712 10187
2 2
3 1 2 8245 9018
3 1 2 8398 8878
2 1 4 8413 8979 9041 9059
2 1 2 8504 9920
2 1 2 8511 8779
2 2
3 1 2 8531 9852
3 1 3 9488 9930 10114
2 1 2 8761 9942
2 1 3 8806 8984 9022
2 2
3 1 2 8862 9939
3 1 3 9605 9663 10071
2 1 2 9034 9866
2 1 3 9674 9715 9915
1 13
2 1 5 12 1610 4764 7154 7620
2 1 7 43 2154 2282 3938 5497 7918 8969
2 1 6 50 183 3552 5725 7370 7433
2 2
3 1 4 419 8394 9024 9461
3 1 3 7150 7587 8081
2 3
3 1 2 574 3737
3 1 2 765 8423
3 1 3 1867 3950 4808
2 4
3 1 2 582 3371
3 1 2 1015 2346
3 1 3 1833 4191 5487
3 1 2 2573 3037
2 1 5 717 3594 6035 7589 7858
2 2
3 1 2 919 5338
3 1 7 1797 1914 2977 3377 3746 5300 6047
2 2
3 1 3 1751 2341 3518
3 1 2 3480 9268
2 2
3 1 6 2750 2899 4718 5757 7250 7313
3 1 2 3844 5273
2 1 6 2961 5178 7622 7788 8005 8046
2 1 2 7843 8569
2 1 3 7851 7914 8249
1 42
2 17
3 2
4 1 4 19 853 8308 8462
4 1 2 2274 4700
3 1 4 243 5860 6452 7606
3 3
4 1 2 260 7230
4 1 3 1048 6475 8426
4 1 3 4399 4724 6495
3 2
4 1 2 440 2910
4 1 3 1591 4040 4063
3 3
4 1 3 812 2990 7074
4 1 4 2231 5380 6438 7247
4 1 3 5811 6822 7252
3 3
4 1 4 1516 1517 3347 6223
4 2
5 1 2 2643 3316
5 1 2 2686 6592
4 1 2 5890 6417
3 1 4 1653 3457 3698 4973
3 1 2 1913 3861
3 1 5 1966 3068 4410 4804 5080
3 1 3 2232 6302 8270
3 2
4 1 2 3284 6440
4 1 2 6485 6686
3 1 2 3583 3801
3 2
4 1 5 4305 4566 6065 8538 8716
4 1 3 5641 6484 6538
3 1 6 4507 5698 6455 6571 9593 9936
3 4
4 1 3 5227 6057 6445
4 1 4 5713 6013 7216 8661
4 1 3 6415 6472 7688
4 1 3 6436 6672 7349
3 1 2 6007 6170
3 2
4 1 2 6535 7040
4 1 3 6868 6903 7222
2 1 8 54 1481 2139 3255 4669 4676 4714 5689
2 2
3 2
4 1 2 62 8256
4 1 2 3245 5185
3 1 3 4467 6144 6982
2 18
3 4
4 2
5 1 4 122 275 1019 2300
5 1 4 656 855 2170 4524
4 2
5 1 3 813 969 7342
5 1 3 926 5443 5981
4 1 2 925 7664
4 1 3 3565 3855 6105
3 3
4 1 5 345 1977 4457 5222 5228
4 1 2 3248 5930
4 1 2 4285 5088
3 1 4 384 2216 2527 7568
3 2
4 1 2 511 9403
4 1 5 1729 3499 3953 4914 5935
3 2
4 1 3 570 2134 3537
4 1 4 1237 1636 2078 5159
3 3
4 1 3 723 7187 9916
4 1 3 982 7173 8059
4 1 2 1025 3731
3 2
4 1 3 774 4259 4886
4 1 2 2969 10027
3 2
4 1 4 801 2107 2468 4807
4 1 3 3418 5498 5737
3 1 6 971 1392 1582 2454 4558 4635
3 1 6 989 3393 3493 4354 4390 5419
3 2
4 1 4 1219 2581 2979 3030
4 1 3 4263 4642 5883
3 2
4 1 2 1453 7156
4 1 2 6714 6997
3 2
4 2
5 1 2 1668 7265
5 1 2 4771 7483
4 2
5 1 2 2675 4584
5 1 3 2855 3132 5266
3 2
4 1 5 1851 1941 2074 2122 2834
4 1 3 2622 3618 6973
3 2
4 1 3 1927 5990 6567
4 1 2 3380 4418
3 1 5 2108 2881 3755 4896 4947
3 1 5 2386 5357 5949 5989 7273
3 2
4 1 3 4387 4803 7566
4 1 3 6145 6380 8328
2 2
3 1 18 168 563 680 1144 1246 2414 3292 3936 4036 4273 4331 4351 5403 5436 5558 6243 6752 7270
3 1 7 658 1762 2476 2627 5406 6480 6979
2 6
3 1 4 212 486 1842 5616
3 1 2 338 1672
3 1 2 444 1418
3 1 3 887 5898 7854
3 1 2 1937 7221
3 1 2 3472 9106
2 2
3 1 3 265 7408 8185
3 1 2 8315 8987
2 3
3 1 58 311 344 939 958 1034 2094 2221 2552 2992 3165 3270 3318 3336 3391 3462 3510 3691 3795 3847 4201 4211 4272 4385 4493 4516 4625 4655 4728 4838 4839 4923 5105 5144 5191 5233 5306 5391 5407 5438 5590 5679 5744 5752 5756 5868 6022 6203 6311 6313 6518 6697 7012 7119 7449 7610 8060 8145 8203
3 1 5 3951 5298 5740 6008 6154
3 1 2 7898 7905
2 1 2 349 3834
2 4
3 1 2 471 3180
3 1 3 4546 5012 9412
3 1 3 4618 4711 7159
3 1 2 7137 8677
2 3
3 1 10 509 2192 2328 5885 6481 6519 6699 7305 8177 8392
3 1 6 1119 2047 2492 3945 4772 4964
3 1 2 3305 4851
2 1 2 703 2771
2 7
3 1 3 834 5625 8706
3 1 5 1042 1147 1815 4510 4547
3 2
4 1 3 1320 3320 5326
4 1 4 2473 2659 5274 6801
3 4
4 1 3 2452 3905 10077
4 1 2 2461 2719
4 1 2 3920 6086
4 1 2 4384 6716
3 2
4 1 2 2854 6651
4 1 2 5287 5521
3 2
4 1 2 3402 8229
4 1 3 4127 6194 9071
3 1 3 3879 7410 7984
2 2
3 1 13 874 1520 3274 3809 4811 5584 5758 5787 5832 6085 6197 6341 8582
3 1 2 1277 6923
2 3
3 1 3 1163 5344 8142
3 1 3 4918 7281 7516
3 1 3 6584 6636 7649
2 1 6 1165 1427 5004 5078 5673 6345
2 1 13 1194 1232 2291 3841 4075 5486 5913 6121 7244 7771 8009 8467 9625
2 4
3 1 2 1203 6247
3 1 3 2151 2449 2818
3 1 3 2372 8090 9075
3 1 2 5485 6874
2 1 4 1328 5650 6350 10230
2 1 5 1476 2896 5092 5611 9404
2 1 13 1756 3119 5452 5878 6434 6530 6783 7275 7570 7872 7882 8085 8173
2 1 2 2302 9993
2 1 4 2309 2692 5205 8152
2 1 3 2379 7941 10279
2 3
3 1 2 2429 5367
3 1 2 3604 4155
3 1 2 5162 6286
2 1 9 2852 3529 4355 4401 4480 5957 6996 7326 7411
2 1 3 3034 6901 8382
2 1 5 3092 3916 6431 7179 7283
2 2
3 1 2 3286 5632
3 1 2 5675 7544
2 1 5 3468 5265 6410 7930 9693
2 1 4 3666 5042 5748 5762
2 1 2 3908 5040
2 1 2 4027 6745
2 1 3 5036 6447 6496
2 2
3 1 3 5132 9781 10302
3 1 3 6863 7509 7542
2 3
3 1 3 5440 7057 7595
3 1 3 6799 7519 8740
3 1 2 7409 8833
2 2
3 1 3 5621 7278 7651
3 1 2 7922 8252
2 2
3 1 2 6196 7523
3 1 2 7263 7769
2 1 2 6561 9164
2 1 2 6826 7037
2 1 3 7659 8174 9703
2 1 2 8048 8478
1 34
2 1 3 37 8743 9719
2 5
3 2
4 1 3 93 5970 8244
4 1 2 6849 7777
3 2
4 1 3 420 4446 6216
4 1 3 4485 5324 6201
3 2
4 1 2 478 5033
4 1 2 2851 7695
3 1 5 749 3478 6463 6969 9659
3 3
4 1 3 4536 7662 8839
4 1 2 6051 6563
4 1 2 6787 7091
2 2
3 1 88 111 176 545 755 821 908 1022 1039 1187 1931 2007 2118 2223 2334 2491 2626 2869 2917 3467 4133 4164 4179 4257 4478 4553 5417 5537 5837 6135 6263 7050 7256 7288 7363 7395 7405 7435 7460 7468 7492 7510 7513 7555 7677 7746 7754 7957 8084 8162 8220 8408 8464 8502 8507 8566 8617 8673 8679 8748 8810 8829 8879 8896 8976 9000 9027 9080 9085 9252 9267 9270 9276 9281 9316 9393 9414 9543 9592 9598 9686 9760 9787 10050 10051 10159 10188 10217 10235
3 1 2 6774 10157
2 7
3 1 3 126 3266 7621
3 1 3 838 8651 9628
3 1 2 2363 5861
3 1 2 2597 4906
3 3
4 1 3 3532 8101 8184
4 1 2 5857 6540
4 1 2 6816 7546
3 1 2 4572 6289
3 1 3 5348 8132 9331
2 7
3 2
4 1 2 256 368
4 1 3 4065 4622 8742
3 1 3 2053 8554 8710
3 1 4 4194 6695 6769 8959
3 3
4 1 2 4228 6358
4 1 2 7213 8000
4 1 2 8123 8371
3 2
4 1 2 5639 6666
4 1 2 6084 6614
3 2
4 1 3 5642 6886 8970
4 1 2 7715 8033
3 1 2 6608 7004
2 2
3 1 31 292 2235 6352 8277 8807 8841 8859 8866 8875 8906 8908 9095 9176 9189 9200 9213 9222 9228 9243 9249 9250 9261 9330 9364 9445 9513 9523 9553 9615 9741 9742
3 1 2 9218 9362
2 1 2 408 3404
2 6
3 2
4 1 3 596 5636 10170
4 1 3 4330 6591 9118
3 1 4 1677 2434 2903 7860
3 1 5 2164 3114 6130 8805 9997
3 1 3 4601 8515 8525
3 2
4 1 3 7324 7772 9831
4 1 3 8635 9572 9640
3 1 4 8846 9394 9759 9779
2 2
3 1 2 598 4125
3 1 3 3364 4394 4684
2 6
3 1 12 599 746 4671 5354 5954 7419 7818 7956 7967 7969 8198 8474
3 1 3 823 2014 2925
3 1 3 1031 3620 6152
3 1 7 1532 1986 2236 2296 2986 3516 4193
3 1 3 2582 3277 4556
3 2
4 1 2 2696 5131
4 1 2 5540 5781
2 2
3 1 18 612 1095 1834 2025 2572 2948 3076 4915 5304 5385 5517 5549 5570 5764 5894 6729 6809 6867
3 1 2 4109 10261
2 1 3 808 2634 7085
2 1 7 809 1106 1733 3004 3732 4453 4468
2 2
3 1 18 848 946 1027 1662 1922 2029 2044 2172 2599 2690 2803 3760 4304 4775 5116 5450 5591 5905
3 1 2 6006 7718
2 1 4 873 3918 5119 6091
2 4
3 1 14 1032 1866 5340 5999 6252 6509 6771 7572 8036 8624 8794 9422 9571 9836
3 1 4 1138 9467 10065 10241
3 1 2 3989 9114
3 1 2 4421 8001
2 1 5 1045 1771 2691 2816 3688
2 1 6 2066 3009 6397 8928 9689 10059
2 3
3 1 2 2109 6724
3 1 2 2140 8776
3 1 2 6444 8045
2 1 2 2136 3881
2 2
3 1 4 2215 3477 4345 5674
3 1 2 3363 6502
2 4
3 2
4 1 3 2275 8241 8705
4 1 2 2432 8496
3 3
4 1 3 2349 4787 8660
4 1 3 3581 5256 6074
4 1 2 8130 8629
3 2
4 1 2 5027 8344
4 1 2 6960 8385
3 1 3 5980 8283 8434
2 1 3 2730 5535 7478
2 1 7 2741 3679 4739 5133 5976 6164 7125
2 1 4 3630 4899 5294 6802
2 1 5 3714 4545 5610 5619 7615
2 1 3 3808 5048 5470
2 2
3 1 4 4135 4876 5220 6209
3 1 2 6103 6524
2 1 5 4672 5710 6258 6770 7458
2 1 2 4768 10240
2 1 2 5314 7377
2 1 2 8613 9048
2 1 3 9168 10195 10209
2 1 2 9854 10277
1 20
2 1 6 63 2867 3023 3045 3822 6668
2 4
3 1 5 194 416 1124 4048 6334
3 1 2 504 9711
3 1 2 865 4336
3 1 2 6348 9661
2 4
3 1 3 244 924 2832
3 2
4 1 2 477 3797
4 1 3 2723 2914 5331
3 2
4 1 3 481 3087 5217
4 1 4 2559 2784 4852 5026
3 2
4 1 2 3057 3236
4 1 4 3978 4115 4312 4840
2 1 4 371 5063 9149 9909
2 2
3 1 3 602 6698 7656
3 1 4 797 4062 4502 7739
2 2
3 1 4 688 3894 4749 5947
3 1 2 4350 6094
2 2
3 1 5 851 1090 1425 3823 5408
3 1 2 4005 5960
2 4
3 1 3 875 991 3397
3 1 2 1502 2421
3 1 2 2801 7708
3 1 2 5146 5793
2 2
3 1 3 899 1435 3802
3 1 2 4044 4202
2 1 4 1126 2423 8605 9447
2 2
3 1 3 1145 2459 9744
3 1 4 5280 6882 8176 9635
2 2
3 1 3 1744 6759 9877
3 1 3 3235 5607 5738
2 2
3 1 2 1877 6794
3 1 2 6667 8659
2 2
3 1 5 1901 6848 7887 8071 8435
3 1 3 3259 4413 8696
2 2
3 1 3 2676 3682 4203
3 1 3 4353 6001 7658
2 1 2 2747 10039
2 2
3 1 2 3170 6052
3 1 2 3193 5013
2 1 6 4318 4526 7515 8888 9342 10166
2 3
3 1 3 4652 6482 9830
3 1 2 4727 8334
3 1 3 7086 8003 9580
2 1 3 9058 9302 9876
1 17
2 5
3 1 5 68 195 268 942 2628
3 2
4 1 2 410 7240
4 1 2 2689 5682
3 1 2 864 3238
3 1 2 2702 5892
3 1 2 7246 9812
2 3
3 1 2 271 6933
3 1 2 1080 3873
3 1 2 2734 4903
2 1 4 316 716 1306 8137
2 2
3 1 3 459 1863 3414
3 1 2 1294 3436
2 1 3 548 6830 8530
2 1 5 641 3748 6796 7042 7885
2 1 4 750 956 1444 4591
2 1 2 902 7592
2 1 2 1036 4710
2 3
3 1 2 1085 4032
3 1 2 2825 4103
3 1 5 3864 7323 7547 7554 10064
2 1 2 1149 8023
2 2
3 1 2 1719 4472
3 1 3 2591 3196 3779
2 1 3 2023 7823 9456
2 3
3 1 2 2080 6398
3 1 2 2444 7184
3 1 2 3932 3944
2 3
3 1 2 2200 3776
3 1 2 5251 7567
3 1 2 5393 5943
2 1 5 2984 3403 3998 4873 6400
2 1 6 3260 4849 6998 7793 8414 8681
1 2
2 1 3 100 7847 8197
2 1 5 5285 5561 6598 6986 7972
1 1 3 120 3504 5097
1 1 4 143 2085 2293 3573
1 1 2 402 3933
1 2
2 1 4 427 3887 5389 5418
2 1 3 3655 4481 9335
1 2
2 1 14 679 973 1250 2330 3135 3929 4854 5058 5135 5807 6422 7312 9307 9966
2 1 2 4779 6441
1 1 2 1051 6368
1 3
2 1 2 1360 7259
2 1 4 3785 3997 8843 9768
2 1 2 7655 10200
1 1 4 2385 5081 5867 6179
1 1 2 9579 9597
