0 23
1 19
2 1 3 0 13 68
2 1 3 1 10 27
2 3
3 2
4 1 2 2 75
4 1 2 25 87
3 1 2 18 20
3 1 3 59 60 81
2 2
3 1 2 3 8
3 1 2 70 93
2 2
3 1 2 4 41
3 1 2 14 97
2 1 3 5 16 82
2 2
3 1 2 6 74
3 1 2 12 21
2 1 3 7 55 86
2 1 2 15 32
2 2
3 1 2 22 28
3 1 2 34 80
2 1 4 24 57 64 72
2 1 3 29 66 96
2 1 2 33 61
2 2
3 1 3 36 42 89
3 1 2 48 51
2 1 3 38 73 92
2 1 3 44 65 94
2 1 2 47 53
2 2
3 1 3 49 54 77
3 1 2 83 88
2 2
3 1 2 56 67
3 1 2 58 85
1 4
2 1 2 9 91
2 1 2 26 31
2 2
3 1 2 37 76
3 1 2 43 95
2 1 2 45 78
1 2
2 1 4 11 71 79 99
2 1 3 30 40 50
1 3
2 1 2 17 84
2 1 2 19 46
2 1 2 35 69
1 2
2 1 2 23 63
2 1 2 39 62
1 3
2 1 3 52 166 196
2 2
3 1 3 105 183 197
3 1 2 150 199
2 1 3 119 126 176
1 1 2 90 98
1 1 3 100 163 174
1 2
2 1 3 101 131 134
2 1 4 160 175 177 189
1 2
2 1 2 102 123
2 1 3 136 151 173
1 5
2 1 3 103 129 192
2 2
3 1 2 116 118
3 1 2 146 191
2 1 2 117 132
2 2
3 1 2 127 198
3 1 3 139 155 181
2 1 2 130 186
1 5
2 1 2 104 165
2 1 3 111 171 185
2 1 3 133 142 154
2 1 2 145 187
2 1 2 178 195
1 4
2 1 2 106 148
2 2
3 1 2 109 135
3 1 2 112 144
2 1 4 110 149 159 168
2 1 2 138 143
1 1 3 107 157 158
1 1 2 108 137
1 2
2 1 2 113 193
2 1 3 124 128 184
1 1 3 114 164 172
1 1 3 115 141 152
1 2
2 1 2 120 169
2 1 2 167 180
1 3
2 1 3 121 188 190
2 1 3 122 147 153
2 1 2 140 162
1 1 3 125 156 161
1 1 2 170 194
1 1 2 179 182
