0 -0.08519837 0.17209553 -0.16230408 0.13848270 0.10891278 0.24327715 0.39147190 0.04498678 0.06268486 0.19500539 -0.18711887 0.01498709 0.59556185 0.27090446 0.40780513 0.14036282
1 0.12815004 -0.01075292 -0.38615446 -0.01281309 0.07315797 -0.03334856 -0.17812443 -0.08978143 0.02657563 0.53473436 -0.42825801 -0.36230548 0.05610268 0.31664803 -0.21494023 -0.19235176
2 -0.20041744 0.20061531 0.07460751 -0.08621944 0.00202130 0.03600934 -0.01409409 0.01543192 0.03479072 0.31330093 0.07560204 -0.07868041 0.76047825 -0.06047795 0.44215434 -0.12684387
3 -0.42311696 0.28282957 -0.00932466 0.08135435 0.01834989 0.03844632 -0.32782652 -0.30323693 -0.15860605 0.40532906 0.16736751 -0.29492661 0.26002631 0.34027918 -0.03908697 0.20895881
4 -0.39581241 0.30023187 -0.12385878 0.26860635 -0.18568710 -0.03503078 0.11656262 -0.34340947 -0.15717664 -0.12038473 -0.15318122 -0.32083227 0.48645916 -0.22367241 0.16026984 -0.14326948
5 -0.31661704 0.21362033 0.32007476 -0.02545048 -0.39604575 -0.12681870 -0.16997349 -0.29348309 -0.35433656 0.00645215 -0.43590248 0.24247616 0.04629768 -0.02083752 0.03764346 0.29098025
6 -0.24829715 0.48613904 -0.14719505 0.01963135 0.11801098 -0.19148315 0.20660501 0.03700457 -0.13449144 0.44968209 -0.00779784 -0.14572634 0.41492200 0.12751436 -0.05188555 -0.39064951
7 -0.55382692 0.12781659 -0.10525641 -0.24299298 0.23988592 0.16835605 -0.23660703 -0.06936351 0.23336773 0.24431007 -0.06704491 0.46996752 0.22756970 0.24343976 -0.01952081 -0.09584687
8 -0.39914232 0.27042208 -0.09440958 0.19489131 -0.01178719 0.01850485 -0.30117859 -0.32914258 -0.04741049 0.18758231 -0.13977430 -0.36615655 0.14272414 0.42424938 0.25226257 0.25709977
9 -0.61447165 0.09999795 -0.17726254 -0.17328958 -0.00731649 0.32702005 0.14536345 -0.12741771 0.08798483 0.14589231 -0.15618445 0.38014250 -0.11286058 -0.08892371 -0.09313969 -0.42351449
10 -0.16283071 0.34377600 -0.25539354 0.20383003 0.35721216 0.14484921 -0.21842237 -0.12051660 0.01948139 0.35458755 -0.46474481 0.11921782 0.22113209 0.33745663 0.04718129 -0.12807163
11 -0.19167452 -0.05589527 0.33559060 -0.30594659 0.12466425 0.15288094 0.29208948 -0.47551999 -0.13382230 0.25829324 -0.02001980 -0.20544413 0.26472133 -0.29483892 0.33632125 -0.07881436
12 -0.20220531 0.17895711 -0.35561230 0.05283152 0.02704685 -0.38291356 -0.28338865 0.04699110 -0.09354544 0.22254830 0.23607145 -0.04496250 0.63852449 0.06905340 0.11758255 -0.16008456
13 -0.42996190 0.41106137 -0.12208200 -0.23428796 0.05016682 -0.04808695 0.37337982 0.01561847 0.11686461 0.47958836 -0.00808949 -0.05938058 0.42231145 -0.01939162 0.06958577 -0.03258779
14 -0.38229895 0.21857823 -0.20607533 0.25742041 -0.22072648 -0.09722109 -0.32936464 -0.23962639 0.22223871 0.23040609 -0.03969229 -0.18661836 0.51247250 -0.09062729 0.25170157 -0.01381395
15 -0.27095726 0.38885904 0.12498537 0.18055436 0.27621708 0.15447357 0.02518785 -0.12166401 -0.33833431 0.26040880 0.28229290 0.35727599 0.35436517 0.09673734 -0.12142921 -0.26881028
16 -0.17900647 0.17687778 0.10408203 0.14306237 0.02942128 -0.18637242 -0.27239957 -0.72824238 0.00503757 0.02280487 -0.07818472 0.33576128 0.23651265 -0.28840058 -0.07003680 -0.04266187
17 -0.19651105 0.17240126 -0.21460528 0.04136294 0.24521111 -0.15332296 -0.11592518 -0.45881314 -0.05349553 0.34308936 0.05191093 -0.08713672 -0.43584797 0.06963205 0.50063818 0.00020978
18 -0.20319770 -0.17309799 -0.10597072 0.19952209 -0.17865526 0.39540659 0.03113171 -0.25883654 0.42477451 0.32876179 0.11975409 -0.00996156 0.15318145 -0.13427214 0.30577232 -0.42840525
19 -0.21430047 -0.39719842 0.15099430 -0.13837010 -0.10622465 0.06458364 -0.20585098 -0.26282351 -0.20963756 -0.21248058 0.39868313 0.06808372 0.08554893 0.45908422 0.38224020 0.10292503
20 -0.18031801 -0.01538117 -0.19810474 0.34198086 0.23364257 0.16173100 0.12858775 -0.36951065 0.16941359 -0.12750067 -0.07971760 0.08940852 0.46856690 0.02000888 0.50160831 -0.21531694
21 -0.21165669 0.57241844 -0.09700985 -0.25686912 0.34209275 -0.14825074 -0.13326004 0.08697671 -0.13203579 0.30882065 0.20042851 0.10556559 0.36477321 -0.24259310 0.00157466 -0.17828152
22 -0.29520830 -0.01442652 0.10739016 -0.04664692 -0.20240383 -0.04672868 -0.19663442 -0.17367494 -0.03981580 0.51817362 -0.32857070 0.13808676 -0.15945047 0.30880073 0.37603855 -0.35728587
23 -0.06356638 0.17913616 -0.27705066 -0.06901034 -0.02110813 0.06934052 0.35049141 -0.34271165 0.44414205 0.30485659 -0.42943020 0.16254251 -0.20646289 0.00402248 -0.10442062 -0.28674737
24 -0.32245214 0.33443140 0.03414359 -0.02777076 -0.11899097 0.18559462 0.52159575 -0.07625642 -0.02413413 -0.04519559 -0.44373852 0.06350452 -0.06843810 0.21841485 -0.15455454 -0.41943313
25 -0.25852637 0.17653377 0.27561232 -0.00718701 -0.27347450 0.19550458 0.13363776 0.00204794 0.16969131 0.37683449 0.05592365 -0.04034083 0.42946677 -0.13649014 0.38193518 -0.41305277
26 -0.18257980 0.03866112 0.38980913 -0.01663994 -0.09484763 0.38690754 0.26656941 -0.17462779 -0.19547714 -0.11659143 -0.01152284 0.11759410 0.10478201 0.24759121 -0.38357439 -0.51722167
27 -0.15094495 0.15349709 -0.16546419 -0.06690658 0.45920788 -0.04858611 -0.27106065 -0.23499229 0.12929318 0.16880974 -0.15986348 -0.17638733 0.12480663 0.61358030 0.29313035 -0.00254550
28 -0.46362570 0.13522757 -0.10665255 -0.10052089 -0.07517398 -0.05276962 0.07567591 -0.09315117 0.20149640 0.51758673 -0.26386533 0.28858459 0.12072571 0.06158089 0.46400467 -0.16545611
29 -0.47331718 -0.03378636 0.06822649 -0.02968480 -0.13594766 0.10686398 -0.21025927 -0.09393057 -0.31357686 -0.21472916 0.30086431 -0.37122033 0.30250472 0.18787842 -0.06305556 -0.42756679
30 -0.38824978 -0.23304476 -0.04554306 -0.34183333 0.36617805 0.43591542 0.05259944 -0.38823323 0.07726719 0.09004798 -0.23986404 -0.04266054 0.18461058 -0.17446870 0.17012266 -0.17757260
31 -0.25899942 -0.01862793 0.17746901 0.14228179 0.12045532 0.51341773 0.37069505 -0.41381291 -0.16029241 0.43266643 0.20658582 -0.02477418 0.14551643 -0.05820897 -0.05636872 -0.10071566
32 -0.05901984 0.49696513 0.12484318 0.32253117 0.22491855 -0.08255507 -0.02026674 -0.42991055 -0.24400242 -0.19393291 -0.21887485 0.00404252 0.38708158 -0.07910728 -0.00214517 -0.29347608
33 -0.22208560 0.21157743 0.03681241 0.02345206 -0.04710440 -0.20042402 -0.09912391 -0.14951208 0.03682415 0.51457254 0.29516326 -0.06094081 0.41410911 0.46312989 0.23432292 0.17771009
34 -0.44320260 -0.05950152 0.33337243 -0.10142469 -0.34453150 -0.05797815 -0.24105248 -0.23522204 -0.04072277 0.08175065 -0.03796599 0.30602004 -0.03637555 0.47887478 0.32307994 0.06820317
35 -0.15006144 0.12443135 0.03209799 0.11010400 -0.15441241 0.02889944 0.00923020 -0.21958409 0.02349118 0.56161717 0.32501607 -0.07893596 0.09762056 0.53887414 0.33475004 0.18989411
36 -0.53892894 0.19592125 -0.06146386 -0.19689477 -0.17277335 0.20907701 0.15456679 -0.09399791 0.26897095 -0.15389153 0.04518995 -0.19122660 -0.25058708 0.51732726 0.23815860 0.02358303
37 -0.38733035 -0.12068844 0.02206386 -0.20888112 0.10497595 0.60743673 0.09916641 -0.09754875 -0.00465173 0.15022762 -0.32683724 0.20129104 0.34815804 0.13499891 -0.18136224 0.22289159
38 -0.41218371 0.05777791 -0.05918036 -0.56639993 0.35092733 0.00701890 -0.14405133 -0.28823550 0.24356836 0.04452676 0.00485357 -0.08206800 0.14623595 0.31171488 0.25587548 -0.15275833
39 -0.13746379 0.37381786 0.08446234 -0.05846619 -0.51637642 0.03000365 0.22242522 -0.01026047 -0.20007320 -0.03691992 -0.22620338 0.30562375 -0.34674317 -0.27835579 0.35801795 0.04281135
40 -0.12831187 0.27350489 0.39688203 -0.28238274 0.27076491 0.25816790 -0.01583175 -0.35583261 0.10177282 -0.02665706 -0.34624762 -0.08213617 0.37760276 -0.22162614 0.12136444 -0.24598902
41 -0.46952264 0.15369420 -0.20247735 0.03710540 -0.29156771 -0.12564587 0.31709694 -0.34083910 0.20797267 0.19022917 0.19185551 -0.10366987 0.37265437 -0.19986357 0.29225984 0.06931116
42 -0.34225590 0.29808631 -0.11068543 0.15035209 -0.20796628 0.36791668 0.46648510 -0.04327582 0.17209968 -0.30263616 -0.09432127 0.00414104 0.30903217 0.26935958 -0.09425750 0.23236630
43 -0.05816429 -0.10805255 0.11620085 0.01403659 0.22539642 0.67071605 -0.04333852 -0.10321090 -0.33322622 0.43256528 -0.18679291 0.11988999 0.19497065 -0.06613748 0.18879638 0.18054969
44 -0.36163326 0.05111869 0.24350299 -0.13938067 0.09642830 0.34200516 0.02599917 -0.12662751 0.05886794 0.20141440 0.07605279 0.33816319 0.25865178 0.58223966 -0.19714245 -0.18965941
45 -0.16713824 0.04646300 0.13782058 0.10402457 0.34831358 0.44088110 0.42855526 -0.16753226 -0.38650206 0.12783058 0.13430532 0.06063528 0.21717633 -0.03388250 0.40960716 -0.09557482
46 -0.13228105 -0.29419171 0.19997595 -0.22652894 -0.13452979 0.17026362 -0.00841731 -0.37102237 -0.14491292 0.21998472 0.26350584 -0.39851426 0.15568274 0.20439497 0.35460197 0.36115350
47 -0.18885057 0.44254961 0.18692321 -0.00175587 0.11486241 0.23605188 -0.22381338 -0.14699430 -0.21107067 0.39013880 -0.06435414 -0.02068848 0.06585840 0.15786788 0.19622692 0.56906514
48 -0.51744399 0.29828699 -0.22575398 -0.03913457 -0.08188126 0.40639832 0.32923342 -0.02847519 0.03300404 0.35561833 0.19393805 -0.18294710 0.19500564 -0.16007459 -0.07882593 0.20300426
49 -0.29525432 0.08368261 0.19826305 -0.01094995 -0.23167386 0.06267234 -0.57352290 -0.20356440 0.10920046 -0.27072503 -0.27817287 -0.07018835 0.43795961 -0.03736186 0.26666815 -0.08115800
50 -0.22244620 0.23355503 -0.08105282 -0.07223582 0.41017770 0.02334343 -0.15114053 -0.57970311 0.25512301 0.12746811 -0.34142181 0.10269644 0.21564347 -0.31357643 0.05414413 -0.01664929
51 -0.49804057 0.34469322 -0.07982944 -0.11478426 -0.34300344 0.37318938 0.01649058 0.20687614 0.41673060 0.22805465 0.12296098 0.03389315 -0.07281613 0.04488966 0.17083088 -0.18751196
52 0.14890365 0.09477686 0.27261520 0.18944596 -0.22581358 0.35910096 0.05257901 -0.07738220 0.12160623 -0.32193657 -0.08818344 0.16040446 0.29301439 0.23081283 0.01663669 -0.61529869
53 -0.26480996 0.15684077 -0.07691577 0.35029072 -0.18158969 0.29982125 -0.05258401 -0.36953075 -0.11275699 0.09569102 -0.02016870 -0.27568034 -0.01476456 0.38030451 0.13028655 0.50435102
54 -0.51296648 0.32518600 0.22247560 -0.12780493 0.04129882 -0.05659328 -0.21801770 -0.29483984 -0.06169308 -0.13169775 -0.34366944 -0.08874700 0.19392005 0.09185230 0.43984606 -0.19818650
55 -0.45734038 0.17081871 -0.33895726 0.06465484 -0.09236890 0.17049897 -0.15901984 -0.14758371 0.20182008 0.64407432 -0.17438025 -0.05631916 0.13050239 0.15898686 -0.00785882 0.16249753
56 -0.16987343 0.22181640 -0.16716963 0.50804860 0.24015579 0.11345673 0.14915857 -0.58338689 -0.12459798 0.15732999 -0.23970843 0.22477838 0.16607582 -0.07155998 0.07134540 -0.12919230
57 -0.53454521 0.13066740 -0.23617148 -0.21066540 -0.11089261 0.42477454 0.03796695 0.21936325 0.00321799 0.01979432 -0.41761414 0.14309189 0.01787610 0.04584142 -0.18425093 -0.35084160
58 -0.19722861 -0.03625774 0.21365636 -0.01598157 -0.19700892 -0.22595794 0.40293845 -0.49532055 -0.17517710 0.43593846 0.00924420 -0.04585587 0.31754264 0.16386563 0.24649489 -0.07034110
59 -0.06774572 -0.22352007 0.06519327 0.03507338 -0.10777741 0.26149198 -0.06161344 -0.27150211 0.14732043 0.58587343 -0.40591488 -0.04148056 0.00882051 0.14871063 0.20462165 -0.43239353
60 -0.33750527 0.07603079 0.44033660 0.23170207 -0.36468607 0.18219314 -0.15672346 -0.22270386 -0.10596290 0.13838010 -0.08000706 0.12483714 0.29480930 0.16569221 -0.05322101 -0.47203419
61 -0.05048966 0.42555633 0.22458577 0.13225537 -0.50154711 0.15341553 -0.17273730 -0.02140315 0.09681906 0.36656203 0.42221744 0.11309571 -0.01090364 0.24626407 0.08781254 0.19941029
62 -0.44465276 0.30705737 -0.03173499 -0.03364393 -0.10885697 0.14984560 0.41102428 -0.07714638 -0.17342879 -0.01759825 -0.27368934 0.41653311 -0.26401475 -0.11291019 0.12592318 -0.34577815
63 -0.26767402 0.26996632 -0.20250996 -0.10922337 0.32727724 0.02132822 0.28361378 -0.21447333 -0.11032072 0.19125124 -0.17894888 0.28814792 -0.12523354 -0.15076245 0.51340463 -0.32051708
64 -0.07515573 0.38232381 0.19962772 0.07112307 0.14469518 -0.11968416 0.40961396 -0.28164216 -0.38776901 0.09695262 -0.22072205 -0.13447673 0.04115762 0.22654949 0.14323451 -0.46989566
65 -0.18923628 -0.08755094 0.12768243 -0.18331899 0.00010446 -0.09026798 -0.20945588 -0.12313371 0.24712086 0.07195619 0.29875597 0.47297507 0.32348995 0.58500086 0.07313929 0.08947484
66 -0.48656241 0.09750951 -0.17175231 0.05376404 0.13643512 -0.06521975 -0.25082833 -0.10745158 -0.31465706 0.01009709 0.00092620 -0.35360005 0.45056498 0.26671849 0.23991001 -0.26111568
67 -0.33218805 0.01002183 -0.08022099 0.44025579 -0.26364184 0.21160280 0.09083373 -0.38286488 -0.25271623 0.31693289 -0.36354402 -0.01706914 0.29224386 0.07717110 0.00977584 0.17873464
68 -0.37409351 0.21631842 -0.01825968 0.04877775 0.11249963 0.06855922 0.09218496 -0.23564226 -0.05889235 0.58057825 0.15289783 -0.21185800 0.51588822 0.16523561 -0.00088408 0.16407504
69 -0.31375784 0.05931648 -0.03855250 0.04239419 -0.13307582 0.22851016 -0.03536470 -0.28962422 0.03796611 0.45226507 0.16957868 -0.25309651 -0.27979437 0.41508245 0.31742030 0.29926780
70 -0.24380919 0.25560267 0.08787960 0.13080654 -0.03680614 -0.09960945 -0.21347673 -0.27062900 -0.46141995 0.03520501 -0.51700962 -0.08226763 0.21771949 0.36677159 -0.20785790 -0.08342262
71 -0.27001367 0.14102588 0.11923328 -0.25293416 -0.45796000 -0.09804990 0.23126394 -0.07923753 -0.14497006 0.21353663 0.09880471 -0.17001687 0.11852605 -0.48178352 0.43808976 -0.08087386
72 -0.32717707 0.17209040 -0.13028821 0.13133679 -0.00953150 -0.07424592 0.08125409 -0.05068567 -0.28343725 0.29855531 -0.39788728 -0.02092219 0.09801909 0.37809991 0.03314755 -0.57658573
73 -0.47924151 0.44260679 0.17124128 -0.44275268 0.00247243 0.05025867 0.28034307 -0.05156830 0.23662803 0.19443751 -0.23078395 -0.05566672 0.21680785 -0.04567630 0.04747508 -0.25255709
74 -0.10281898 0.37684141 0.05440544 -0.15710811 -0.12031398 -0.01568106 0.17421833 0.08010001 -0.06906485 0.38403048 0.09637226 -0.32203661 0.44794369 -0.09730670 0.06179958 -0.53768079
75 0.02103658 -0.10847691 -0.04678147 -0.01252733 -0.11910854 -0.13687521 -0.35058414 -0.18395646 0.38415001 -0.01744796 0.01169687 0.19990155 0.72292041 -0.00634292 0.25904277 -0.13432600
76 -0.25341225 0.12217586 0.39119250 -0.28472619 -0.08548318 0.20775209 -0.26479125 -0.19649229 -0.19066632 -0.17413629 -0.41223040 0.11080216 0.45872239 -0.15543113 -0.03238712 0.20746247
77 -0.34854185 0.26704083 0.22729655 -0.10381482 0.12055153 -0.01268898 -0.45521787 -0.39044006 0.03201734 -0.02617192 -0.29002057 0.09290142 0.16600467 0.21037461 0.41530518 0.17793257
78 -0.20769762 0.11579322 0.20472732 0.15525058 -0.00111607 0.52571858 0.17340848 -0.08187269 -0.15453750 0.45032320 0.29393164 0.29698662 -0.13390163 0.36475869 0.10747247 0.02200306
79 -0.11214612 0.25912392 0.18351989 -0.36501993 -0.29330135 -0.04437981 0.28337367 -0.02414484 -0.01818735 0.25072526 0.04545755 -0.43243984 0.34361042 -0.35101827 0.05556977 -0.29638758
80 -0.46728389 -0.21531322 -0.10672856 -0.10305046 -0.29505834 -0.18428488 0.00833503 -0.32461274 -0.09285529 0.31882368 -0.33796919 0.39418238 0.15945951 0.22950270 0.14385638 0.09025129
81 -0.20482465 -0.15890603 0.25887973 0.14709421 -0.26371829 0.18604355 0.15829519 -0.42542289 0.09212985 0.51134680 0.04187865 -0.02612888 0.20465400 0.07332245 0.12378172 -0.44604644
82 -0.43587411 0.04981918 -0.15996523 -0.19983415 -0.07657503 -0.30886238 -0.17506926 -0.39332853 0.17924110 -0.04951386 -0.19687897 0.46375754 0.32474836 -0.24077262 -0.03830964 -0.04561799
83 -0.21897444 0.57793754 0.13637012 0.23213842 -0.17354997 0.18017855 -0.41102031 -0.23261758 0.33386052 0.13809920 -0.12110828 -0.03259039 0.07374361 -0.14399826 0.18765887 -0.22862143
84 -0.11106221 0.25873714 0.17179747 -0.05566551 -0.12509103 0.09112819 -0.29389435 -0.27753746 0.07513469 0.55716994 -0.17191197 -0.22253069 -0.31428126 -0.02882298 0.44009932 -0.11093304
85 -0.12044237 -0.21193851 0.08281297 0.07750813 -0.43306254 -0.13811958 0.30661601 -0.33449379 -0.36662604 0.27499502 -0.36821590 0.13500738 0.16081273 0.19387391 0.13843509 0.26216712
86 -0.38232152 0.33995397 -0.30805994 -0.22666139 -0.00635351 0.08050883 -0.44824812 0.24320211 0.20898960 0.40686070 0.29437173 0.13974421 0.01253798 -0.03489493 0.01887884 -0.09090026
87 -0.09896784 -0.02777899 0.25736022 0.08786195 -0.12326032 0.33262708 -0.28489626 -0.22407588 0.15037239 0.41978784 -0.23465030 0.19323135 0.33110529 -0.16182913 0.42062662 -0.23300428
88 -0.57742499 0.23565872 0.00731368 0.03458843 -0.08990329 0.22899348 -0.12339582 -0.14523729 0.18361467 -0.42446042 -0.19999777 0.06951099 0.36032005 -0.05855386 0.22572160 -0.26463800
89 -0.38061468 0.28739968 -0.11087056 -0.07248443 -0.35818583 -0.04888782 0.29702438 0.07655138 0.06878204 -0.00767176 0.35367799 -0.39112637 0.24957834 0.35392637 -0.19958827 -0.14131674
90 0.08686202 0.03676886 -0.36444314 0.03786349 0.27774769 0.08113422 0.31053748 -0.05957081 0.16294250 -0.09312461 -0.25697894 -0.31639662 0.26162865 0.42513327 0.46707545 -0.06653632
91 -0.41186550 -0.17743892 -0.08584118 -0.11331690 0.00632857 0.36284008 0.26786368 -0.50330021 0.29836026 0.22180691 0.11061754 0.02248241 -0.11776613 -0.04951370 -0.16108303 -0.35873489
92 -0.45351979 0.27644256 -0.11284121 -0.60745363 0.03010865 -0.04089038 0.21730298 -0.11383631 0.31125059 0.08818046 -0.19731075 0.14845205 0.08439868 0.22268520 -0.12117110 -0.19076655
93 -0.39794346 -0.06814029 -0.23602234 -0.01733147 0.01027860 0.18248500 -0.14609824 -0.22209321 -0.26079782 0.47470186 -0.44108156 0.02165247 0.26439969 0.09216146 -0.29592566 0.15020791
94 -0.25800129 -0.06387292 0.07433743 -0.11602418 -0.03205151 0.00238107 -0.07767088 -0.55359943 0.33482553 0.41251616 0.30699488 -0.10039909 0.22575878 0.34295733 -0.18067057 -0.09485613
95 -0.03660907 -0.25234944 0.02261360 0.14625869 -0.21752167 0.47674432 0.19322339 -0.02471172 -0.26611746 0.44382324 -0.35284292 0.20717263 0.21507334 0.19049330 0.20338495 0.20347950
96 -0.47404610 -0.29677230 -0.06031019 -0.01839278 0.22909117 0.30492303 -0.12136909 -0.16494017 -0.26621598 -0.30473331 0.22715042 -0.00645172 0.33302094 0.06397406 0.33767554 -0.22680757
97 -0.28921532 0.12470904 -0.31640712 0.40280858 0.03912837 -0.15557909 0.00518800 -0.58038889 0.00761488 0.07926177 -0.05168102 -0.06445828 0.14063947 -0.24882349 0.42538241 -0.00329777
98 -0.31835182 -0.00942308 -0.24226132 -0.05532647 0.24624038 0.34419423 0.18896177 -0.25346640 0.13924242 -0.35102892 -0.19287986 -0.11354971 0.06696776 0.10503108 0.57027532 -0.15594846
99 -0.22140502 0.12597759 0.33228660 -0.21921680 -0.01065693 0.10989229 0.07212348 -0.24474675 -0.11664939 0.38868458 0.02936932 -0.20544637 0.61187001 -0.22178468 0.11970608 -0.23171096
100 0.54846013 0.27083843 -0.03925277 -0.36908766 0.14946037 -0.05482304 -0.22370726 0.10427548 -0.03802549 0.34979549 -0.32809788 -0.14427369 -0.01203634 0.22622730 -0.31308253 0.01410693
101 0.34060209 0.12032048 -0.27981072 -0.09066437 -0.37113284 -0.22574044 0.05114787 -0.08891237 -0.36507517 -0.13976573 0.16169594 0.02146817 -0.41039820 -0.45571188 -0.07327698 -0.15129102
102 0.34813571 -0.04749909 0.00149898 -0.22271507 -0.06161330 0.28730682 0.02338901 -0.25024123 0.15255916 -0.05898406 0.44664613 0.38191882 -0.20495027 0.08220513 -0.49797201 0.09265746
103 0.31153789 0.04752361 -0.26286271 0.15817609 -0.12537445 0.33938411 0.42015084 -0.05114569 -0.19964102 -0.47516428 0.29348430 0.12984489 0.16055098 -0.14644384 -0.14227309 0.24582886
104 0.27130421 -0.14980744 -0.09758610 -0.27308616 -0.16239288 0.23532765 -0.22192852 0.02494814 -0.23412222 -0.36696653 0.02081558 -0.37911886 0.04450847 0.11019604 -0.53545428 -0.23184030
105 0.34891408 0.08502245 -0.60213549 0.31343825 -0.24079465 -0.03576419 0.40010439 0.14215214 -0.10887100 -0.16659453 0.24009718 0.07758409 0.05753008 0.19293625 -0.13782645 -0.08868344
106 0.54175119 -0.16706362 -0.14899949 -0.35527414 -0.06783662 0.08488237 0.21708761 0.16167077 -0.40636442 -0.18157013 0.01387834 0.31990814 0.18097445 -0.27322699 0.17204239 0.08640966
107 0.11111370 -0.32856574 -0.27214052 0.14845133 -0.31501882 0.27630143 -0.28129733 -0.16180911 0.34517143 0.25465336 0.37421926 0.03764202 0.10700742 -0.19340327 0.08472344 -0.34817846
108 0.51919861 0.08062227 0.06493377 -0.26926700 0.34994520 0.13912974 -0.13225019 -0.23980786 0.29211293 -0.34693313 -0.02138428 -0.16393513 -0.09752977 0.42910168 0.05796940 -0.01922902
109 0.59517262 -0.00145660 0.04685551 -0.41611022 -0.30699172 -0.01771225 -0.02657701 0.09474307 0.41460999 -0.22708184 -0.00760248 0.16081978 0.20213660 0.10231873 0.15591325 0.20287525
110 0.38285310 -0.22018568 -0.22944756 -0.13871660 -0.39941421 -0.35547944 0.22430947 -0.08627205 -0.37093598 -0.21351412 -0.08749779 0.01933897 -0.20113708 0.27693882 0.22420467 0.17540732
111 0.20638801 -0.07964977 -0.23590817 -0.18649711 -0.01307637 0.53797139 0.01893625 0.05913877 -0.46873103 -0.21478493 0.09898275 -0.27746231 -0.34939427 -0.09053378 -0.24198783 -0.16040820
112 0.80407104 0.08360479 -0.06482880 0.00730829 -0.16205071 -0.08826614 -0.03426730 -0.06785306 -0.11316152 -0.27994616 0.18066877 0.26767533 0.13905612 -0.28882290 0.05869106 0.02697426
113 0.40024244 0.33088486 -0.19011627 0.28166468 -0.30568685 0.19341636 -0.24264961 0.37017310 0.00711086 -0.27116721 0.19875260 0.23436149 -0.14187370 0.17026586 0.25908728 -0.06185273
114 0.37059117 0.16000564 -0.34343668 -0.04364986 0.12719284 0.02126997 -0.02239564 -0.38184505 0.14637735 -0.38726234 0.46787719 0.01030279 -0.08159923 -0.17556184 -0.28638343 0.21061611
115 0.33096329 0.08476707 -0.03211201 -0.12709323 0.05701549 0.12479919 0.42040523 -0.08500366 -0.48237115 -0.17487163 0.18373566 -0.01281479 -0.22574054 -0.10350785 -0.39612385 -0.38409686
116 0.07860173 -0.03738449 -0.38858336 -0.19375644 -0.05972742 0.39632398 -0.24160838 0.33176598 -0.32934774 -0.12653747 -0.26440298 0.42265752 -0.12888414 0.00240725 -0.20551211 0.20717172
117 0.08731951 -0.00117293 -0.74110171 -0.04654573 -0.01327089 -0.23516976 -0.13216678 0.18584588 -0.21077814 -0.19018712 0.38547923 0.13298381 0.23909887 -0.09762338 -0.08759096 0.11063333
118 0.03186733 0.14093338 -0.39209288 -0.50578453 0.06948869 -0.08572647 -0.19213113 0.24472459 -0.21896084 -0.40014071 0.14211474 0.13771095 -0.25502214 0.31793911 -0.08145250 0.20152376
119 0.45450716 -0.39114798 -0.28402046 -0.17018846 -0.20935852 -0.04303122 0.05885298 -0.21206427 -0.07754202 -0.22648998 -0.08336307 0.38035991 -0.20909014 0.05776246 -0.26340653 -0.33362469
120 -0.21786146 -0.03736707 -0.32119033 -0.17977267 0.09479349 0.75765262 0.09947902 0.03307897 0.05622601 -0.02765110 -0.17246497 -0.00283124 -0.01478219 -0.34675373 -0.25856086 -0.02562326
121 0.18517212 -0.09406421 -0.42825176 -0.22547084 -0.22379944 -0.19568366 0.32238560 0.04654655 -0.19784140 -0.33474597 0.42787290 -0.17041732 0.11204540 0.12137396 0.14419913 0.34169670
122 0.15168978 -0.21730275 -0.12166014 0.16250778 -0.20235202 0.12724816 -0.32330631 -0.31411535 -0.18801290 -0.23973917 0.44464805 -0.15409584 -0.30841637 0.35816693 0.16449426 0.25195674
123 0.44092222 0.14478796 -0.05933291 -0.09153378 0.14843649 0.17752362 -0.02689123 -0.33404395 -0.25755817 -0.06752024 0.00165632 0.17415203 -0.49166091 0.04687773 -0.49166095 0.14136251
124 0.25550274 0.57364174 0.02430444 -0.31131540 0.14465841 -0.08306111 -0.25745432 0.15054004 -0.15524720 -0.15609919 0.30360804 -0.27390308 -0.27047670 0.01859578 -0.13102508 -0.29160740
125 0.18542141 0.24646047 -0.09348381 -0.34661802 -0.21702947 -0.14702299 0.12036814 0.41116533 0.07340655 -0.16964088 0.27289021 0.30257532 0.10649936 0.30617152 0.40732442 0.22922951
126 0.44030723 0.01428227 -0.11698400 0.12376394 0.06889243 0.18168637 0.09613984 0.07448257 -0.39698055 -0.01607952 0.33568374 0.47700556 -0.23543496 0.25221416 -0.29355853 -0.14521697
127 -0.08190501 0.24039574 -0.19709313 -0.51898811 -0.24620667 -0.30293657 -0.37014584 0.17956837 -0.29490027 0.21967002 0.23588466 -0.18066531 -0.14726037 -0.24077127 -0.02135853 -0.04528614
128 0.35729003 0.66677564 0.03358479 0.26454648 0.04217846 0.02258394 -0.24641096 0.04369283 -0.17205862 -0.26139934 0.10020424 0.14161415 -0.00134877 -0.05675926 0.12804028 -0.37957586
129 0.32545934 -0.15351687 -0.21063325 0.07820983 -0.36947559 0.58607554 0.10785560 0.25161337 -0.32716558 -0.00212112 0.01016422 0.04933188 -0.17886897 -0.02401843 0.23118973 0.26360639
130 0.45567955 -0.12194266 -0.38552404 -0.04208289 0.23727522 0.43428154 -0.20546431 -0.14181721 0.27443969 -0.27374354 0.24938190 0.25059396 0.07547812 -0.07102072 -0.17296730 0.06291887
131 0.21948801 -0.15372545 -0.40846226 -0.00716791 -0.16356087 -0.04287207 -0.11591077 -0.18385880 -0.54711402 -0.27191868 0.09730465 0.07295115 -0.15199088 -0.46880420 -0.23349888 0.00269224
132 0.31389104 0.12491705 -0.51091922 0.11517333 0.07685471 0.27839149 -0.11144853 -0.03682835 0.09214591 -0.37010914 0.48321286 0.21070420 0.15051305 -0.20125239 -0.02110945 0.16557280
133 0.44206875 0.06544965 0.29248568 -0.38776168 -0.38813553 0.01769673 -0.08819393 -0.10359626 -0.08580770 -0.05979840 -0.01638300 -0.40703930 0.28638083 -0.09361215 -0.35660125 0.00905420
134 0.28876952 -0.05045913 -0.41865988 0.33015268 -0.22821346 -0.16350108 0.07559175 -0.29771845 -0.42118791 -0.29826058 0.17609308 0.20171293 -0.29951153 -0.13743102 0.06984298 0.07139181
135 0.54363749 -0.07962516 0.20065286 -0.12242484 -0.43509690 -0.00277882 -0.19491289 -0.10272781 -0.02238515 -0.23929043 0.36468137 0.26589070 -0.04159971 0.06189301 0.25861913 0.26666668
136 0.29947227 0.37137889 -0.16476680 0.05770425 -0.23012602 0.38079892 0.08094745 0.01798957 0.43579837 -0.26486866 -0.21359523 0.17368424 0.02853850 0.23815284 -0.37196256 0.07295305
137 0.04215413 0.26437333 -0.28983615 -0.41576541 0.07043554 0.13037252 -0.16095894 0.03613529 0.15297331 -0.49705227 0.07105786 -0.28016149 -0.41150050 0.29556194 0.10713195 0.01113315
138 0.50031302 0.02785172 -0.28007948 -0.04528692 -0.46118087 -0.19413630 -0.33407174 0.03373601 -0.20501165 -0.39350822 -0.26541520 -0.05156639 -0.10649879 -0.14629854 -0.00851811 0.04996378
139 0.21444852 -0.17967453 -0.30103367 -0.40429639 -0.00429133 0.18508916 -0.40517469 0.15918057 -0.49271660 0.28190210 -0.16665168 0.04114169 -0.06636113 -0.07729396 -0.14493117 0.24654328
140 0.25982804 -0.02712472 -0.10962065 -0.42117429 -0.34564587 -0.14859256 -0.13375364 -0.02884115 -0.20089940 -0.18496529 0.46183835 -0.34089099 -0.38251280 -0.13388969 0.09883132 -0.06318487
141 0.28961864 0.30592546 -0.03160450 -0.65944399 0.15039192 -0.23435670 0.15970946 0.13910480 -0.23785910 -0.09181379 -0.07962981 0.05600250 -0.14899802 0.22066264 -0.27330147 -0.21023169
142 0.23003025 0.19163376 0.26110781 -0.16148125 -0.46834349 0.11287507 -0.14362465 -0.28742628 0.11067780 -0.02014130 0.35051393 0.14317588 -0.11243453 -0.16593613 -0.37656627 0.37787262
143 0.34500789 -0.15209468 -0.29032269 -0.26953742 -0.20060482 -0.22619275 -0.53161883 0.03755057 -0.43024377 -0.31178829 -0.06400322 0.03426990 -0.15469026 -0.03194816 0.05585748 0.09900858
144 0.66914782 -0.09874229 0.01144104 -0.24526220 -0.01373479 -0.25727917 -0.05998228 0.02806629 -0.45226522 -0.14718555 0.26002262 0.27493830 -0.02517093 0.02964957 0.19655772 0.04338264
145 0.28072374 -0.05444968 0.00614265 -0.40831657 0.03590935 -0.02768638 -0.14847281 -0.06440009 -0.03813519 -0.47856445 -0.10730248 0.18944387 -0.17275713 0.45266027 -0.35607196 -0.28949454
146 0.30547555 0.37364910 -0.14881879 -0.16289488 0.16752897 0.01064417 -0.08013133 0.19889948 -0.29127620 -0.13694311 0.32646546 0.16959664 0.16402981 0.19086675 0.24452219 0.53119020
147 0.31968624 -0.24858114 0.03943064 -0.40070385 -0.37163007 0.32114650 -0.07651676 -0.02365494 -0.06671413 -0.02568804 0.00428760 -0.37387667 -0.00672264 -0.01945968 0.09136979 0.52205968
148 0.80688538 -0.19187919 -0.10757023 0.01198157 -0.30750310 -0.10689530 -0.04259255 0.02343504 -0.13228995 -0.26329996 -0.16974695 0.15305732 0.17438506 -0.03097893 -0.01759785 -0.14597173
149 0.45450234 -0.34979352 0.12018568 -0.24615196 -0.34423976 -0.19769053 -0.12806651 -0.07983168 -0.33505273 -0.38948755 0.20047861 0.08645700 0.02669489 0.18951183 0.24709169 0.07981867
150 0.41324876 -0.03809717 -0.54699667 0.00594829 -0.39501826 0.00453141 0.41145007 0.17242179 -0.07944339 -0.09549264 0.10318512 0.13952737 -0.31566494 -0.00857484 0.04989047 0.16031478
151 0.34482627 0.30430479 -0.18545289 -0.13872279 -0.38854712 0.10391302 0.13843847 -0.14374678 0.36934616 -0.08227740 -0.22221571 0.16536169 -0.41644350 0.15705341 -0.30272363 0.15368310
152 0.39374842 0.11178960 -0.21536970 -0.45895465 0.02095096 -0.07369830 0.39543290 0.20086238 -0.32543899 0.05460756 0.09814344 0.08103875 -0.10368165 -0.38005099 0.10080763 -0.28708150
153 0.36080954 -0.18408985 -0.12701096 -0.32484783 -0.09105333 0.15562811 -0.00059754 -0.21578809 -0.06544521 -0.29176205 0.33517439 -0.49982651 -0.19011029 0.13948084 0.18052464 0.30891954
154 0.04517325 0.20521561 0.18978258 -0.49991975 -0.01252309 -0.06814888 -0.15488325 0.00135063 -0.39964849 -0.09121460 -0.16477555 0.21787882 0.48715734 -0.28009929 -0.12019041 0.26121295
155 0.21508407 -0.14727724 -0.44369542 -0.23966076 -0.06883916 -0.09239509 -0.26468502 0.28443571 -0.33392260 -0.14727800 -0.13257178 0.52550373 0.26060847 -0.04636784 -0.12577325 -0.02641243
156 0.32749315 0.14626012 -0.08286250 -0.62035590 -0.09472195 0.06047232 0.07801326 0.26274598 -0.13746718 -0.10462235 0.44042482 -0.04071093 -0.25677605 -0.22641279 0.11847089 -0.18759372
157 0.33872256 -0.34604231 -0.27164846 0.01070688 -0.28598261 0.03775143 -0.23654315 -0.20777736 0.32227377 -0.02943049 0.29219618 -0.03063290 0.19800700 -0.15481867 -0.31497375 -0.39478010
158 0.20377914 -0.17786452 -0.39368550 0.03261866 -0.09391249 0.32849656 -0.46228635 0.09852319 0.32831424 0.05345375 0.49270202 0.22352792 -0.03586159 0.12570090 -0.04466336 -0.09050890
159 0.38096398 0.04556030 -0.11974447 -0.64193937 -0.03615368 -0.23636593 0.14040260 0.04003777 -0.11171534 -0.27498798 0.00832818 0.36229923 -0.07419431 -0.05468005 0.06276560 0.34060378
160 -0.19205202 0.11827307 -0.23406628 -0.20608831 -0.31536583 -0.36403335 -0.43168944 -0.33075587 -0.10461723 -0.12960795 0.20682894 0.13859259 -0.18366331 -0.34473327 -0.28529755 0.02097502
161 0.36258479 0.01487622 -0.20041769 -0.51592451 -0.34240827 0.12526981 0.11548650 0.38788533 0.19094671 -0.05047034 0.20078881 0.28719385 -0.17782370 -0.10215632 0.24588740 -0.03025483
162 0.42570819 -0.08378981 -0.10921960 -0.27540037 -0.08451988 -0.00190506 -0.11381026 -0.17939971 -0.27038373 0.12424738 -0.09919434 -0.29047646 -0.66392930 -0.02702647 0.21473387 -0.03590555
163 0.63793895 0.27959154 0.22944237 -0.35978010 0.29120760 0.03279392 -0.32733763 -0.12616153 0.06457218 0.14927261 -0.04135550 -0.19604829 0.09812384 0.20621313 -0.07001333 -0.01348652
164 0.36416527 0.20247475 -0.06900634 0.18398920 0.33891288 0.18704273 -0.14899354 -0.55661999 0.16412947 -0.25449112 0.01282362 0.30100845 0.07904270 -0.24591114 -0.22829504 0.06773859
165 -0.06360806 0.12481125 -0.13745352 -0.24297271 -0.23201405 -0.05967981 -0.35539800 -0.07002267 -0.28990608 -0.39960308 0.33735163 -0.37623551 -0.23193217 -0.00362797 -0.31110149 -0.25331123
166 0.76503734 0.17769058 -0.07484291 0.01624122 -0.36743803 -0.00673715 -0.07168192 0.02753043 0.19331242 -0.15853140 -0.10900867 -0.13082345 0.11323000 0.07676574 -0.35471989 -0.01692894
167 0.28296888 0.05684292 -0.42789192 -0.12038575 0.03818903 0.43950082 0.41060532 -0.20426543 0.03976475 -0.12940474 0.06353402 0.10531757 -0.23419246 -0.26654201 -0.22951397 0.31960946
168 0.40031846 -0.36875753 -0.12087965 -0.20062941 -0.20100961 -0.08705196 -0.05142227 -0.34505505 -0.32876997 -0.23939199 -0.18371259 0.05847370 -0.48304001 0.20035228 -0.00138285 -0.05630734
169 0.27546959 -0.28483195 -0.27173547 -0.50050202 -0.16872743 0.18779682 0.17838528 -0.04497865 0.14667057 -0.05054265 0.25583184 0.14153154 -0.12053426 -0.39372191 -0.32249732 -0.19484853
170 0.51664706 0.09282228 -0.05059543 -0.07783460 -0.18813246 -0.07157095 0.18839677 -0.04031669 -0.33879511 -0.19865358 -0.13742779 -0.10962019 -0.38174393 0.14262819 0.53395854 -0.04330587
171 0.44891140 -0.07761434 -0.15729112 -0.32252464 -0.09305694 0.19028009 -0.25949988 -0.00790709 -0.13508805 0.05919442 -0.03522069 -0.57991952 -0.22328998 0.08704180 -0.36699863 0.00072456
172 0.32277556 0.26455144 -0.05940637 -0.14468657 0.04352123 0.21325686 0.22236368 -0.36225203 0.10358510 -0.34257180 0.23396415 0.22803666 -0.05882391 -0.24974497 -0.22970635 0.46893215
173 0.36644110 0.06215009 -0.12777903 -0.07341206 0.13356031 0.10303293 -0.10962363 -0.05258501 0.16659998 -0.27115758 0.36886271 0.45003920 -0.06681751 0.49389042 -0.32739527 -0.03805064
174 0.47843192 0.51489891 0.18342406 -0.21167381 0.24104769 0.08076239 -0.21340540 -0.11631103 -0.20840782 0.26620348 -0.08962759 -0.18965611 -0.16198231 0.17083116 -0.20470486 0.21956515
175 0.44344928 -0.00878846 -0.36291034 -0.08512251 -0.21543853 -0.21511320 -0.26154994 -0.25390278 -0.01329830 -0.18302222 0.20655426 0.10276997 -0.15660171 -0.52105648 -0.22214986 -0.08055109
176 0.58719255 -0.02234173 -0.07655267 0.20388862 -0.05363471 0.08138797 -0.04103759 -0.06451531 -0.14786222 -0.39483065 0.00215272 0.53556159 -0.09529225 -0.02809125 -0.00202019 -0.34273713
177 0.24671390 0.03575577 -0.18368849 -0.14081201 -0.10424610 -0.31369181 -0.18927514 -0.41292341 -0.25599195 0.14818209 0.14969346 0.23768480 -0.59331941 -0.21738007 0.00549457 0.05458441
178 0.05716214 -0.02447182 -0.29784768 -0.03734957 -0.23267005 0.10463330 -0.50895441 -0.11126383 -0.05140998 -0.56590194 -0.26545809 -0.14001381 -0.33726051 -0.07844178 0.03767897 -0.18775079
179 0.63343200 0.15702295 -0.07096741 -0.05683144 0.29323481 -0.06477038 0.06545514 -0.05970694 -0.25659892 -0.11049544 0.37423668 0.21890954 -0.06259928 0.43872280 0.03756104 -0.06305904
180 0.36796244 -0.29663815 -0.53906356 -0.22580415 0.00791256 0.33342710 0.26531467 -0.20813536 0.28117117 -0.07726938 0.15479812 -0.08492448 -0.16587132 -0.15679032 -0.20439797 0.00255773
181 0.41301867 -0.15173181 -0.53115626 -0.35606223 -0.04011204 0.19161668 -0.29377324 0.44458208 -0.10029520 0.06415438 0.10156378 0.08163164 0.11286096 -0.15981625 -0.06195594 -0.04396230
182 0.63199260 0.21016584 0.09777675 -0.14704271 0.09062794 -0.10401143 0.15085980 -0.16051118 -0.19320021 -0.14960187 -0.03257758 -0.39224378 -0.18301162 0.30591111 0.21136131 -0.26703467
183 0.55564907 -0.02062235 -0.46172231 0.01331910 -0.09060937 -0.12092828 0.42257964 -0.06807829 0.01306288 -0.15768272 -0.11263255 -0.34758846 -0.00690762 0.31672117 0.10628937 -0.03501810
184 0.62022107 0.57191082 0.08040377 0.16987257 -0.09030690 0.06796390 -0.42482159 0.03911579 0.10581258 -0.10022335 0.11030606 0.05088586 0.00880763 -0.12772687 0.07118757 0.02621654
185 0.12843699 0.08161482 -0.09188599 -0.14021372 0.01380254 0.17809737 -0.22438069 -0.03570160 -0.52017739 -0.32212654 0.31915326 -0.23295700 -0.31176812 0.25970771 -0.39647591 -0.11353926
186 0.22765770 0.07135025 -0.34705004 0.11122924 -0.00869286 0.62663225 -0.39922389 0.12607426 0.15105930 -0.03713066 -0.33516201 0.27395666 -0.07757134 -0.15595818 -0.01687832 0.00623625
187 0.14296143 -0.13262399 0.32308698 -0.25186793 -0.18029575 0.04616893 -0.10628114 -0.13500487 -0.37541218 -0.38995708 -0.10015623 -0.17533677 0.09443859 0.42522801 -0.41222288 -0.19118013
188 0.35655904 -0.07205446 -0.34292292 -0.32391642 0.03135067 0.20887864 0.15356480 -0.11708761 -0.03682532 -0.26890632 0.25921339 -0.50490869 -0.33760601 0.05188463 -0.13075238 0.18355907
189 0.10897174 -0.13572454 -0.19341521 -0.00677667 -0.42067628 -0.34747610 0.04680579 -0.50198998 -0.31692237 -0.25353524 -0.04985068 0.16803346 -0.35895748 -0.11670398 -0.19817446 0.05632141
190 0.20614094 0.02070962 -0.20580044 -0.25795043 -0.32493583 -0.02066328 0.04831528 -0.21273677 0.12286480 -0.22762965 0.41561632 -0.30454999 -0.38018381 0.05446105 -0.46298680 0.01794581
191 0.10933659 -0.23125872 -0.42128703 -0.23447026 0.15532337 0.14105417 -0.17520360 0.13545047 -0.46299165 -0.23846269 0.15709530 0.40886712 0.24852807 -0.20353795 -0.13868231 0.15341911
192 0.55938251 -0.24729669 -0.32873148 -0.15856159 -0.28340950 0.13026128 -0.16912678 0.11998406 -0.00501770 -0.36908855 0.00429363 0.12068723 0.30878483 -0.04071587 -0.31568649 -0.07029377
193 0.49703753 0.08194981 -0.10222079 0.24493831 -0.16883751 0.31859930 -0.39082062 0.08032775 0.01943173 -0.26446716 0.21734171 0.23102765 -0.17176853 -0.10509748 0.39184237 0.14685747
194 0.45992748 0.08647229 -0.06939513 -0.02662309 -0.26442733 0.26371634 0.06865251 0.10047070 -0.18718835 -0.13592351 -0.05064538 0.19752164 -0.46512728 -0.16197713 0.52975807 -0.05358270
195 0.32978291 0.13273163 -0.08776387 -0.14238731 -0.56870939 0.14132917 -0.21530905 -0.03470666 0.00013755 -0.21899950 -0.33886953 -0.09996427 -0.22849531 -0.02323280 -0.25906397 0.40253178
196 0.51004019 0.22302744 -0.09835776 0.39965833 -0.34005721 0.12647890 0.07766473 0.20331361 -0.03476457 -0.17752120 0.12624878 0.16000372 0.09550177 0.31994716 -0.13594308 -0.37078714
197 0.48542647 -0.31630620 -0.60212354 0.11323251 -0.18144104 -0.04677628 0.25775057 -0.10470717 0.19747779 0.08457843 -0.17239925 -0.02927997 -0.03357459 0.10922963 -0.20143046 -0.21463214
198 0.00325043 0.15860363 -0.24681961 -0.47678460 -0.27313601 -0.39773715 0.08668626 0.41968368 -0.36768098 -0.03944609 0.03782440 0.06251329 0.06082225 0.33801542 -0.04692490 -0.08890567
199 0.15721070 0.38840631 -0.40097801 0.04460322 -0.46957299 -0.11413448 0.18998292 0.24386698 -0.03816415 -0.13988867 0.12745868 0.26010887 -0.41659978 0.09878405 0.11831562 0.17413356
