0 -2.043051e-01 1.364673e-01 1.005711e-01 5.935384e-01 3.709841e-01 -4.368169e-01 3.109408e-01 -2.599539e-01 8.913545e-01 1.569899e-01 -9.779038e-01 8.615123e-01 -6.251616e-01 7.349474e-01 9.782382e-01 -5.988548e-01
90 -2.043061e-01 1.364675e-01 1.005709e-01 5.935384e-01 3.709841e-01 -4.368158e-01 3.109411e-01 -2.599537e-01 8.913543e-01 1.569901e-01 -9.779031e-01 8.615123e-01 -6.251605e-01 7.349471e-01 9.782381e-01 -5.988553e-01
17 -2.043140e-01 1.364980e-01 1.005625e-01 5.936566e-01 3.708466e-01 -4.368587e-01 3.108272e-01 -2.599172e-01 8.912217e-01 1.568890e-01 -9.779856e-01 8.615883e-01 -6.252500e-01 7.349166e-01 9.782564e-01 -5.989223e-01
63 -2.043140e-01 1.364980e-01 1.005625e-01 5.936566e-01 3.708466e-01 -4.368587e-01 3.108272e-01 -2.599172e-01 8.912217e-01 1.568890e-01 -9.779856e-01 8.615883e-01 -6.252500e-01 7.349166e-01 9.782564e-01 -5.989223e-01
98 -2.043140e-01 1.364980e-01 1.005625e-01 5.936567e-01 3.708466e-01 -4.368587e-01 3.108272e-01 -2.599172e-01 8.912217e-01 1.568890e-01 -9.779856e-01 8.615883e-01 -6.252500e-01 7.349166e-01 9.782564e-01 -5.989223e-01
20 -2.043138e-01 1.364973e-01 1.005615e-01 5.936555e-01 3.708456e-01 -4.368577e-01 3.108257e-01 -2.599170e-01 8.912213e-01 1.568894e-01 -9.779852e-01 8.615891e-01 -6.252486e-01 7.349151e-01 9.782559e-01 -5.989224e-01
56 -2.043138e-01 1.364973e-01 1.005615e-01 5.936555e-01 3.708456e-01 -4.368577e-01 3.108257e-01 -2.599170e-01 8.912213e-01 1.568894e-01 -9.779852e-01 8.615891e-01 -6.252486e-01 7.349151e-01 9.782559e-01 -5.989224e-01
97 -2.043138e-01 1.364973e-01 1.005615e-01 5.936555e-01 3.708456e-01 -4.368577e-01 3.108257e-01 -2.599170e-01 8.912213e-01 1.568894e-01 -9.779852e-01 8.615891e-01 -6.252486e-01 7.349151e-01 9.782559e-01 -5.989225e-01
26 -2.043932e-01 1.365054e-01 1.005466e-01 5.936450e-01 3.710125e-01 -4.368298e-01 3.109519e-01 -2.599507e-01 8.913567e-01 1.569171e-01 -9.779475e-01 8.616420e-01 -6.251702e-01 7.349810e-01 9.783240e-01 -5.988571e-01
31 -2.043922e-01 1.365044e-01 1.005474e-01 5.936447e-01 3.710122e-01 -4.368301e-01 3.109520e-01 -2.599497e-01 8.913559e-01 1.569168e-01 -9.779483e-01 8.616416e-01 -6.251698e-01 7.349805e-01 9.783246e-01 -5.988565e-01
43 -2.043923e-01 1.365059e-01 1.005480e-01 5.936444e-01 3.710117e-01 -4.368303e-01 3.109524e-01 -2.599503e-01 8.913567e-01 1.569159e-01 -9.779478e-01 8.616419e-01 -6.251695e-01 7.349808e-01 9.783242e-01 -5.988571e-01
45 -2.043930e-01 1.365042e-01 1.005471e-01 5.936434e-01 3.710117e-01 -4.368291e-01 3.109525e-01 -2.599491e-01 8.913556e-01 1.569172e-01 -9.779470e-01 8.616431e-01 -6.251707e-01 7.349822e-01 9.783240e-01 -5.988564e-01
78 -2.043921e-01 1.365046e-01 1.005474e-01 5.936437e-01 3.710119e-01 -4.368304e-01 3.109522e-01 -2.599500e-01 8.913555e-01 1.569154e-01 -9.779477e-01 8.616433e-01 -6.251702e-01 7.349810e-01 9.783236e-01 -5.988566e-01
67 -2.043508e-01 1.365277e-01 1.005923e-01 5.936168e-01 3.709206e-01 -4.368072e-01 3.109164e-01 -2.599289e-01 8.912348e-01 1.569590e-01 -9.778932e-01 8.615615e-01 -6.251773e-01 7.348922e-01 9.782195e-01 -5.989358e-01
85 -2.043519e-01 1.365283e-01 1.005920e-01 5.936177e-01 3.709200e-01 -4.368072e-01 3.109161e-01 -2.599274e-01 8.912359e-01 1.569607e-01 -9.778948e-01 8.615612e-01 -6.251777e-01 7.348921e-01 9.782206e-01 -5.989358e-01
95 -2.043520e-01 1.365271e-01 1.005926e-01 5.936182e-01 3.709202e-01 -4.368069e-01 3.109171e-01 -2.599276e-01 8.912350e-01 1.569604e-01 -9.778950e-01 8.615619e-01 -6.251777e-01 7.348918e-01 9.782199e-01 -5.989370e-01
1 -2.054424e-01 1.482891e-01 1.033833e-01 5.951088e-01 3.670768e-01 -4.272563e-01 3.162652e-01 -2.542779e-01 8.886071e-01 1.589281e-01 -9.706994e-01 8.622606e-01 -6.182331e-01 7.469145e-01 9.744391e-01 -5.988632e-01
10 -2.054424e-01 1.482891e-01 1.033833e-01 5.951088e-01 3.670768e-01 -4.272563e-01 3.162652e-01 -2.542779e-01 8.886071e-01 1.589281e-01 -9.706994e-01 8.622606e-01 -6.182331e-01 7.469145e-01 9.744391e-01 -5.988632e-01
70 -2.054424e-01 1.482891e-01 1.033833e-01 5.951088e-01 3.670768e-01 -4.272563e-01 3.162652e-01 -2.542779e-01 8.886070e-01 1.589281e-01 -9.706994e-01 8.622606e-01 -6.182331e-01 7.469145e-01 9.744391e-01 -5.988632e-01
93 -2.054424e-01 1.482891e-01 1.033833e-01 5.951088e-01 3.670768e-01 -4.272563e-01 3.162652e-01 -2.542779e-01 8.886070e-01 1.589281e-01 -9.706994e-01 8.622606e-01 -6.182331e-01 7.469145e-01 9.744391e-01 -5.988632e-01
27 -2.054440e-01 1.482903e-01 1.033834e-01 5.951091e-01 3.670757e-01 -4.272565e-01 3.162648e-01 -2.542776e-01 8.886078e-01 1.589276e-01 -9.706993e-01 8.622607e-01 -6.182321e-01 7.469150e-01 9.744376e-01 -5.988633e-01
38 -2.054440e-01 1.482903e-01 1.033834e-01 5.951091e-01 3.670757e-01 -4.272566e-01 3.162648e-01 -2.542776e-01 8.886078e-01 1.589276e-01 -9.706993e-01 8.622607e-01 -6.182322e-01 7.469150e-01 9.744377e-01 -5.988633e-01
3 -2.053839e-01 1.483525e-01 1.033158e-01 5.950920e-01 3.669721e-01 -4.273046e-01 3.162394e-01 -2.544558e-01 8.887103e-01 1.590546e-01 -9.707877e-01 8.623230e-01 -6.183339e-01 7.467717e-01 9.744419e-01 -5.988576e-01
94 -2.053839e-01 1.483525e-01 1.033158e-01 5.950920e-01 3.669721e-01 -4.273046e-01 3.162394e-01 -2.544558e-01 8.887103e-01 1.590547e-01 -9.707877e-01 8.623230e-01 -6.183339e-01 7.467717e-01 9.744419e-01 -5.988576e-01
15 -2.053836e-01 1.483531e-01 1.033154e-01 5.950922e-01 3.669712e-01 -4.273047e-01 3.162396e-01 -2.544551e-01 8.887094e-01 1.590537e-01 -9.707867e-01 8.623226e-01 -6.183336e-01 7.467720e-01 9.744430e-01 -5.988587e-01
68 -2.053836e-01 1.483531e-01 1.033154e-01 5.950922e-01 3.669712e-01 -4.273047e-01 3.162396e-01 -2.544551e-01 8.887094e-01 1.590537e-01 -9.707867e-01 8.623226e-01 -6.183336e-01 7.467720e-01 9.744430e-01 -5.988587e-01
7 -2.053561e-01 1.483343e-01 1.033216e-01 5.950818e-01 3.670453e-01 -4.272438e-01 3.162581e-01 -2.544310e-01 8.886491e-01 1.589267e-01 -9.706812e-01 8.622803e-01 -6.182187e-01 7.468780e-01 9.743893e-01 -5.989091e-01
37 -2.053561e-01 1.483335e-01 1.033213e-01 5.950816e-01 3.670456e-01 -4.272446e-01 3.162586e-01 -2.544323e-01 8.886500e-01 1.589253e-01 -9.706817e-01 8.622811e-01 -6.182179e-01 7.468775e-01 9.743891e-01 -5.989102e-01
44 -2.053566e-01 1.483336e-01 1.033217e-01 5.950832e-01 3.670446e-01 -4.272445e-01 3.162593e-01 -2.544312e-01 8.886489e-01 1.589260e-01 -9.706811e-01 8.622815e-01 -6.182191e-01 7.468778e-01 9.743882e-01 -5.989095e-01
65 -2.053570e-01 1.483343e-01 1.033222e-01 5.950831e-01 3.670445e-01 -4.272454e-01 3.162599e-01 -2.544325e-01 8.886486e-01 1.589261e-01 -9.706815e-01 8.622820e-01 -6.182176e-01 7.468772e-01 9.743875e-01 -5.989104e-01
8 -2.053052e-01 1.483127e-01 1.032690e-01 5.950058e-01 3.669582e-01 -4.271811e-01 3.163663e-01 -2.543955e-01 8.886111e-01 1.589568e-01 -9.708144e-01 8.622723e-01 -6.183103e-01 7.468175e-01 9.745380e-01 -5.989715e-01
53 -2.053052e-01 1.483127e-01 1.032690e-01 5.950058e-01 3.669582e-01 -4.271811e-01 3.163663e-01 -2.543955e-01 8.886111e-01 1.589568e-01 -9.708144e-01 8.622723e-01 -6.183103e-01 7.468175e-01 9.745380e-01 -5.989715e-01
69 -2.053052e-01 1.483127e-01 1.032690e-01 5.950058e-01 3.669582e-01 -4.271811e-01 3.163662e-01 -2.543955e-01 8.886111e-01 1.589568e-01 -9.708144e-01 8.622723e-01 -6.183103e-01 7.468175e-01 9.745380e-01 -5.989715e-01
33 -2.053055e-01 1.483117e-01 1.032705e-01 5.950066e-01 3.669579e-01 -4.271801e-01 3.163673e-01 -2.543952e-01 8.886121e-01 1.589558e-01 -9.708144e-01 8.622719e-01 -6.183103e-01 7.468168e-01 9.745384e-01 -5.989700e-01
35 -2.053054e-01 1.483117e-01 1.032705e-01 5.950067e-01 3.669579e-01 -4.271801e-01 3.163673e-01 -2.543952e-01 8.886122e-01 1.589558e-01 -9.708144e-01 8.622719e-01 -6.183103e-01 7.468168e-01 9.745384e-01 -5.989700e-01
47 -2.053055e-01 1.483117e-01 1.032706e-01 5.950067e-01 3.669579e-01 -4.271801e-01 3.163673e-01 -2.543952e-01 8.886121e-01 1.589558e-01 -9.708144e-01 8.622719e-01 -6.183103e-01 7.468168e-01 9.745384e-01 -5.989700e-01
61 -2.053055e-01 1.483117e-01 1.032705e-01 5.950066e-01 3.669579e-01 -4.271801e-01 3.163673e-01 -2.543952e-01 8.886122e-01 1.589557e-01 -9.708144e-01 8.622719e-01 -6.183102e-01 7.468168e-01 9.745384e-01 -5.989700e-01
2 -2.026434e-01 1.365420e-01 1.032261e-01 5.970273e-01 3.744958e-01 -4.440848e-01 3.118435e-01 -2.608393e-01 8.929843e-01 1.550678e-01 -9.761806e-01 8.540704e-01 -6.340836e-01 7.403542e-01 9.748452e-01 -6.115709e-01
41 -2.026434e-01 1.365420e-01 1.032261e-01 5.970273e-01 3.744958e-01 -4.440848e-01 3.118435e-01 -2.608393e-01 8.929843e-01 1.550678e-01 -9.761806e-01 8.540704e-01 -6.340836e-01 7.403541e-01 9.748452e-01 -6.115709e-01
58 -2.026434e-01 1.365420e-01 1.032261e-01 5.970273e-01 3.744958e-01 -4.440848e-01 3.118435e-01 -2.608393e-01 8.929843e-01 1.550678e-01 -9.761806e-01 8.540704e-01 -6.340836e-01 7.403541e-01 9.748452e-01 -6.115709e-01
25 -2.026431e-01 1.365422e-01 1.032251e-01 5.970267e-01 3.744964e-01 -4.440843e-01 3.118426e-01 -2.608390e-01 8.929837e-01 1.550668e-01 -9.761817e-01 8.540705e-01 -6.340847e-01 7.403534e-01 9.748449e-01 -6.115694e-01
71 -2.026431e-01 1.365422e-01 1.032251e-01 5.970267e-01 3.744964e-01 -4.440843e-01 3.118426e-01 -2.608390e-01 8.929838e-01 1.550667e-01 -9.761817e-01 8.540705e-01 -6.340847e-01 7.403534e-01 9.748449e-01 -6.115694e-01
79 -2.026431e-01 1.365422e-01 1.032251e-01 5.970267e-01 3.744964e-01 -4.440844e-01 3.118426e-01 -2.608389e-01 8.929838e-01 1.550668e-01 -9.761817e-01 8.540705e-01 -6.340847e-01 7.403534e-01 9.748449e-01 -6.115694e-01
11 -2.025702e-01 1.366980e-01 1.031725e-01 5.971333e-01 3.744407e-01 -4.441970e-01 3.118837e-01 -2.608742e-01 8.928859e-01 1.549564e-01 -9.761850e-01 8.540983e-01 -6.341652e-01 7.402261e-01 9.747765e-01 -6.114280e-01
30 -2.025690e-01 1.366976e-01 1.031716e-01 5.971322e-01 3.744400e-01 -4.441954e-01 3.118830e-01 -2.608740e-01 8.928852e-01 1.549576e-01 -9.761848e-01 8.540995e-01 -6.341653e-01 7.402256e-01 9.747776e-01 -6.114271e-01
40 -2.025684e-01 1.366973e-01 1.031728e-01 5.971332e-01 3.744396e-01 -4.441963e-01 3.118824e-01 -2.608737e-01 8.928858e-01 1.549566e-01 -9.761834e-01 8.540987e-01 -6.341650e-01 7.402265e-01 9.747776e-01 -6.114277e-01
50 -2.025698e-01 1.366984e-01 1.031731e-01 5.971331e-01 3.744405e-01 -4.441967e-01 3.118826e-01 -2.608735e-01 8.928865e-01 1.549569e-01 -9.761840e-01 8.540993e-01 -6.341652e-01 7.402250e-01 9.747771e-01 -6.114271e-01
99 -2.025697e-01 1.366971e-01 1.031726e-01 5.971328e-01 3.744403e-01 -4.441957e-01 3.118826e-01 -2.608731e-01 8.928864e-01 1.549563e-01 -9.761844e-01 8.540995e-01 -6.341668e-01 7.402247e-01 9.747768e-01 -6.114282e-01
18 -2.025304e-01 1.365163e-01 1.033210e-01 5.970682e-01 3.743700e-01 -4.441667e-01 3.117484e-01 -2.609066e-01 8.929486e-01 1.550110e-01 -9.760950e-01 8.540453e-01 -6.340992e-01 7.402309e-01 9.747297e-01 -6.115804e-01
59 -2.025304e-01 1.365163e-01 1.033210e-01 5.970682e-01 3.743700e-01 -4.441667e-01 3.117484e-01 -2.609066e-01 8.929486e-01 1.550110e-01 -9.760950e-01 8.540453e-01 -6.340992e-01 7.402309e-01 9.747297e-01 -6.115804e-01
81 -2.025304e-01 1.365163e-01 1.033210e-01 5.970682e-01 3.743700e-01 -4.441667e-01 3.117484e-01 -2.609066e-01 8.929486e-01 1.550110e-01 -9.760950e-01 8.540453e-01 -6.340992e-01 7.402309e-01 9.747296e-01 -6.115804e-01
22 -2.025308e-01 1.365154e-01 1.033216e-01 5.970679e-01 3.743696e-01 -4.441677e-01 3.117471e-01 -2.609049e-01 8.929480e-01 1.550121e-01 -9.760950e-01 8.540436e-01 -6.340987e-01 7.402316e-01 9.747305e-01 -6.115816e-01
28 -2.025308e-01 1.365154e-01 1.033216e-01 5.970679e-01 3.743696e-01 -4.441677e-01 3.117471e-01 -2.609049e-01 8.929480e-01 1.550121e-01 -9.760950e-01 8.540436e-01 -6.340987e-01 7.402316e-01 9.747305e-01 -6.115816e-01
84 -2.025308e-01 1.365154e-01 1.033216e-01 5.970679e-01 3.743696e-01 -4.441677e-01 3.117471e-01 -2.609049e-01 8.929481e-01 1.550121e-01 -9.760950e-01 8.540436e-01 -6.340987e-01 7.402316e-01 9.747305e-01 -6.115816e-01
87 -2.025308e-01 1.365154e-01 1.033216e-01 5.970679e-01 3.743696e-01 -4.441677e-01 3.117471e-01 -2.609049e-01 8.929481e-01 1.550121e-01 -9.760950e-01 8.540436e-01 -6.340987e-01 7.402316e-01 9.747305e-01 -6.115816e-01
60 -2.025296e-01 1.365162e-01 1.033216e-01 5.970680e-01 3.743701e-01 -4.441681e-01 3.117475e-01 -2.609065e-01 8.929469e-01 1.550119e-01 -9.760963e-01 8.540437e-01 -6.340987e-01 7.402318e-01 9.747307e-01 -6.115813e-01
83 -2.025296e-01 1.365162e-01 1.033216e-01 5.970680e-01 3.743701e-01 -4.441681e-01 3.117475e-01 -2.609065e-01 8.929469e-01 1.550119e-01 -9.760963e-01 8.540437e-01 -6.340987e-01 7.402319e-01 9.747307e-01 -6.115813e-01
4 -1.977198e-01 1.376602e-01 9.527826e-02 5.880106e-01 3.866366e-01 -4.415577e-01 3.159249e-01 -2.579502e-01 8.910965e-01 1.627741e-01 -9.831815e-01 8.495348e-01 -6.346007e-01 7.501836e-01 9.663647e-01 -6.166837e-01
88 -1.977198e-01 1.376602e-01 9.527826e-02 5.880106e-01 3.866366e-01 -4.415577e-01 3.159249e-01 -2.579502e-01 8.910965e-01 1.627742e-01 -9.831814e-01 8.495347e-01 -6.346007e-01 7.501836e-01 9.663647e-01 -6.166837e-01
29 -1.977197e-01 1.376609e-01 9.527894e-02 5.880105e-01 3.866373e-01 -4.415581e-01 3.159244e-01 -2.579490e-01 8.910959e-01 1.627756e-01 -9.831811e-01 8.495348e-01 -6.346005e-01 7.501837e-01 9.663636e-01 -6.166834e-01
66 -1.977197e-01 1.376609e-01 9.527894e-02 5.880105e-01 3.866373e-01 -4.415581e-01 3.159244e-01 -2.579490e-01 8.910959e-01 1.627756e-01 -9.831811e-01 8.495348e-01 -6.346005e-01 7.501837e-01 9.663636e-01 -6.166834e-01
96 -1.977197e-01 1.376609e-01 9.527895e-02 5.880105e-01 3.866373e-01 -4.415581e-01 3.159244e-01 -2.579490e-01 8.910959e-01 1.627756e-01 -9.831811e-01 8.495348e-01 -6.346005e-01 7.501838e-01 9.663636e-01 -6.166834e-01
12 -1.976278e-01 1.376591e-01 9.535785e-02 5.880585e-01 3.865753e-01 -4.417055e-01 3.157484e-01 -2.578144e-01 8.910334e-01 1.626573e-01 -9.833148e-01 8.494119e-01 -6.346155e-01 7.501887e-01 9.663342e-01 -6.166417e-01
14 -1.976291e-01 1.376591e-01 9.535854e-02 5.880577e-01 3.865759e-01 -4.417056e-01 3.157486e-01 -2.578143e-01 8.910333e-01 1.626577e-01 -9.833155e-01 8.494120e-01 -6.346155e-01 7.501902e-01 9.663348e-01 -6.166419e-01
75 -1.976285e-01 1.376583e-01 9.535956e-02 5.880576e-01 3.865759e-01 -4.417060e-01 3.157484e-01 -2.578153e-01 8.910328e-01 1.626579e-01 -9.833141e-01 8.494129e-01 -6.346146e-01 7.501892e-01 9.663348e-01 -6.166404e-01
49 -1.976407e-01 1.375514e-01 9.526793e-02 5.880559e-01 3.866329e-01 -4.415920e-01 3.157636e-01 -2.578706e-01 8.910358e-01 1.626209e-01 -9.833387e-01 8.494856e-01 -6.345470e-01 7.502246e-01 9.662982e-01 -6.166903e-01
54 -1.976417e-01 1.375514e-01 9.526828e-02 5.880555e-01 3.866319e-01 -4.415920e-01 3.157637e-01 -2.578701e-01 8.910347e-01 1.626216e-01 -9.833386e-01 8.494850e-01 -6.345471e-01 7.502259e-01 9.662986e-01 -6.166899e-01
77 -1.976420e-01 1.375507e-01 9.526708e-02 5.880551e-01 3.866319e-01 -4.415917e-01 3.157626e-01 -2.578692e-01 8.910358e-01 1.626208e-01 -9.833381e-01 8.494859e-01 -6.345477e-01 7.502257e-01 9.662982e-01 -6.166915e-01
5 -2.048516e-01 1.346453e-01 9.679435e-02 5.931613e-01 3.713441e-01 -4.410025e-01 3.101466e-01 -2.609292e-01 8.758730e-01 1.531929e-01 -9.787728e-01 8.444639e-01 -6.163813e-01 7.334164e-01 9.781438e-01 -6.119969e-01
39 -2.048516e-01 1.346453e-01 9.679435e-02 5.931613e-01 3.713440e-01 -4.410025e-01 3.101466e-01 -2.609292e-01 8.758730e-01 1.531928e-01 -9.787728e-01 8.444639e-01 -6.163813e-01 7.334165e-01 9.781438e-01 -6.119969e-01
76 -2.048502e-01 1.346462e-01 9.679566e-02 5.931617e-01 3.713436e-01 -4.410012e-01 3.101458e-01 -2.609291e-01 8.758734e-01 1.531921e-01 -9.787728e-01 8.444637e-01 -6.163812e-01 7.334162e-01 9.781428e-01 -6.119982e-01
154 -2.048502e-01 1.346462e-01 9.679566e-02 5.931617e-01 3.713436e-01 -4.410012e-01 3.101458e-01 -2.609291e-01 8.758733e-01 1.531921e-01 -9.787728e-01 8.444637e-01 -6.163812e-01 7.334162e-01 9.781428e-01 -6.119981e-01
16 -2.048286e-01 1.347475e-01 9.679038e-02 5.932414e-01 3.713058e-01 -4.410230e-01 3.102314e-01 -2.608134e-01 8.758469e-01 1.531695e-01 -9.788021e-01 8.443902e-01 -6.164592e-01 7.333093e-01 9.781053e-01 -6.121162e-01
32 -2.048288e-01 1.347466e-01 9.678970e-02 5.932401e-01 3.713056e-01 -4.410214e-01 3.102327e-01 -2.608141e-01 8.758474e-01 1.531685e-01 -9.788014e-01 8.443899e-01 -6.164590e-01 7.333097e-01 9.781058e-01 -6.121162e-01
82 -2.048289e-01 1.347473e-01 9.678978e-02 5.932411e-01 3.713053e-01 -4.410225e-01 3.102323e-01 -2.608137e-01 8.758466e-01 1.531684e-01 -9.788019e-01 8.443885e-01 -6.164592e-01 7.333095e-01 9.781043e-01 -6.121147e-01
34 -2.047953e-01 1.346635e-01 9.675975e-02 5.930821e-01 3.713050e-01 -4.411227e-01 3.101958e-01 -2.607878e-01 8.759482e-01 1.531555e-01 -9.787981e-01 8.444035e-01 -6.164321e-01 7.333319e-01 9.780989e-01 -6.120803e-01
80 -2.047953e-01 1.346623e-01 9.676146e-02 5.930816e-01 3.713032e-01 -4.411231e-01 3.101972e-01 -2.607870e-01 8.759485e-01 1.531545e-01 -9.787986e-01 8.444047e-01 -6.164309e-01 7.333321e-01 9.780991e-01 -6.120804e-01
6 -2.026812e-01 1.320130e-01 9.262921e-02 5.894151e-01 3.842921e-01 -4.400451e-01 3.207238e-01 -2.672655e-01 8.771039e-01 1.676342e-01 -9.886680e-01 8.559373e-01 -6.251841e-01 7.527985e-01 9.702268e-01 -6.092819e-01
21 -2.026812e-01 1.320130e-01 9.262923e-02 5.894151e-01 3.842921e-01 -4.400450e-01 3.207238e-01 -2.672655e-01 8.771039e-01 1.676342e-01 -9.886680e-01 8.559373e-01 -6.251841e-01 7.527985e-01 9.702268e-01 -6.092819e-01
74 -2.026812e-01 1.320130e-01 9.262922e-02 5.894151e-01 3.842921e-01 -4.400450e-01 3.207237e-01 -2.672655e-01 8.771039e-01 1.676342e-01 -9.886680e-01 8.559373e-01 -6.251841e-01 7.527985e-01 9.702268e-01 -6.092819e-01
13 -2.026795e-01 1.320125e-01 9.263069e-02 5.894138e-01 3.842907e-01 -4.400454e-01 3.207244e-01 -2.672652e-01 8.771044e-01 1.676350e-01 -9.886687e-01 8.559375e-01 -6.251836e-01 7.527993e-01 9.702261e-01 -6.092819e-01
73 -2.026795e-01 1.320124e-01 9.263069e-02 5.894138e-01 3.842907e-01 -4.400454e-01 3.207243e-01 -2.672652e-01 8.771044e-01 1.676350e-01 -9.886687e-01 8.559375e-01 -6.251836e-01 7.527993e-01 9.702262e-01 -6.092819e-01
92 -2.026795e-01 1.320125e-01 9.263070e-02 5.894138e-01 3.842907e-01 -4.400454e-01 3.207243e-01 -2.672652e-01 8.771044e-01 1.676350e-01 -9.886687e-01 8.559375e-01 -6.251836e-01 7.527993e-01 9.702262e-01 -6.092819e-01
9 -2.024888e-01 1.319583e-01 9.261282e-02 5.895024e-01 3.844355e-01 -4.399280e-01 3.205797e-01 -2.671550e-01 8.771008e-01 1.676259e-01 -9.885846e-01 8.558115e-01 -6.251224e-01 7.526193e-01 9.702006e-01 -6.093186e-01
62 -2.024888e-01 1.319583e-01 9.261282e-02 5.895024e-01 3.844355e-01 -4.399280e-01 3.205797e-01 -2.671550e-01 8.771008e-01 1.676259e-01 -9.885846e-01 8.558115e-01 -6.251224e-01 7.526193e-01 9.702006e-01 -6.093186e-01
23 -2.024901e-01 1.319597e-01 9.261261e-02 5.895035e-01 3.844352e-01 -4.399283e-01 3.205806e-01 -2.671550e-01 8.771007e-01 1.676253e-01 -9.885847e-01 8.558123e-01 -6.251220e-01 7.526202e-01 9.702002e-01 -6.093189e-01
91 -2.024901e-01 1.319597e-01 9.261261e-02 5.895035e-01 3.844352e-01 -4.399283e-01 3.205806e-01 -2.671550e-01 8.771007e-01 1.676253e-01 -9.885847e-01 8.558123e-01 -6.251220e-01 7.526202e-01 9.702002e-01 -6.093189e-01
24 -2.026107e-01 1.321066e-01 9.269081e-02 5.894212e-01 3.844127e-01 -4.399074e-01 3.206469e-01 -2.671725e-01 8.771039e-01 1.675296e-01 -9.885659e-01 8.558403e-01 -6.252315e-01 7.527923e-01 9.703267e-01 -6.094227e-01
57 -2.026093e-01 1.321056e-01 9.268918e-02 5.894220e-01 3.844126e-01 -4.399067e-01 3.206473e-01 -2.671724e-01 8.771043e-01 1.675297e-01 -9.885656e-01 8.558394e-01 -6.252309e-01 7.527921e-01 9.703265e-01 -6.094226e-01
64 -2.026100e-01 1.321057e-01 9.269106e-02 5.894222e-01 3.844130e-01 -4.399074e-01 3.206472e-01 -2.671722e-01 8.771046e-01 1.675280e-01 -9.885666e-01 8.558400e-01 -6.252305e-01 7.527919e-01 9.703265e-01 -6.094228e-01
72 -2.026091e-01 1.321061e-01 9.268972e-02 5.894230e-01 3.844140e-01 -4.399063e-01 3.206481e-01 -2.671727e-01 8.771038e-01 1.675292e-01 -9.885661e-01 8.558397e-01 -6.252315e-01 7.527904e-01 9.703264e-01 -6.094226e-01
36 -2.058199e-01 1.349303e-01 1.004699e-01 5.921989e-01 3.734421e-01 -4.294905e-01 3.150598e-01 -2.639596e-01 8.902461e-01 1.628639e-01 -9.770269e-01 8.608941e-01 -6.263589e-01 7.521518e-01 9.739130e-01 -6.101113e-01
42 -2.058201e-01 1.349291e-01 1.004689e-01 5.921993e-01 3.734414e-01 -4.294907e-01 3.150599e-01 -2.639587e-01 8.902451e-01 1.628656e-01 -9.770253e-01 8.608950e-01 -6.263577e-01 7.521503e-01 9.739121e-01 -6.101110e-01
89 -2.058202e-01 1.349295e-01 1.004695e-01 5.921988e-01 3.734420e-01 -4.294904e-01 3.150597e-01 -2.639595e-01 8.902450e-01 1.628648e-01 -9.770258e-01 8.608944e-01 -6.263583e-01 7.521511e-01 9.739133e-01 -6.101119e-01
48 -2.057864e-01 1.348079e-01 1.005036e-01 5.922994e-01 3.734089e-01 -4.294927e-01 3.150011e-01 -2.638088e-01 8.901152e-01 1.628543e-01 -9.769850e-01 8.610007e-01 -6.263603e-01 7.522017e-01 9.739393e-01 -6.102081e-01
51 -2.057859e-01 1.348084e-01 1.005035e-01 5.922999e-01 3.734090e-01 -4.294930e-01 3.150007e-01 -2.638095e-01 8.901162e-01 1.628538e-01 -9.769833e-01 8.609996e-01 -6.263597e-01 7.522022e-01 9.739379e-01 -6.102082e-01
55 -2.057862e-01 1.348084e-01 1.005034e-01 5.922992e-01 3.734101e-01 -4.294939e-01 3.149994e-01 -2.638099e-01 8.901161e-01 1.628534e-01 -9.769839e-01 8.610010e-01 -6.263600e-01 7.522025e-01 9.739383e-01 -6.102080e-01
86 -2.057855e-01 1.348086e-01 1.005042e-01 5.922999e-01 3.734100e-01 -4.294935e-01 3.149995e-01 -2.638091e-01 8.901160e-01 1.628532e-01 -9.769842e-01 8.610014e-01 -6.263598e-01 7.522029e-01 9.739387e-01 -6.102081e-01
19 6.076374e-01 8.361718e-02 -9.372618e-01 2.913298e-01 1.424268e-01 -7.258993e-01 4.198515e-01 -5.307669e-01 -2.730006e-01 -2.898334e-01 9.244879e-01 2.104191e-01 4.525822e-01 -5.529886e-01 -5.736172e-01 -3.784692e-01
46 6.076381e-01 8.361733e-02 -9.372618e-01 2.913297e-01 1.424267e-01 -7.258986e-01 4.198521e-01 -5.307668e-01 -2.730003e-01 -2.898328e-01 9.244889e-01 2.104182e-01 4.525823e-01 -5.529891e-01 -5.736177e-01 -3.784693e-01
122 6.076382e-01 8.361668e-02 -9.372615e-01 2.913308e-01 1.424261e-01 -7.258995e-01 4.198503e-01 -5.307672e-01 -2.730014e-01 -2.898334e-01 9.244893e-01 2.104182e-01 4.525812e-01 -5.529892e-01 -5.736170e-01 -3.784697e-01
110 6.077100e-01 8.370698e-02 -9.373125e-01 2.912619e-01 1.423967e-01 -7.259066e-01 4.200062e-01 -5.309245e-01 -2.730112e-01 -2.897594e-01 9.244337e-01 2.104609e-01 4.526247e-01 -5.530685e-01 -5.735796e-01 -3.785911e-01
149 6.077102e-01 8.370826e-02 -9.373114e-01 2.912614e-01 1.423980e-01 -7.259056e-01 4.200055e-01 -5.309247e-01 -2.730112e-01 -2.897592e-01 9.244342e-01 2.104613e-01 4.526252e-01 -5.530695e-01 -5.735806e-01 -3.785928e-01
168 6.077099e-01 8.370691e-02 -9.373120e-01 2.912631e-01 1.423966e-01 -7.259053e-01 4.200059e-01 -5.309247e-01 -2.730097e-01 -2.897581e-01 9.244345e-01 2.104598e-01 4.526257e-01 -5.530693e-01 -5.735789e-01 -3.785921e-01
135 6.076134e-01 8.365758e-02 -9.372650e-01 2.911703e-01 1.423507e-01 -7.258336e-01 4.199091e-01 -5.308931e-01 -2.729689e-01 -2.898202e-01 9.245870e-01 2.103926e-01 4.526378e-01 -5.529151e-01 -5.736925e-01 -3.786106e-01
193 6.076142e-01 8.365780e-02 -9.372643e-01 2.911709e-01 1.423504e-01 -7.258323e-01 4.199094e-01 -5.308918e-01 -2.729686e-01 -2.898198e-01 9.245884e-01 2.103928e-01 4.526372e-01 -5.529154e-01 -5.736925e-01 -3.786096e-01
104 6.025298e-01 7.525555e-02 -9.382436e-01 2.938672e-01 1.368925e-01 -7.171405e-01 4.132745e-01 -5.270627e-01 -2.766861e-01 -2.862663e-01 9.244238e-01 2.001787e-01 4.441648e-01 -5.590559e-01 -5.694239e-01 -3.928836e-01
165 6.025298e-01 7.525555e-02 -9.382436e-01 2.938672e-01 1.368924e-01 -7.171405e-01 4.132745e-01 -5.270627e-01 -2.766861e-01 -2.862663e-01 9.244238e-01 2.001787e-01 4.441648e-01 -5.590559e-01 -5.694239e-01 -3.928836e-01
185 6.025309e-01 7.525415e-02 -9.382422e-01 2.938670e-01 1.368931e-01 -7.171415e-01 4.132752e-01 -5.270620e-01 -2.766855e-01 -2.862648e-01 9.244234e-01 2.001772e-01 4.441642e-01 -5.590564e-01 -5.694257e-01 -3.928841e-01
187 6.025309e-01 7.525414e-02 -9.382422e-01 2.938670e-01 1.368931e-01 -7.171416e-01 4.132752e-01 -5.270620e-01 -2.766855e-01 -2.862648e-01 9.244234e-01 2.001772e-01 4.441642e-01 -5.590564e-01 -5.694257e-01 -3.928841e-01
111 6.025755e-01 7.511218e-02 -9.382535e-01 2.940137e-01 1.368382e-01 -7.171860e-01 4.131212e-01 -5.270617e-01 -2.766500e-01 -2.862709e-01 9.244296e-01 2.001737e-01 4.440953e-01 -5.589597e-01 -5.695028e-01 -3.929081e-01
120 6.025771e-01 7.511162e-02 -9.382549e-01 2.940132e-01 1.368374e-01 -7.171859e-01 4.131224e-01 -5.270604e-01 -2.766487e-01 -2.862704e-01 9.244295e-01 2.001751e-01 4.440943e-01 -5.589596e-01 -5.695034e-01 -3.929076e-01
171 6.025759e-01 7.511161e-02 -9.382545e-01 2.940124e-01 1.368373e-01 -7.171854e-01 4.131215e-01 -5.270608e-01 -2.766501e-01 -2.862702e-01 9.244296e-01 2.001754e-01 4.440946e-01 -5.589605e-01 -5.695037e-01 -3.929077e-01
121 6.079511e-01 7.868312e-02 -9.387066e-01 2.851261e-01 1.377464e-01 -7.153378e-01 4.192736e-01 -5.332250e-01 -2.692306e-01 -2.901364e-01 9.185157e-01 2.158378e-01 4.358984e-01 -5.604046e-01 -5.686205e-01 -3.850654e-01
153 6.079525e-01 7.868272e-02 -9.387061e-01 2.851251e-01 1.377462e-01 -7.153374e-01 4.192727e-01 -5.332247e-01 -2.692302e-01 -2.901349e-01 9.185167e-01 2.158373e-01 4.358980e-01 -5.604049e-01 -5.686194e-01 -3.850653e-01
188 6.079523e-01 7.868310e-02 -9.387071e-01 2.851255e-01 1.377450e-01 -7.153379e-01 4.192730e-01 -5.332245e-01 -2.692312e-01 -2.901347e-01 9.185155e-01 2.158381e-01 4.358987e-01 -5.604057e-01 -5.686203e-01 -3.850652e-01
140 6.078065e-01 7.865640e-02 -9.387097e-01 2.852243e-01 1.376855e-01 -7.154921e-01 4.191519e-01 -5.331481e-01 -2.693895e-01 -2.900177e-01 9.184761e-01 2.158555e-01 4.358888e-01 -5.603695e-01 -5.686128e-01 -3.850700e-01
190 6.078070e-01 7.865473e-02 -9.387097e-01 2.852229e-01 1.376860e-01 -7.154911e-01 4.191529e-01 -5.331479e-01 -2.693886e-01 -2.900168e-01 9.184775e-01 2.158541e-01 4.358886e-01 -5.603686e-01 -5.686128e-01 -3.850709e-01
162 6.079174e-01 7.852090e-02 -9.387937e-01 2.852135e-01 1.377318e-01 -7.154095e-01 4.192980e-01 -5.332000e-01 -2.693699e-01 -2.900306e-01 9.185483e-01 2.159524e-01 4.357798e-01 -5.605190e-01 -5.686296e-01 -3.851080e-01
194 6.079184e-01 7.852077e-02 -9.387932e-01 2.852146e-01 1.377334e-01 -7.154109e-01 4.192976e-01 -5.331996e-01 -2.693716e-01 -2.900314e-01 9.185499e-01 2.159514e-01 4.357797e-01 -5.605187e-01 -5.686294e-01 -3.851089e-01
133 5.980973e-01 7.597311e-02 -9.277113e-01 2.879896e-01 1.290637e-01 -7.243727e-01 4.221572e-01 -5.382709e-01 -2.647201e-01 -2.967262e-01 9.311244e-01 2.135922e-01 4.455015e-01 -5.532521e-01 -5.684665e-01 -3.883352e-01
142 5.980973e-01 7.597311e-02 -9.277113e-01 2.879896e-01 1.290637e-01 -7.243727e-01 4.221572e-01 -5.382709e-01 -2.647201e-01 -2.967261e-01 9.311244e-01 2.135922e-01 4.455015e-01 -5.532521e-01 -5.684665e-01 -3.883353e-01
147 5.980965e-01 7.597348e-02 -9.277126e-01 2.879883e-01 1.290652e-01 -7.243735e-01 4.221590e-01 -5.382714e-01 -2.647200e-01 -2.967268e-01 9.311230e-01 2.135930e-01 4.455003e-01 -5.532523e-01 -5.684669e-01 -3.883363e-01
195 5.980965e-01 7.597350e-02 -9.277126e-01 2.879883e-01 1.290652e-01 -7.243735e-01 4.221591e-01 -5.382714e-01 -2.647200e-01 -2.967268e-01 9.311230e-01 2.135930e-01 4.455003e-01 -5.532522e-01 -5.684669e-01 -3.883363e-01
166 5.980935e-01 7.594808e-02 -9.277156e-01 2.879964e-01 1.291399e-01 -7.244648e-01 4.222540e-01 -5.381167e-01 -2.647159e-01 -2.969044e-01 9.311475e-01 2.135419e-01 4.454797e-01 -5.533427e-01 -5.683315e-01 -3.883073e-01
183 5.980936e-01 7.594886e-02 -9.277156e-01 2.879966e-01 1.291407e-01 -7.244652e-01 4.222533e-01 -5.381158e-01 -2.647155e-01 -2.969048e-01 9.311479e-01 2.135416e-01 4.454794e-01 -5.533411e-01 -5.683302e-01 -3.883081e-01
170 5.980713e-01 7.596634e-02 -9.276279e-01 2.880683e-01 1.291484e-01 -7.244796e-01 4.222814e-01 -5.381366e-01 -2.648644e-01 -2.967764e-01 9.312605e-01 2.135861e-01 4.455461e-01 -5.533085e-01 -5.683330e-01 -3.883268e-01
182 5.980706e-01 7.596636e-02 -9.276265e-01 2.880690e-01 1.291499e-01 -7.244794e-01 4.222824e-01 -5.381379e-01 -2.648660e-01 -2.967760e-01 9.312609e-01 2.135869e-01 4.455469e-01 -5.533084e-01 -5.683336e-01 -3.883268e-01
52 -5.096519e-01 6.326249e-01 6.162440e-01 -1.843150e-01 -7.524177e-01 8.377556e-01 -8.702396e-01 -9.215102e-01 -4.795832e-01 4.469480e-01 1.166816e-01 1.310372e-01 -5.025982e-01 1.236626e-01 8.584260e-01 1.828414e-01
196 -5.096517e-01 6.326258e-01 6.162432e-01 -1.843166e-01 -7.524181e-01 8.377542e-01 -8.702388e-01 -9.215113e-01 -4.795838e-01 4.469485e-01 1.166808e-01 1.310373e-01 -5.025976e-01 1.236627e-01 8.584270e-01 1.828419e-01
102 -5.096309e-01 6.326472e-01 6.162584e-01 -1.844597e-01 -7.524249e-01 8.378018e-01 -8.702351e-01 -9.215983e-01 -4.795903e-01 4.470352e-01 1.167833e-01 1.310660e-01 -5.025229e-01 1.236673e-01 8.583786e-01 1.828347e-01
126 -5.096309e-01 6.326472e-01 6.162584e-01 -1.844597e-01 -7.524250e-01 8.378018e-01 -8.702351e-01 -9.215983e-01 -4.795902e-01 4.470352e-01 1.167833e-01 1.310660e-01 -5.025229e-01 1.236673e-01 8.583786e-01 1.828347e-01
173 -5.096309e-01 6.326472e-01 6.162584e-01 -1.844597e-01 -7.524250e-01 8.378018e-01 -8.702351e-01 -9.215983e-01 -4.795903e-01 4.470352e-01 1.167833e-01 1.310660e-01 -5.025229e-01 1.236673e-01 8.583786e-01 1.828347e-01
144 -5.096318e-01 6.326465e-01 6.162588e-01 -1.844601e-01 -7.524254e-01 8.378014e-01 -8.702340e-01 -9.215981e-01 -4.795896e-01 4.470340e-01 1.167847e-01 1.310655e-01 -5.025227e-01 1.236656e-01 8.583783e-01 1.828361e-01
179 -5.096318e-01 6.326465e-01 6.162588e-01 -1.844601e-01 -7.524254e-01 8.378014e-01 -8.702340e-01 -9.215981e-01 -4.795896e-01 4.470340e-01 1.167847e-01 1.310655e-01 -5.025227e-01 1.236656e-01 8.583783e-01 1.828361e-01
112 -5.096376e-01 6.326554e-01 6.163077e-01 -1.844002e-01 -7.522687e-01 8.378354e-01 -8.703876e-01 -9.215714e-01 -4.794193e-01 4.469090e-01 1.167182e-01 1.309783e-01 -5.024290e-01 1.236812e-01 8.583428e-01 1.829750e-01
148 -5.096375e-01 6.326545e-01 6.163076e-01 -1.844004e-01 -7.522677e-01 8.378353e-01 -8.703878e-01 -9.215706e-01 -4.794206e-01 4.469086e-01 1.167184e-01 1.309768e-01 -5.024292e-01 1.236820e-01 8.583417e-01 1.829762e-01
176 -5.096383e-01 6.326555e-01 6.163073e-01 -1.844002e-01 -7.522685e-01 8.378345e-01 -8.703890e-01 -9.215716e-01 -4.794195e-01 4.469087e-01 1.167168e-01 1.309767e-01 -5.024291e-01 1.236825e-01 8.583420e-01 1.829765e-01
119 -5.096076e-01 6.327221e-01 6.162842e-01 -1.842976e-01 -7.523375e-01 8.377496e-01 -8.702423e-01 -9.214544e-01 -4.795138e-01 4.470313e-01 1.168342e-01 1.310988e-01 -5.025228e-01 1.238383e-01 8.583212e-01 1.829059e-01
145 -5.096087e-01 6.327211e-01 6.162846e-01 -1.842966e-01 -7.523366e-01 8.377495e-01 -8.702425e-01 -9.214540e-01 -4.795144e-01 4.470304e-01 1.168359e-01 1.311006e-01 -5.025235e-01 1.238384e-01 8.583204e-01 1.829064e-01
192 -5.096084e-01 6.327220e-01 6.162836e-01 -1.842969e-01 -7.523372e-01 8.377498e-01 -8.702424e-01 -9.214541e-01 -4.795143e-01 4.470309e-01 1.168345e-01 1.310990e-01 -5.025223e-01 1.238380e-01 8.583208e-01 1.829064e-01
100 -5.044688e-01 6.234939e-01 6.200701e-01 -1.827186e-01 -7.401721e-01 8.198956e-01 -8.649816e-01 -9.227277e-01 -4.806036e-01 4.533058e-01 1.138628e-01 1.410278e-01 -5.009247e-01 1.164645e-01 8.584744e-01 1.840129e-01
163 -5.044699e-01 6.234927e-01 6.200716e-01 -1.827188e-01 -7.401713e-01 8.198943e-01 -8.649826e-01 -9.227284e-01 -4.806031e-01 4.533044e-01 1.138637e-01 1.410277e-01 -5.009242e-01 1.164652e-01 8.584743e-01 1.840143e-01
174 -5.044686e-01 6.234921e-01 6.200703e-01 -1.827179e-01 -7.401706e-01 8.198946e-01 -8.649824e-01 -9.227267e-01 -4.806036e-01 4.533051e-01 1.138643e-01 1.410275e-01 -5.009253e-01 1.164647e-01 8.584742e-01 1.840140e-01
108 -5.045289e-01 6.235195e-01 6.200065e-01 -1.827856e-01 -7.400639e-01 8.199944e-01 -8.648680e-01 -9.228369e-01 -4.805732e-01 4.533010e-01 1.137096e-01 1.410592e-01 -5.009497e-01 1.165362e-01 8.584694e-01 1.838777e-01
123 -5.045301e-01 6.235189e-01 6.200065e-01 -1.827867e-01 -7.400639e-01 8.199949e-01 -8.648687e-01 -9.228356e-01 -4.805733e-01 4.533007e-01 1.137088e-01 1.410591e-01 -5.009496e-01 1.165365e-01 8.584707e-01 1.838775e-01
115 -5.044539e-01 6.233986e-01 6.200428e-01 -1.828097e-01 -7.400570e-01 8.199164e-01 -8.648877e-01 -9.228453e-01 -4.805566e-01 4.533382e-01 1.138532e-01 1.410085e-01 -5.009762e-01 1.163616e-01 8.584128e-01 1.839418e-01
141 -5.044544e-01 6.233987e-01 6.200422e-01 -1.828105e-01 -7.400566e-01 8.199160e-01 -8.648876e-01 -9.228456e-01 -4.805572e-01 4.533370e-01 1.138545e-01 1.410092e-01 -5.009769e-01 1.163634e-01 8.584136e-01 1.839430e-01
152 -5.044543e-01 6.233985e-01 6.200413e-01 -1.828094e-01 -7.400564e-01 8.199164e-01 -8.648878e-01 -9.228454e-01 -4.805584e-01 4.533375e-01 1.138528e-01 1.410086e-01 -5.009764e-01 1.163615e-01 8.584140e-01 1.839429e-01
101 -5.071494e-01 6.208706e-01 6.219724e-01 -1.702299e-01 -7.503063e-01 8.371157e-01 -8.680633e-01 -9.086601e-01 -4.885700e-01 4.491829e-01 1.272508e-01 1.315490e-01 -5.127349e-01 1.084095e-01 8.647180e-01 1.732184e-01
131 -5.071501e-01 6.208702e-01 6.219712e-01 -1.702306e-01 -7.503062e-01 8.371170e-01 -8.680633e-01 -9.086589e-01 -4.885699e-01 4.491831e-01 1.272516e-01 1.315480e-01 -5.127362e-01 1.084098e-01 8.647182e-01 1.732194e-01
134 -5.071491e-01 6.208702e-01 6.219719e-01 -1.702298e-01 -7.503061e-01 8.371162e-01 -8.680646e-01 -9.086589e-01 -4.885708e-01 4.491831e-01 1.272509e-01 1.315495e-01 -5.127345e-01 1.084100e-01 8.647182e-01 1.732184e-01
189 -5.071493e-01 6.208710e-01 6.219721e-01 -1.702298e-01 -7.503060e-01 8.371164e-01 -8.680634e-01 -9.086587e-01 -4.885704e-01 4.491830e-01 1.272501e-01 1.315486e-01 -5.127363e-01 1.084093e-01 8.647183e-01 1.732196e-01
160 -5.071772e-01 6.208653e-01 6.221271e-01 -1.701049e-01 -7.502762e-01 8.370823e-01 -8.680744e-01 -9.086131e-01 -4.885405e-01 4.490694e-01 1.271670e-01 1.314930e-01 -5.127402e-01 1.084370e-01 8.647891e-01 1.732647e-01
175 -5.071768e-01 6.208644e-01 6.221284e-01 -1.701046e-01 -7.502763e-01 8.370811e-01 -8.680748e-01 -9.086143e-01 -4.885409e-01 4.490697e-01 1.271683e-01 1.314936e-01 -5.127413e-01 1.084377e-01 8.647885e-01 1.732652e-01
177 -5.071765e-01 6.208646e-01 6.221285e-01 -1.701043e-01 -7.502762e-01 8.370810e-01 -8.680744e-01 -9.086126e-01 -4.885400e-01 4.490695e-01 1.271680e-01 1.314929e-01 -5.127400e-01 1.084364e-01 8.647895e-01 1.732647e-01
103 -5.079006e-01 6.281591e-01 6.247676e-01 -1.754652e-01 -7.386521e-01 8.190120e-01 -8.615662e-01 -9.221404e-01 -4.757016e-01 4.536318e-01 1.169629e-01 1.462116e-01 -5.128641e-01 1.140802e-01 8.536756e-01 1.763504e-01
132 -5.079002e-01 6.281606e-01 6.247662e-01 -1.754657e-01 -7.386510e-01 8.190115e-01 -8.615667e-01 -9.221420e-01 -4.757016e-01 4.536327e-01 1.169619e-01 1.462107e-01 -5.128650e-01 1.140814e-01 8.536757e-01 1.763500e-01
114 -5.078891e-01 6.281918e-01 6.248135e-01 -1.754776e-01 -7.385974e-01 8.190199e-01 -8.615787e-01 -9.220853e-01 -4.757047e-01 4.536731e-01 1.168932e-01 1.462262e-01 -5.130047e-01 1.139801e-01 8.536304e-01 1.764010e-01
164 -5.078879e-01 6.281929e-01 6.248135e-01 -1.754785e-01 -7.385968e-01 8.190199e-01 -8.615786e-01 -9.220837e-01 -4.757028e-01 4.536735e-01 1.168923e-01 1.462271e-01 -5.130056e-01 1.139804e-01 8.536307e-01 1.764003e-01
172 -5.078878e-01 6.281921e-01 6.248141e-01 -1.754772e-01 -7.385971e-01 8.190202e-01 -8.615802e-01 -9.220847e-01 -4.757038e-01 4.536742e-01 1.168937e-01 1.462261e-01 -5.130064e-01 1.139798e-01 8.536309e-01 1.764006e-01
130 -5.078998e-01 6.282137e-01 6.247109e-01 -1.754096e-01 -7.386414e-01 8.190494e-01 -8.614984e-01 -9.221026e-01 -4.756858e-01 4.536458e-01 1.168753e-01 1.463583e-01 -5.129743e-01 1.141115e-01 8.537098e-01 1.765022e-01
167 -5.078982e-01 6.282134e-01 6.247102e-01 -1.754099e-01 -7.386402e-01 8.190494e-01 -8.614966e-01 -9.221035e-01 -4.756860e-01 4.536445e-01 1.168754e-01 1.463581e-01 -5.129743e-01 1.141120e-01 8.537098e-01 1.765007e-01
180 -5.078988e-01 6.282128e-01 6.247109e-01 -1.754092e-01 -7.386410e-01 8.190492e-01 -8.614976e-01 -9.221036e-01 -4.756857e-01 4.536449e-01 1.168752e-01 1.463582e-01 -5.129744e-01 1.141120e-01 8.537102e-01 1.765021e-01
105 -5.051698e-01 6.244375e-01 6.158317e-01 -1.841066e-01 -7.513322e-01 8.234719e-01 -8.670694e-01 -9.097771e-01 -4.772220e-01 4.564091e-01 1.258955e-01 1.414419e-01 -5.100310e-01 1.113978e-01 8.659836e-01 1.828500e-01
150 -5.051703e-01 6.244370e-01 6.158310e-01 -1.841066e-01 -7.513311e-01 8.234730e-01 -8.670686e-01 -9.097779e-01 -4.772232e-01 4.564088e-01 1.258946e-01 1.414424e-01 -5.100320e-01 1.113982e-01 8.659856e-01 1.828502e-01
197 -5.051693e-01 6.244373e-01 6.158320e-01 -1.841063e-01 -7.513325e-01 8.234723e-01 -8.670692e-01 -9.097769e-01 -4.772225e-01 4.564089e-01 1.258965e-01 1.414419e-01 -5.100311e-01 1.113970e-01 8.659845e-01 1.828506e-01
136 -5.051910e-01 6.244836e-01 6.157338e-01 -1.840514e-01 -7.512776e-01 8.234628e-01 -8.669687e-01 -9.096345e-01 -4.773350e-01 4.565031e-01 1.259351e-01 1.413350e-01 -5.099598e-01 1.114602e-01 8.659672e-01 1.827403e-01
151 -5.051913e-01 6.244841e-01 6.157327e-01 -1.840504e-01 -7.512779e-01 8.234623e-01 -8.669674e-01 -9.096339e-01 -4.773339e-01 4.565031e-01 1.259357e-01 1.413341e-01 -5.099591e-01 1.114609e-01 8.659672e-01 1.827399e-01
199 -5.051895e-01 6.244834e-01 6.157338e-01 -1.840502e-01 -7.512779e-01 8.234640e-01 -8.669682e-01 -9.096351e-01 -4.773357e-01 4.565029e-01 1.259342e-01 1.413336e-01 -5.099597e-01 1.114615e-01 8.659661e-01 1.827390e-01
106 -5.048869e-01 6.241974e-01 6.272249e-01 -1.831461e-01 -7.473072e-01 8.323736e-01 -8.731101e-01 -9.185891e-01 -4.730616e-01 4.456496e-01 1.303820e-01 1.327722e-01 -5.061901e-01 1.141515e-01 8.655325e-01 1.723561e-01
129 -5.048869e-01 6.241974e-01 6.272249e-01 -1.831461e-01 -7.473071e-01 8.323736e-01 -8.731101e-01 -9.185891e-01 -4.730616e-01 4.456496e-01 1.303820e-01 1.327722e-01 -5.061901e-01 1.141515e-01 8.655326e-01 1.723561e-01
116 -5.048857e-01 6.241977e-01 6.272254e-01 -1.831470e-01 -7.473082e-01 8.323735e-01 -8.731098e-01 -9.185895e-01 -4.730620e-01 4.456496e-01 1.303811e-01 1.327726e-01 -5.061897e-01 1.141515e-01 8.655328e-01 1.723559e-01
186 -5.048857e-01 6.241977e-01 6.272254e-01 -1.831470e-01 -7.473082e-01 8.323735e-01 -8.731098e-01 -9.185895e-01 -4.730620e-01 4.456496e-01 1.303811e-01 1.327726e-01 -5.061897e-01 1.141515e-01 8.655328e-01 1.723559e-01
117 -5.049046e-01 6.240515e-01 6.272521e-01 -1.832664e-01 -7.474366e-01 8.324145e-01 -8.731083e-01 -9.187019e-01 -4.730258e-01 4.456336e-01 1.303873e-01 1.328191e-01 -5.061767e-01 1.142910e-01 8.653807e-01 1.724484e-01
139 -5.049050e-01 6.240513e-01 6.272513e-01 -1.832671e-01 -7.474371e-01 8.324132e-01 -8.731080e-01 -9.187030e-01 -4.730257e-01 4.456336e-01 1.303862e-01 1.328193e-01 -5.061769e-01 1.142914e-01 8.653820e-01 1.724494e-01
155 -5.049052e-01 6.240513e-01 6.272514e-01 -1.832661e-01 -7.474369e-01 8.324143e-01 -8.731080e-01 -9.187021e-01 -4.730254e-01 4.456330e-01 1.303871e-01 1.328207e-01 -5.061767e-01 1.142925e-01 8.653804e-01 1.724493e-01
181 -5.049042e-01 6.240509e-01 6.272507e-01 -1.832676e-01 -7.474367e-01 8.324139e-01 -8.731086e-01 -9.187019e-01 -4.730258e-01 4.456334e-01 1.303876e-01 1.328202e-01 -5.061759e-01 1.142922e-01 8.653808e-01 1.724479e-01
191 -5.049045e-01 6.240514e-01 6.272522e-01 -1.832658e-01 -7.474370e-01 8.324134e-01 -8.731079e-01 -9.187018e-01 -4.730249e-01 4.456329e-01 1.303871e-01 1.328193e-01 -5.061772e-01 1.142922e-01 8.653819e-01 1.724495e-01
118 -5.050232e-01 6.242259e-01 6.273488e-01 -1.831165e-01 -7.473614e-01 8.322735e-01 -8.731674e-01 -9.186311e-01 -4.730704e-01 4.457346e-01 1.304044e-01 1.327160e-01 -5.062911e-01 1.142270e-01 8.654449e-01 1.724466e-01
146 -5.050232e-01 6.242259e-01 6.273488e-01 -1.831165e-01 -7.473614e-01 8.322735e-01 -8.731674e-01 -9.186311e-01 -4.730704e-01 4.457346e-01 1.304044e-01 1.327160e-01 -5.062911e-01 1.142270e-01 8.654449e-01 1.724466e-01
127 -5.050221e-01 6.242256e-01 6.273481e-01 -1.831172e-01 -7.473614e-01 8.322740e-01 -8.731675e-01 -9.186302e-01 -4.730698e-01 4.457344e-01 1.304056e-01 1.327158e-01 -5.062927e-01 1.142268e-01 8.654449e-01 1.724474e-01
198 -5.050221e-01 6.242256e-01 6.273481e-01 -1.831172e-01 -7.473614e-01 8.322740e-01 -8.731675e-01 -9.186302e-01 -4.730698e-01 4.457344e-01 1.304056e-01 1.327157e-01 -5.062927e-01 1.142268e-01 8.654449e-01 1.724474e-01
107 -5.115660e-01 6.240097e-01 6.150517e-01 -1.805730e-01 -7.373932e-01 8.241330e-01 -8.588408e-01 -9.256614e-01 -4.721638e-01 4.521039e-01 1.315475e-01 1.409357e-01 -5.135110e-01 1.192515e-01 8.517732e-01 1.843758e-01
157 -5.115653e-01 6.240107e-01 6.150520e-01 -1.805737e-01 -7.373936e-01 8.241323e-01 -8.588407e-01 -9.256621e-01 -4.721640e-01 4.521057e-01 1.315492e-01 1.409365e-01 -5.135112e-01 1.192508e-01 8.517735e-01 1.843759e-01
158 -5.115654e-01 6.240105e-01 6.150527e-01 -1.805729e-01 -7.373931e-01 8.241324e-01 -8.588399e-01 -9.256623e-01 -4.721631e-01 4.521051e-01 1.315481e-01 1.409356e-01 -5.135104e-01 1.192525e-01 8.517724e-01 1.843753e-01
113 -5.115923e-01 6.240777e-01 6.151581e-01 -1.806595e-01 -7.372495e-01 8.240315e-01 -8.588297e-01 -9.257183e-01 -4.722933e-01 4.520470e-01 1.313863e-01 1.408957e-01 -5.135589e-01 1.192364e-01 8.518314e-01 1.843683e-01
124 -5.115930e-01 6.240762e-01 6.151577e-01 -1.806577e-01 -7.372500e-01 8.240328e-01 -8.588297e-01 -9.257182e-01 -4.722945e-01 4.520461e-01 1.313869e-01 1.408952e-01 -5.135582e-01 1.192356e-01 8.518316e-01 1.843682e-01
128 -5.115927e-01 6.240778e-01 6.151573e-01 -1.806582e-01 -7.372502e-01 8.240320e-01 -8.588280e-01 -9.257168e-01 -4.722949e-01 4.520469e-01 1.313866e-01 1.408951e-01 -5.135593e-01 1.192351e-01 8.518326e-01 1.843684e-01
184 -5.115926e-01 6.240764e-01 6.151572e-01 -1.806587e-01 -7.372504e-01 8.240320e-01 -8.588285e-01 -9.257182e-01 -4.722937e-01 4.520472e-01 1.313868e-01 1.408950e-01 -5.135579e-01 1.192354e-01 8.518323e-01 1.843681e-01
137 -5.117171e-01 6.241955e-01 6.151451e-01 -1.806427e-01 -7.373676e-01 8.241968e-01 -8.588393e-01 -9.256806e-01 -4.721967e-01 4.520010e-01 1.315594e-01 1.409182e-01 -5.136039e-01 1.192459e-01 8.517819e-01 1.842933e-01
178 -5.117170e-01 6.241955e-01 6.151451e-01 -1.806427e-01 -7.373676e-01 8.241968e-01 -8.588393e-01 -9.256806e-01 -4.721967e-01 4.520010e-01 1.315594e-01 1.409183e-01 -5.136039e-01 1.192459e-01 8.517819e-01 1.842933e-01
138 -5.117177e-01 6.241953e-01 6.151448e-01 -1.806410e-01 -7.373683e-01 8.241973e-01 -8.588386e-01 -9.256800e-01 -4.721954e-01 4.520012e-01 1.315579e-01 1.409190e-01 -5.136028e-01 1.192466e-01 8.517817e-01 1.842941e-01
143 -5.117177e-01 6.241953e-01 6.151448e-01 -1.806410e-01 -7.373683e-01 8.241973e-01 -8.588386e-01 -9.256801e-01 -4.721954e-01 4.520011e-01 1.315579e-01 1.409190e-01 -5.136028e-01 1.192466e-01 8.517817e-01 1.842941e-01
109 -5.000895e-01 6.248848e-01 6.109471e-01 -1.876295e-01 -7.540115e-01 8.230286e-01 -8.598005e-01 -9.113698e-01 -4.869420e-01 4.511100e-01 1.307320e-01 1.327781e-01 -5.118269e-01 1.236038e-01 8.491667e-01 1.705983e-01
125 -5.000906e-01 6.248843e-01 6.109478e-01 -1.876283e-01 -7.540107e-01 8.230270e-01 -8.598007e-01 -9.113690e-01 -4.869425e-01 4.511097e-01 1.307326e-01 1.327781e-01 -5.118280e-01 1.236038e-01 8.491664e-01 1.705978e-01
159 -5.000906e-01 6.248849e-01 6.109469e-01 -1.876288e-01 -7.540100e-01 8.230284e-01 -8.598011e-01 -9.113700e-01 -4.869413e-01 4.511105e-01 1.307322e-01 1.327779e-01 -5.118273e-01 1.236034e-01 8.491666e-01 1.705993e-01
156 -5.000509e-01 6.247706e-01 6.108848e-01 -1.876094e-01 -7.539787e-01 8.228810e-01 -8.597615e-01 -9.112842e-01 -4.868137e-01 4.510735e-01 1.305590e-01 1.329252e-01 -5.118783e-01 1.236200e-01 8.490269e-01 1.706661e-01
161 -5.000500e-01 6.247708e-01 6.108838e-01 -1.876091e-01 -7.539779e-01 8.228806e-01 -8.597603e-01 -9.112852e-01 -4.868128e-01 4.510737e-01 1.305592e-01 1.329235e-01 -5.118775e-01 1.236188e-01 8.490265e-01 1.706662e-01
169 -5.000515e-01 6.247712e-01 6.108838e-01 -1.876095e-01 -7.539770e-01 8.228816e-01 -8.597605e-01 -9.112850e-01 -4.868133e-01 4.510735e-01 1.305594e-01 1.329251e-01 -5.118775e-01 1.236204e-01 8.490272e-01 1.706672e-01
