0 -0.05799104 -0.10576151 -0.27864240 0.12852598 0.21318303 0.22385068 0.34152773 -0.05009526 0.23425032 0.04056539 -0.08002404 -0.27845048 0.50850888 0.15416883 0.50375892 0.00212877
1 0.02938614 0.32444136 -0.26134534 -0.08004444 0.24916713 -0.12687959 0.40972649 -0.15190080 -0.11326728 0.10403511 -0.31423225 -0.43103236 0.17015717 0.25801626 -0.35987646 0.12966462
2 -0.19774092 0.17013357 -0.05076980 -0.25605380 0.16036905 -0.14506897 0.04946992 0.04633621 0.28099665 0.11520079 0.19486163 -0.23027846 0.58014325 0.02871503 0.52139667 -0.14134931
3 -0.36607927 0.08706493 0.07159748 -0.02487646 0.12743518 0.04274175 -0.08125360 -0.23035336 0.11415011 0.53205246 0.22911148 -0.12140070 0.25742337 0.57647624 -0.09726803 0.05946625
4 -0.43577884 0.28015021 0.17433278 -0.06030775 -0.06713050 -0.23170649 0.26199137 -0.24258425 -0.38037465 -0.00562774 0.32583213 -0.21310669 0.38423068 0.05840548 0.22636033 -0.11541982
5 -0.17526314 0.13407577 0.20871523 -0.18566680 -0.43924885 -0.29587407 0.13839369 -0.10286639 -0.40900387 0.31239907 -0.21603375 0.33980070 0.20182607 0.19453574 -0.23858183 -0.02335264
6 -0.14389976 0.19837422 -0.31421921 -0.08561163 0.22197523 -0.16703232 0.19592758 0.10777563 0.09300021 0.37140788 0.28363861 -0.40478927 0.36236440 0.17104801 0.14244774 -0.36735086
7 -0.50476260 0.17293807 -0.24444078 -0.15058992 0.14016630 0.07134242 0.27518469 0.02404012 0.13685903 0.06263955 -0.01068213 0.38633831 0.36013512 0.33342879 -0.14590885 -0.31249109
8 -0.39491852 0.20483635 0.11779861 0.17074681 -0.07550563 0.01205155 0.00657212 -0.20558132 -0.01298157 0.24720925 -0.01760993 -0.22739297 0.28608535 0.68822915 0.14138448 0.14867705
9 -0.29163457 0.07651605 -0.16029306 -0.38195516 0.21736592 0.27042892 0.55161398 -0.01781932 0.02445028 0.08927587 0.03372839 0.39919511 -0.08041497 0.03132570 -0.20337559 -0.30767495
10 -0.10454736 0.35217816 -0.12956698 0.11727582 0.55221614 0.05535413 0.22277636 -0.17777447 -0.09941097 0.03314966 -0.07501499 -0.08678175 0.42991360 0.46063565 -0.13711184 -0.07286313
11 -0.38055913 -0.21167784 0.19672795 -0.33093506 -0.06196068 0.08692720 -0.02435104 -0.30515242 -0.01682624 0.36498280 -0.06468357 -0.15262106 0.37025294 -0.33282545 0.28331197 -0.26065780
12 -0.26583781 0.20881599 -0.37702230 -0.01898014 -0.02174755 -0.36359397 -0.07591779 0.09468121 0.10538412 0.17206624 0.43258790 -0.10501136 0.47312627 0.29237302 0.21417947 0.04174853
13 -0.42769002 0.18925127 -0.30836740 -0.10297514 0.09100534 0.08347928 0.25725312 0.12539385 0.23873309 0.36607884 -0.04711720 -0.15989956 0.44858537 -0.06849323 0.22853691 -0.31854818
14 -0.43087616 0.40623268 0.09290837 0.00743302 -0.10302900 -0.12571658 0.05516521 -0.10718875 0.18598544 0.08135891 0.19908079 -0.06137494 0.64752089 0.18758204 0.17178937 0.17632203
15 -0.30284584 -0.03941546 -0.19926187 0.27784160 -0.03080823 0.01959889 0.04112612 -0.22535549 -0.03270367 0.22119423 0.23602474 0.09238437 0.28633532 0.15804410 0.14137254 -0.70344071
16 -0.08607513 0.11875770 0.15303593 -0.32878760 0.27332093 -0.45799288 -0.04633010 -0.48999211 -0.24019826 0.03461176 0.13323033 0.34138831 0.28071597 0.03941127 -0.19729388 -0.08829936
17 -0.30098810 0.43821570 0.24469798 -0.03999005 -0.06448813 -0.14689235 0.06449701 -0.46774774 0.02215444 0.24063544 -0.24303512 0.11004505 -0.12226365 0.07854119 0.47265287 0.18199695
18 -0.20349839 0.21078045 0.08263812 -0.50537125 0.37260371 0.07486408 0.33093680 -0.17137729 0.23061785 -0.13876388 0.26566356 -0.02386022 0.26827546 -0.23227073 0.30150631 0.09049546
19 -0.04499017 -0.36848253 0.23383470 -0.47204838 -0.10743695 0.22872478 -0.25614601 -0.05845794 -0.03745181 -0.10544221 0.17539244 0.17548221 0.03742657 0.49381551 0.32417884 0.16546507
20 -0.27481031 0.11371206 -0.02361604 -0.05354232 0.30240234 -0.14531740 0.13830376 -0.30968287 -0.11155014 -0.38593889 0.22379712 -0.12636453 0.42505791 -0.03193854 0.52094819 -0.00138098
21 -0.37636238 0.38009029 -0.48601506 -0.00687489 0.02877332 -0.29836650 -0.10430240 0.08051856 0.08283928 0.35334606 0.07372149 0.12952772 0.25178216 -0.07783247 0.17727910 -0.34000593
22 -0.06675691 0.31172835 0.29770692 -0.50244250 0.29420840 0.15129924 0.18498242 0.10281471 -0.25062032 0.29033693 -0.23067947 -0.06314059 0.11667305 0.29170604 0.31574414 -0.01861373
23 -0.17624874 0.33065672 -0.04052914 -0.22880929 0.13829769 -0.03114603 0.56849114 -0.30907805 0.31961011 -0.11001625 -0.35383087 0.17750567 0.00680342 -0.09185569 -0.17028245 -0.24157785
24 -0.20676056 0.10586931 -0.02446668 -0.20954970 0.04756220 0.26240951 0.60559114 -0.01197385 -0.06445814 -0.06935205 -0.18011797 -0.18093687 0.00861357 0.09361181 -0.04400492 -0.61531144
25 -0.11737051 0.23337995 0.25788867 -0.24296744 0.23539617 0.24792084 0.04170997 0.12894337 0.14872182 0.35623184 0.13961165 -0.02227131 0.36731101 -0.00090058 0.31249861 -0.51903343
26 0.04470887 -0.19517375 0.30692778 -0.20442521 0.04450920 0.29005608 0.18504345 -0.43058430 -0.00185685 -0.14669875 -0.03907188 -0.14318095 -0.06815753 0.14391103 -0.07256427 -0.66632103
27 -0.19690861 0.31249861 -0.09521416 0.05145791 0.19743764 -0.22288707 0.16256524 -0.31542493 0.21317100 0.15426345 -0.17650525 -0.15112584 0.12331097 0.67922121 0.19364378 0.00042529
28 -0.29036544 0.33864182 -0.01860970 -0.27797987 0.33096345 0.10596152 0.36515742 0.18470601 -0.09981888 0.22754814 -0.09026546 0.22521428 0.42471981 0.16176111 0.31082802 -0.10672715
29 -0.45433936 0.01790015 0.01620895 -0.34196372 -0.03846790 -0.06399728 -0.14414049 -0.21448333 -0.15662884 -0.10420025 0.51697632 -0.19624840 -0.20578651 0.29422426 0.27365734 -0.24233412
30 -0.59679361 -0.05760428 -0.01320957 -0.26303100 0.26839989 0.23745350 0.03049026 -0.42254978 0.12651080 -0.10391985 -0.33391481 -0.09235753 0.30237841 -0.12430721 -0.01390212 -0.09668049
31 -0.27157600 -0.21925127 0.27971109 -0.13527874 0.22590177 0.29857526 0.32582099 -0.52903660 0.14396457 0.30233892 0.12559313 -0.01738942 0.15443112 -0.04656719 0.12052284 -0.29438923
32 -0.08309461 0.20008425 0.04514680 0.07803367 0.13393971 -0.32615524 -0.02103301 -0.32275986 -0.43660606 -0.08861221 0.15478291 -0.17719748 0.39763417 0.10657811 0.17787388 -0.51093646
33 -0.27865062 0.09000254 0.02687642 -0.04439921 -0.10473200 -0.04593421 0.16391395 -0.09922711 0.38802887 0.57044629 0.22853873 0.02935812 0.22800990 0.43126324 0.29742319 0.07913867
34 -0.12099079 0.05514967 0.41152726 -0.47259630 -0.04588244 0.11233083 -0.02678891 0.07590182 0.05129302 0.13872639 -0.11679350 0.32624265 0.16421883 0.59748952 0.20581348 0.01199702
35 -0.31503658 0.20108389 0.13897574 -0.03930503 -0.26194452 0.27571046 0.16861923 -0.11654470 0.41927273 0.44757220 -0.12391357 0.01691801 0.14862420 0.32788629 0.27027081 0.24169319
36 -0.38177704 0.19723885 -0.00693843 -0.28905326 -0.20576050 0.40741558 0.07689147 0.02484837 0.43877810 -0.10832061 -0.20906544 -0.11711492 -0.14746932 0.44140252 0.19639045 0.00722489
37 -0.45870682 -0.28797215 -0.05973007 -0.08483580 0.06352939 0.47082262 0.17929565 -0.24479918 -0.06046564 -0.06650012 -0.18407506 -0.05283587 0.45663681 0.17606018 -0.30107072 -0.05657079
38 -0.35524922 0.09858093 -0.26133205 -0.25548771 0.37711116 0.02361371 -0.13965396 -0.16866213 0.42723573 0.14620271 -0.34331659 0.11357846 0.13977513 0.28574931 0.24027204 -0.21493824
39 0.10420092 0.28603129 0.07909673 -0.14607064 -0.32029899 0.14989135 0.34148270 0.18126679 -0.28975526 0.46187662 -0.01727284 0.42701432 -0.12788910 -0.17704204 0.09591936 -0.26149697
40 -0.31549629 0.10221466 0.09691871 -0.23599693 0.20574713 -0.05271070 -0.25053931 -0.24758159 -0.06286420 -0.04768542 -0.35927355 -0.13815369 0.59540726 -0.13240965 -0.02550357 -0.35870224
41 -0.37238793 0.15084107 -0.03966075 -0.25395221 0.14934155 -0.08765395 0.42902197 -0.08428891 0.15246433 0.19400388 0.28786829 -0.06560588 0.44130434 -0.15734777 0.41161074 0.11988542
42 -0.26517173 0.07621546 -0.08964371 0.13351556 -0.06096888 0.55798335 0.43345254 -0.08881927 0.14436196 -0.28462353 0.12859021 -0.29811404 0.22676616 0.35505197 0.04934405 0.00147598
43 -0.19369851 -0.20781239 0.05994562 -0.10357712 0.34088995 0.46979908 0.02770513 -0.38048151 -0.31627738 0.39525045 -0.27130157 -0.05787855 0.24820210 -0.00400962 0.00128680 0.16640775
44 -0.23015046 -0.21867768 0.14174425 -0.28704938 0.24581196 0.37558913 0.12527557 -0.25556574 0.27549953 0.00662946 -0.08186351 0.16379693 0.25459441 0.45604707 -0.11721303 -0.34382027
45 -0.22402592 -0.24132955 0.01061752 0.19161081 0.16175937 0.32910577 0.13737446 -0.36184822 -0.06228917 0.14068125 0.00220924 0.01423199 0.24611594 -0.05595482 0.56314407 -0.40712235
46 -0.20515284 -0.35842943 0.21669012 -0.29270018 -0.30405291 0.37923194 -0.22706073 -0.13939799 0.19609950 0.29201161 -0.09077860 -0.27176936 0.32509536 0.17412314 0.14911570 0.15966449
47 -0.25763547 0.21935118 0.04442807 0.11699513 0.22311187 0.20445780 -0.13000702 -0.22799623 -0.09772563 0.67982840 -0.16077602 -0.07140868 0.08347645 0.39600027 -0.02963897 0.20506882
48 -0.54355624 0.19577973 -0.13515548 -0.03097659 0.08408691 0.38028280 0.30814553 -0.13783540 0.24748238 0.42835928 0.26969907 -0.16272420 0.10742083 -0.11762384 -0.10648922 -0.02611434
49 -0.40954236 0.28809776 0.17459628 -0.14392958 -0.26816614 -0.07647076 -0.21113000 -0.06673207 -0.01580655 -0.32818245 -0.12890975 0.02460951 0.45220379 0.46678377 0.14108339 -0.06187450
50 -0.32145365 0.33494686 0.06188516 -0.04448529 0.27944454 -0.19575990 0.04567866 -0.42623051 -0.00976209 -0.01147304 -0.23558266 0.22134681 0.56057670 -0.03402443 -0.21834587 -0.10344039
51 -0.51609629 0.37753524 0.15420046 -0.32151797 -0.08067280 0.41887399 0.15143794 0.22837613 0.27125354 0.08451085 0.12965561 0.18513490 0.26715196 -0.01813697 0.02138341 -0.05426885
52 0.28135150 0.13666371 0.34089897 0.04343660 -0.01794136 0.25578700 -0.06134611 -0.10093805 -0.01271212 -0.19223397 0.08190571 0.07006737 0.07508095 0.24143737 0.11710026 -0.76025633
53 -0.23732902 0.15309522 0.22324229 0.14268980 -0.04344563 0.36570879 0.17010978 -0.23719256 -0.06423709 0.11538864 0.17443342 -0.21471347 0.02995446 0.56863320 0.14495788 0.43587566
54 -0.50528128 0.25350970 -0.03943038 -0.02660720 0.02813207 -0.17287851 0.00459873 -0.08384663 -0.13270257 0.11023736 -0.35685189 0.08642372 0.28436811 0.42557628 0.34421961 -0.30885118
55 -0.53570921 0.32006136 -0.08210983 -0.11444943 -0.13944892 0.01794416 0.44827446 -0.07624230 0.27712515 0.34970608 -0.07690909 -0.05570384 0.25389730 0.20285874 -0.19396215 0.11339031
56 -0.23330047 0.13145604 0.05044811 0.01204996 0.45141225 -0.13416083 0.43392937 -0.57255919 -0.30321368 -0.03545681 0.11400965 0.14950087 0.21232716 0.06359408 0.06847917 -0.07313180
57 -0.26524231 0.07551875 -0.09152435 -0.30334434 0.21606348 0.46133520 0.33608630 0.21704977 -0.23672870 0.01152637 0.00817826 0.10465228 0.16166581 0.15497307 -0.39408598 -0.36238402
58 -0.10486287 -0.26992622 0.12307417 -0.31396817 -0.07779385 -0.15208784 0.43406568 -0.25351617 0.04632081 0.44135586 0.07560522 0.01576078 0.29864907 -0.06340293 0.45295685 -0.13880930
59 -0.06077928 0.23074926 0.21127653 -0.41358486 0.39326520 0.09653039 0.49417590 -0.15603124 0.01402588 0.10813025 -0.35453135 -0.24401728 0.27266651 0.03122741 0.14663563 0.02982048
60 -0.29841257 0.12467675 0.48567145 -0.29353091 0.00054099 0.01594033 0.14552817 -0.15616823 -0.06293153 -0.00251094 0.07601623 -0.06949557 0.28690398 0.39796336 0.13408849 -0.50428554
61 0.03228257 0.25679520 0.34360383 -0.03105407 -0.22414248 0.28769292 -0.10572153 0.06516121 0.30496426 0.50825667 0.23479129 0.36812616 0.16701530 0.28254873 0.12437898 -0.01965004
62 -0.18894073 0.22160827 -0.05804065 -0.16826742 -0.00282804 0.20612615 0.59165496 0.02641692 -0.20936955 0.20641511 -0.12762962 0.34326116 -0.25434646 -0.12669741 0.09338920 -0.42453841
63 -0.40913248 0.25203715 -0.18693298 -0.00733568 0.15022062 -0.07676598 0.33178736 -0.20442191 -0.17443083 0.07539089 -0.39216778 0.28554638 -0.05055731 -0.06706721 0.46211649 -0.24841863
64 0.02267451 -0.10494076 -0.18512707 -0.02464530 0.06230486 -0.17819046 0.29842113 -0.18886967 -0.23339481 0.25874619 -0.07966471 -0.33236876 0.07631207 0.16966252 0.36157534 -0.62421904
65 0.06370325 -0.33155063 -0.08319730 -0.34082297 0.03583942 0.07698932 -0.06109043 0.02928472 0.43268433 0.00345953 0.20654465 0.41243296 0.22952075 0.49679769 0.21320728 -0.07872823
66 -0.47995618 0.10316579 -0.10470652 -0.20667466 0.12680618 -0.27502565 -0.02271800 -0.11379158 -0.16084822 0.12249167 0.37385806 -0.27099809 0.15935019 0.47917153 0.28422964 -0.10132607
67 -0.29297196 -0.00385993 0.26282438 -0.09981510 -0.00277688 0.02826314 0.55682546 -0.29476240 -0.35161152 0.10409761 0.08006650 -0.10952919 0.36156654 0.34125769 -0.01166882 0.19279330
68 -0.43106147 -0.06324469 -0.09315494 -0.03234512 -0.00484476 0.04144645 0.14486498 -0.16848333 0.35570349 0.46085959 0.12904459 -0.22590685 0.51010047 0.24379577 0.08888346 -0.12331346
69 -0.34669183 0.15718764 0.28512505 -0.03141835 -0.26026457 0.40727592 0.08505800 -0.23110876 0.32465132 0.32484683 -0.18893284 -0.08577435 0.06808425 0.22431705 0.26079711 0.31876392
70 -0.09395957 0.13833163 0.05561581 -0.04534128 0.04777422 -0.09237465 0.11957221 -0.16992571 -0.43877019 0.08618200 -0.03003642 -0.30409915 0.31973531 0.57234472 -0.34597306 -0.26470301
71 -0.17105832 0.22503276 0.05956953 -0.40594627 -0.05848494 0.10935790 -0.00049833 0.07395705 -0.13262330 0.57708770 0.14080673 0.17520700 0.06728800 -0.41715495 0.31212066 -0.23194926
72 -0.09661117 0.10769256 -0.05275959 -0.36687872 0.36239008 -0.03597150 0.37085001 -0.00142879 -0.40622628 0.16964785 0.09678551 -0.30219555 0.10393285 0.35571924 -0.03251589 -0.37235394
73 -0.49644567 0.30010485 -0.08687241 -0.27116629 -0.09539956 0.10351719 0.13743382 0.15456494 0.12970507 0.04215553 -0.27230243 -0.02916225 0.36245118 0.04228542 0.03953116 -0.53989293
74 -0.06749807 0.28379514 0.06550533 -0.25497242 0.09423228 0.07047523 0.06851073 0.18581023 0.11191550 0.30481846 0.36331243 -0.33537086 0.37411166 -0.05528395 0.15263804 -0.52565547
75 -0.07008512 0.19782201 -0.09107194 -0.23005704 -0.03699115 -0.31831815 -0.12712665 0.05779555 0.24315038 -0.31201900 0.13133502 0.13687259 0.70138758 0.14713629 0.24202188 0.08893096
76 -0.45174700 -0.02259994 0.03723239 -0.18139264 -0.35973666 0.02142262 -0.20073557 -0.08042099 -0.25137830 -0.03045627 -0.27659768 0.10131177 0.58098846 0.12829059 -0.20253609 -0.19640961
77 -0.34326691 0.26837193 0.14770647 -0.07522777 0.09448049 -0.12878642 -0.18303443 -0.23022337 0.06148373 0.16362077 -0.32016983 0.23887189 0.27201554 0.61631872 0.16214520 -0.01995548
78 -0.27441323 -0.19400510 0.26434668 0.09915289 -0.06792992 0.60114839 0.09699761 -0.29944755 0.20332927 0.34788198 -0.00966333 0.31118568 0.18552116 0.13855749 0.14240575 -0.09532810
79 -0.21857799 0.25934481 0.07546135 -0.28185240 -0.34025201 0.05149081 -0.00514074 0.07511237 0.07711461 0.26079786 0.08695596 -0.40613483 0.22319681 -0.41617296 0.18915669 -0.41288216
80 -0.05256791 -0.05145960 0.03993631 -0.48546978 0.15206052 -0.04521508 0.34455588 0.13391435 -0.25672875 0.25760220 -0.14732349 0.29435508 0.46237804 0.32967134 0.01187362 0.17960735
81 -0.01573509 -0.06470955 0.34446847 -0.49734719 0.30480730 0.07552214 0.32396109 -0.28104251 0.25444176 0.24186851 0.14205513 0.01458944 0.24288079 -0.04280088 0.28976392 -0.24204532
82 -0.28075094 0.19745824 -0.10832201 -0.47812943 -0.00402068 -0.30215391 0.07983898 0.00226131 -0.18379251 -0.16392362 -0.01748349 0.46308947 0.49569994 0.06289808 -0.12709180 0.05403818
83 -0.25487323 0.65746062 0.43789299 -0.04950680 0.00710162 0.13455750 -0.16828842 -0.15900206 -0.03862711 -0.03367691 -0.08243143 0.05895750 0.45131778 -0.03543980 0.06053733 -0.12377226
84 -0.13126139 0.46539699 0.41544632 -0.24350487 0.09482214 0.18024776 -0.01023399 -0.13034916 -0.15724467 0.37735758 -0.30124006 -0.26006588 0.10773657 -0.07137635 0.32528511 0.16641236
85 0.07362664 -0.23732949 0.16980440 -0.31098157 -0.20717451 -0.11405885 0.55315857 -0.12089588 -0.31292432 0.27647982 -0.10153667 0.13765982 0.35377325 0.16874994 0.17627753 0.21874958
86 -0.40479385 0.56697241 -0.37417365 -0.28090733 0.09610288 0.04085743 -0.01200631 0.26565387 0.22505271 0.12149308 0.22012040 0.31157802 -0.00773940 -0.03586681 -0.04062695 -0.01442667
87 -0.18063614 0.33972879 0.29359721 -0.25632553 0.48467713 0.09838644 -0.01675936 -0.07221755 -0.10650012 0.06627565 -0.01489303 -0.05703544 0.59485223 -0.03137551 0.27427337 -0.02637636
88 -0.55320826 0.18098926 0.08630620 -0.08008367 0.01842029 0.24127037 0.04647469 -0.07139894 -0.15876501 -0.36642170 0.01415714 0.13438726 0.43699095 0.26815048 0.08977282 -0.36452225
89 -0.37514567 0.00771101 -0.15319834 -0.32026868 -0.24532129 0.07139453 0.21740590 0.10631033 0.32884445 0.14191355 0.51713168 -0.26718789 -0.06175177 0.24455581 0.21585631 -0.17891377
90 0.01964357 0.12095606 -0.26377720 0.24832759 0.06245557 -0.12853948 0.37079137 -0.36835170 0.27232611 -0.18929072 -0.21755289 -0.26407067 0.11707346 0.34233303 0.44589296 -0.05807532
91 -0.22395946 0.01637042 0.01802996 -0.47975787 0.28906765 0.11538185 0.43310390 -0.42221515 0.36747013 0.01876492 0.01726248 0.17548711 -0.08840301 -0.22417367 -0.13739771 -0.11373907
92 -0.32887395 0.13747706 -0.25811468 -0.46918285 0.08528621 0.10848860 0.11290484 0.18641647 0.34717087 -0.04331561 -0.45095879 0.18049002 0.15790366 0.12639944 -0.05622368 -0.34238621
93 -0.22639443 -0.01732834 -0.09039497 -0.17916745 0.19307782 0.09553633 0.21385586 -0.11226992 -0.31912116 0.26981685 -0.12223435 -0.19312847 0.45135835 0.39737406 -0.44352401 0.13492454
94 -0.25681889 -0.10727942 0.06292255 -0.42266759 0.28085838 -0.12034697 0.06953489 -0.44898262 0.59228643 0.20393361 0.09794485 -0.00263127 0.15822421 0.10819252 -0.02978112 -0.02287011
95 -0.04669486 -0.27729198 0.10171977 -0.05476085 0.04445155 0.40229671 0.51753705 -0.21528957 -0.19707994 0.24356631 -0.27880279 -0.11364571 0.37890170 0.13790819 0.16920776 0.22258141
96 -0.50710968 -0.24601733 -0.10251816 -0.15357189 0.10517384 0.19778185 -0.28095540 -0.21409543 -0.29444952 -0.18252442 0.38531962 0.07894286 0.17694561 0.16027601 0.36771491 -0.07960964
97 -0.38760770 0.30525575 0.14984943 0.17788595 0.02426318 -0.25221082 0.21056839 -0.49413493 -0.21271886 -0.06416005 0.15482240 0.01632619 0.29911486 -0.11728611 0.37172989 0.18644669
98 -0.36008669 0.12045593 -0.09664801 0.02072060 0.06785208 0.11293880 0.16192804 -0.35021304 0.09142787 -0.45243960 -0.34130239 -0.12269832 0.05672858 0.16737156 0.52822489 -0.15802870
99 -0.27389743 -0.01446888 0.09105310 -0.35592410 -0.13855487 -0.06113823 -0.06076760 -0.07491834 0.19214469 0.21193792 -0.02579462 -0.39672373 0.54038813 -0.05135391 0.26023210 -0.39406571
100 0.27015197 0.32444275 -0.46767623 -0.06871957 0.23698683 -0.07987182 -0.26075058 -0.15946627 0.04064905 0.14125890 -0.56021783 -0.17068521 0.06184777 -0.01168548 -0.25183536 0.10189277
101 0.13210252 0.13484524 -0.21993744 0.06721080 -0.46441704 0.06520871 -0.20517882 -0.38915267 -0.16392417 -0.10387967 -0.12796725 0.07575372 -0.43762980 -0.24599298 0.28454452 0.32438876
102 0.29433256 0.04622894 -0.25943232 0.01413411 -0.16166074 0.19331327 -0.25289090 -0.22937166 0.08703976 0.02258295 0.44084522 0.31662773 -0.30098290 -0.14157351 -0.48148350 -0.13606356
103 0.44381536 -0.23883214 -0.15553037 0.41204353 -0.19252036 0.32571186 0.14321961 -0.28965244 0.00349242 -0.16030675 0.39922165 -0.09769749 0.13847978 -0.21527652 0.17143539 0.12211050
104 0.21241467 0.04839049 -0.12709030 -0.23629972 -0.23227130 0.21041581 -0.23910621 -0.19859216 -0.30279029 -0.41305125 0.08412956 -0.50965752 -0.12199205 0.01250161 -0.34010757 -0.16087291
105 0.27048398 0.06953989 -0.40063200 0.42395826 -0.52105458 0.04675742 0.32990452 -0.06849638 0.02016412 0.01037021 0.32776550 0.15524313 -0.13190355 0.17623949 0.11806764 -0.00997378
106 0.32905760 -0.29961806 -0.43496226 0.07575032 -0.39136550 0.21380281 -0.23161071 -0.04879964 -0.29370649 0.00650835 -0.22240124 0.21013035 0.15684257 -0.32465996 0.20463541 0.01772097
107 0.08160277 0.27657154 -0.24132867 -0.30813254 0.27275505 0.06768030 0.20703268 -0.11419829 0.27619280 -0.45167565 0.37181855 0.18464993 0.02927336 -0.27038140 0.28959653 0.13534066
108 0.67197937 0.12311502 -0.05497958 -0.04521413 0.15716118 0.00376150 -0.27988928 -0.27707566 0.21758238 -0.10199994 -0.03502630 -0.19171218 -0.23567151 0.36019683 -0.14441134 -0.21571439
109 0.65974359 0.08782413 -0.06349507 -0.12311001 -0.38107619 0.06534444 -0.18907192 0.06586457 0.36040051 -0.15913948 -0.05370737 0.19020173 0.33313624 -0.07854720 -0.04340948 0.18695841
110 0.51786874 -0.23232111 -0.16835087 -0.29798426 -0.34606022 -0.25101560 0.21961239 -0.04987720 -0.28867750 -0.00840978 -0.06253409 0.15378317 -0.19419221 0.19495783 0.21583711 0.30650997
111 0.04351056 -0.03576549 -0.25265952 0.04901176 -0.31924962 0.53580030 -0.13964328 -0.26004458 -0.21054847 -0.20097977 -0.07020696 -0.36664489 -0.37246961 -0.20201146 -0.22247994 -0.03663865
112 0.53942858 0.11292995 -0.05147859 0.24259866 -0.36053660 0.03682616 -0.41549317 -0.27382638 0.03670780 -0.17600783 0.02831098 0.16158093 0.18823710 -0.33787283 0.20134393 0.08021503
113 0.43333661 0.37941366 -0.08314476 0.21184026 -0.16545114 0.45750765 -0.16190753 0.17660117 -0.05622529 -0.17965140 0.09432030 0.27662700 -0.07810811 0.13859758 0.41742747 0.04444529
114 0.53360116 0.02149519 -0.14446569 0.08061804 0.06676249 -0.00412832 -0.25104856 -0.44193305 0.14169064 -0.05266838 0.54095342 0.17947095 -0.07011689 -0.09490841 -0.16536957 0.18887028
115 0.21419674 -0.18245802 -0.35699850 0.08540151 -0.09114795 0.23940246 0.01095298 -0.52386753 0.00477401 -0.09379835 -0.06677877 -0.28008889 -0.42715846 -0.22074765 0.07884553 -0.34171368
116 0.14752184 -0.07382077 -0.38378166 0.04437122 -0.00467238 0.58095640 -0.13711131 0.17675542 -0.40147052 0.05439226 -0.12682507 0.22851644 0.03572554 0.10406331 -0.42536542 0.10234150
117 0.13202694 0.11038236 -0.66217319 0.13572922 -0.18296834 -0.15600680 -0.07667316 0.11061145 -0.27877683 0.00511190 0.49912270 0.05410311 0.05491459 0.06576956 0.03311840 0.31516396
118 0.26310426 -0.03135250 -0.67845423 -0.01216256 -0.07827836 0.29407474 -0.24561908 0.07800982 0.09984490 0.11052141 -0.08614615 0.12352381 -0.34657175 0.32878024 0.02846537 0.19089630
119 0.37930200 -0.00171617 -0.28988405 -0.02942625 -0.34777983 -0.12717333 0.07346251 -0.28890568 -0.27595867 -0.41572745 -0.03847829 0.29766143 -0.21789248 -0.09532087 -0.29927482 -0.24504542
120 -0.28314358 0.01716386 -0.15146026 0.00285782 0.08830181 0.67490552 0.04885828 -0.24325259 -0.07920539 -0.15241561 0.08861497 -0.09448153 0.05396275 -0.31219070 -0.46663955 -0.08557008
121 0.49604900 -0.29070735 -0.39853669 -0.11180275 -0.14763210 0.10788640 0.12001272 -0.08095849 0.02668016 0.13057439 0.36301760 -0.15552752 -0.16685769 -0.02364974 0.33944559 0.35545047
122 0.30830419 0.06944968 0.16864638 -0.14676677 -0.13225733 0.29477187 -0.01815113 -0.15449872 -0.13346713 -0.13695114 0.47986303 -0.00807837 -0.33422107 0.34042357 0.12991324 0.45846390
123 0.31925624 0.13962483 -0.17469614 0.10929904 0.09343922 0.10978355 -0.21255430 -0.57048483 -0.07388141 0.04914860 -0.09880170 0.19599901 -0.47974211 -0.08355804 -0.38923333 0.00336054
124 0.14207578 0.40961400 -0.36124786 -0.14473207 -0.01978728 -0.08237438 -0.52205804 0.00653556 -0.00935347 0.16851294 -0.03052365 -0.24220467 -0.41387675 -0.04206241 0.07061804 -0.33865919
125 0.39291261 -0.14877124 -0.45655680 -0.13766788 -0.09494603 0.30770781 -0.08987857 0.25094243 0.31441257 0.05613056 0.04871827 0.15800708 -0.04021579 -0.00125218 0.52565717 0.11857986
126 0.22323005 -0.20591319 -0.34121062 0.37413409 -0.33217763 0.27444216 -0.16225767 -0.22287984 -0.18780706 0.06256143 0.08672227 0.33483395 -0.25549770 0.04683321 -0.20298003 -0.34958602
127 -0.05530907 0.25539370 -0.36365233 -0.57133148 -0.00872854 -0.04192568 -0.34250699 0.14520745 -0.22565386 0.34785866 0.10662768 0.04899637 -0.32321721 -0.15871709 0.02341010 0.13006989
128 0.40240709 0.39700630 -0.00702396 0.23953696 0.10022323 -0.03239712 -0.40474633 -0.05334099 -0.37538933 -0.09717849 0.06709392 -0.00148157 0.07610567 0.01901148 0.31979771 -0.42659048
129 0.26676594 -0.16283216 -0.12510194 0.15850023 -0.45741518 0.64730995 0.11348943 -0.01765301 -0.24592867 0.11058834 -0.20537969 -0.06665447 0.08553496 -0.17553728 0.12122446 0.21899596
130 0.48306620 0.11037750 -0.34264107 0.15948363 0.20133078 0.18949814 -0.15591851 -0.22916560 -0.08760675 -0.26298787 0.45962745 0.12627560 0.01694794 -0.07680105 -0.36501765 0.12202805
131 -0.13141284 -0.03882583 -0.40826604 0.20377216 -0.45803954 0.08008446 -0.24325356 -0.45852354 -0.29337522 -0.16106556 0.05782100 0.06058324 -0.24715896 -0.18367492 -0.06532106 0.26319860
132 0.51792955 0.11506917 -0.24886972 0.25915719 0.04449543 0.23141461 -0.15260399 -0.12194186 -0.15302573 -0.07068310 0.60343561 0.11202540 0.09819031 0.02288524 -0.10282595 0.26435520
133 0.34042020 0.07894330 -0.02951034 -0.19652251 -0.60004496 -0.16366260 -0.25326248 -0.09047396 0.04930139 0.14618164 0.06360431 -0.37198587 0.13880863 -0.11193529 -0.37646643 -0.19869639
134 0.21172769 0.02452604 -0.11353023 0.31591107 -0.37417551 0.07292366 0.03539852 -0.43733955 -0.35321143 -0.23524017 0.28595188 0.22142621 -0.29469764 -0.02858121 0.15268190 0.28664819
135 0.57393849 -0.06979013 0.13186911 -0.19684228 -0.40541413 0.16745108 -0.44537027 0.03978041 -0.05105771 0.02058369 0.28243362 0.25143559 0.18595815 -0.03899733 -0.01834108 0.18652925
136 0.33367737 0.35090589 -0.24796901 0.29273171 0.03369726 0.46408614 0.02671842 -0.07590278 0.27008543 -0.29706561 -0.05088477 0.20458559 0.10260331 0.22143156 -0.36050887 0.01388392
137 0.14207859 0.22744488 -0.27411560 -0.10917638 -0.03627069 0.31395734 -0.25057202 -0.11640409 0.32606802 -0.27445197 -0.18664138 -0.23006713 -0.46861249 0.41783446 0.02118341 -0.02757672
138 0.46910602 0.20384982 -0.13140620 -0.03331210 -0.37360722 0.00147519 -0.27636681 -0.17422017 -0.28234291 -0.30906406 -0.27043190 0.09077696 0.01042663 0.03369540 0.14077583 0.44273897
139 0.11033049 -0.11856370 -0.38523055 -0.19724520 0.05449699 0.20476161 -0.31539935 -0.05263959 -0.45312229 0.23422873 -0.27793251 -0.00034902 -0.00694941 -0.06891959 -0.31361345 0.44579767
140 0.23140369 0.05129304 -0.10782385 -0.47329340 -0.26415526 0.04262512 -0.32173577 -0.14871554 -0.07411871 -0.00805846 0.11450558 -0.18965123 -0.51534030 -0.31126456 0.21099854 0.22213584
141 0.17661417 0.02786302 -0.64387214 -0.29652614 -0.01394396 -0.02668487 -0.26015855 0.05342124 0.10501857 0.01085705 -0.49079057 0.01188564 -0.24581409 -0.04876613 0.03756371 -0.27876876
142 0.32543106 0.09567466 0.14441123 -0.17849264 -0.44666169 -0.01329738 -0.33673122 -0.11958350 0.09423327 0.17107873 0.39871654 0.28154895 0.13945114 -0.05913528 -0.43485358 0.12814591
143 0.23657508 -0.15582583 -0.42187609 -0.11763500 -0.19627179 0.03819896 -0.48627736 -0.23306208 -0.11989529 -0.28148198 -0.21262543 0.10790172 -0.10442254 0.08904899 0.08893784 0.46900391
144 0.54037322 -0.26372759 -0.30979600 -0.02202561 -0.30690387 0.07234061 -0.46716536 -0.13911171 -0.22182953 -0.01807801 -0.08591017 0.19352849 -0.08489541 -0.21412774 0.23675236 0.03858192
145 0.39986140 0.03245177 -0.31016514 -0.16962292 -0.03529314 -0.03168870 -0.24394305 -0.21296180 0.05326257 -0.45656194 -0.13677926 0.11307982 -0.30417045 0.33467101 -0.20146086 -0.34508048
146 0.34314184 -0.14804309 -0.48577088 0.17113481 0.07540526 0.18811491 -0.38944657 -0.10055152 0.03167867 0.42247714 0.13399156 0.07177382 -0.03195052 0.19068733 0.27665388 0.27515176
147 0.39958280 -0.15484735 -0.04462118 -0.20680234 -0.44590776 0.39650855 -0.20490160 0.01941680 0.09389028 0.20774940 -0.14373349 -0.35417758 0.18081765 -0.01140426 -0.16880887 0.33732094
148 0.61348825 0.00047930 -0.23452441 0.11334776 -0.43243599 -0.02578377 -0.18203625 -0.15350572 -0.19236383 -0.41851429 -0.18505978 0.09253530 0.12585791 -0.18963445 0.06815574 0.00101776
149 0.48513791 -0.42932166 -0.05800165 -0.39752341 -0.40350968 0.03394844 -0.27991480 -0.16994752 -0.17859647 -0.22673544 -0.00071700 0.03124525 -0.14557844 0.08305414 0.14550155 0.11909592
150 0.45449320 -0.09739304 -0.37731295 0.16790467 -0.43929744 0.28982475 0.34761022 -0.00199226 -0.05428509 -0.02090830 -0.09010306 0.25170297 -0.18724455 -0.16364520 0.05710697 0.27498651
151 0.32186815 0.41470392 -0.06710316 -0.03481732 -0.13186448 0.23750314 0.17223331 -0.23239089 0.33421242 -0.08481045 -0.16058198 0.43136658 -0.26846333 -0.02171105 -0.35066075 0.18702756
152 0.06244603 0.03482617 -0.53234349 -0.03284814 -0.24997167 0.13130001 -0.08640887 0.00035795 -0.20082738 -0.03544073 -0.28461709 -0.03828741 -0.15589312 -0.51915604 0.39667291 -0.21906925
153 0.58386403 -0.05939413 -0.07166107 -0.28887334 -0.17996061 0.22688081 -0.15694218 -0.16401164 0.13992447 -0.01205453 0.22783686 -0.33568078 -0.34541975 0.07448265 0.12301011 0.32755349
154 -0.11930823 -0.03670331 -0.33557705 -0.06932819 -0.53593712 -0.26946520 -0.28296828 0.10100555 -0.20934039 0.25498766 -0.05259007 0.11853023 0.46501104 -0.06349578 -0.20003636 -0.17592054
155 0.23794797 -0.02041318 -0.54599072 -0.13548287 0.05281357 -0.02542339 -0.18909108 0.23501285 -0.59026589 -0.16556189 0.04685770 0.29976104 0.19977990 -0.08738483 -0.12623835 0.02682110
156 0.22261389 0.01516141 -0.38171420 -0.22852277 -0.30098375 0.31572952 -0.36114200 0.07082391 0.02426312 -0.04168490 -0.01093680 -0.06220582 -0.33399906 -0.47075618 0.26697333 -0.12574524
157 0.17171594 0.11635702 -0.27536646 -0.24428379 -0.17698939 -0.17530831 -0.04651666 -0.29550803 0.39523995 -0.58652167 0.22957097 -0.09124079 0.10147034 -0.30856635 -0.00071401 0.05627118
158 0.21192763 0.37419163 -0.28994572 -0.13108343 0.12548298 0.24305679 -0.05187595 0.11360241 0.18826404 -0.42102300 0.52416521 0.29994914 -0.08671728 -0.05322112 0.11800799 0.14729593
159 0.44102498 -0.28093806 -0.37838389 -0.29717558 -0.41692458 -0.08000016 -0.21907271 0.01505858 0.06293304 0.08815380 -0.14261787 0.42400110 0.03440727 -0.21364724 0.02277003 0.08626365
160 -0.07397948 0.26379439 -0.10225686 -0.28890741 -0.29702108 -0.34871355 -0.34484318 -0.27892545 -0.31398467 -0.12292965 0.38027473 0.14536962 -0.20798874 -0.04827333 -0.21824826 0.22763020
161 0.35428344 0.09123587 -0.32310437 -0.29442129 -0.32805366 0.36950285 0.03442684 0.36174394 0.05932099 -0.04209249 -0.00529981 0.25254882 0.05686477 -0.46866813 0.05769181 0.05976592
162 0.41472758 0.16391723 -0.00277889 -0.34421141 -0.14005433 0.08715583 -0.01225518 -0.24842187 -0.38147768 0.28251313 -0.23808903 -0.13692013 -0.44392516 -0.27687292 -0.05871610 0.12497942
163 0.34798082 0.17911944 -0.17865440 -0.09991206 0.31977418 0.04479214 -0.61512126 -0.33844084 0.12184827 0.10341937 -0.34378730 -0.15710857 0.06112973 -0.13879388 -0.11136929 -0.06267740
164 0.35994177 0.18242961 -0.04454418 0.15609474 0.37639519 -0.15267573 -0.12605895 -0.51587287 -0.14585126 -0.00667725 0.19335687 0.40942152 0.21053918 -0.18997252 -0.23881674 0.00573821
165 -0.07466911 0.21423856 -0.06872130 -0.37242518 -0.19459774 -0.03118514 -0.41895891 -0.22418357 -0.19616029 -0.33850397 0.27580908 -0.29763084 -0.46091890 0.06268808 -0.07401904 -0.03006961
166 0.53946808 0.39825911 -0.13042341 0.23002696 -0.40308035 -0.05301385 -0.22193577 -0.20952072 0.22260658 -0.22160588 -0.16378279 -0.05257399 0.13220634 -0.00101111 -0.24664642 0.12424524
167 0.37760699 -0.16615956 -0.30133220 0.23118265 -0.04742968 0.36863848 0.29746989 -0.42061529 0.03673297 0.00359525 0.16885679 0.08943236 -0.02805681 -0.32140738 -0.35698744 0.11227229
168 0.48249217 -0.09532841 -0.09008757 -0.37304256 -0.19398706 0.00843676 -0.06104500 -0.37139959 -0.24533641 -0.24850519 -0.17976122 0.19509135 -0.46801831 0.04119057 -0.11564373 0.07099419
169 0.00447622 0.01977711 -0.38834226 -0.13032001 -0.29432715 0.19257087 -0.04029783 -0.22449023 0.13432532 -0.21107507 0.32341762 0.05358424 -0.10593913 -0.60972187 -0.29848767 -0.11797913
170 0.74115656 0.08567098 0.01349319 -0.27209075 -0.27512675 -0.09696395 0.10571949 0.06642951 -0.31362435 0.25325036 -0.01768773 0.02191591 -0.18811940 0.07283049 0.19899726 -0.15768173
171 0.32747222 0.26340678 -0.22485225 -0.26910430 -0.18695008 0.11143838 -0.11184833 -0.07140185 -0.17220480 0.01671152 -0.13777598 -0.54262550 -0.15609305 -0.08205428 -0.48479395 0.16107295
172 0.52794730 -0.19229508 -0.13350445 0.04787444 -0.12185907 0.06206237 -0.08968225 -0.40123379 0.12419107 0.10016351 0.33947202 0.30169616 0.23025818 -0.27358107 -0.31017903 0.14370657
173 0.44919899 -0.00707854 -0.34634935 0.09257623 0.12027696 0.14684116 -0.23493563 -0.09826315 0.24381185 -0.13836484 0.26209947 0.46532401 -0.20890627 0.22041270 -0.19548310 -0.27297219
174 0.14204298 0.30238548 -0.30147847 0.15613508 0.23775645 0.03842410 -0.42491170 -0.34282327 -0.02397236 0.47810710 -0.27720038 -0.15363676 -0.20757194 -0.05009912 -0.17193770 -0.11078407
175 0.13709077 0.14073213 -0.29635437 0.11399788 -0.40012279 -0.19554816 -0.39455689 -0.47405890 0.08166953 -0.24247566 0.12285534 0.12464896 -0.07886002 -0.30917644 -0.04264892 0.28655155
176 0.57407052 0.08700657 -0.11501279 0.21671368 -0.02912254 -0.01455483 -0.14102145 -0.14515188 -0.41979472 -0.24334950 0.05930558 0.42544158 -0.01626298 -0.09214312 0.06725409 -0.35696194
177 0.13674282 0.18961929 -0.05486225 -0.10095559 -0.29860171 -0.20018364 -0.22084357 -0.56136925 -0.21583081 0.09446920 -0.13844452 0.33691067 -0.42962129 -0.17437901 0.03980820 0.18506755
178 -0.04361202 0.26139239 -0.16200110 -0.05149991 -0.12930292 0.20552976 -0.25992042 -0.16141544 -0.12203661 -0.72137942 -0.19556373 -0.00125195 -0.23551927 0.29007235 0.01916552 0.18653030
179 0.57219386 -0.26597164 -0.40805571 0.14785837 -0.10728984 0.02911337 -0.37653263 -0.14022094 0.00194887 0.31181850 0.11949755 0.10620808 -0.08700283 0.15908171 0.05527708 -0.28453094
180 0.38231520 -0.00412240 -0.44528188 0.02866288 -0.07820606 0.09575634 0.34285535 -0.27096173 0.13694058 -0.11488619 0.29638291 -0.12403631 -0.10165442 -0.28489584 -0.46339701 0.08396203
181 0.23953261 0.21006025 -0.58276343 -0.16101079 -0.04907523 0.25580433 -0.14154687 0.31051665 -0.28568994 -0.23940830 0.09741324 -0.05713470 0.09175728 -0.38437432 -0.13106721 0.15372170
182 0.65057357 0.05834304 -0.11254756 -0.03490705 -0.20602203 -0.19853768 -0.07267849 -0.09784833 -0.06792556 0.35526305 -0.05744569 -0.29214904 -0.18450712 0.13467351 0.05629388 -0.43349775
183 0.56130487 0.08763520 -0.29512563 0.17703678 -0.33107836 -0.30297305 0.36672760 -0.23651820 0.12122739 -0.02492452 -0.08446803 -0.24670537 -0.11407402 0.24028494 0.11130142 0.02295161
184 0.50112020 0.50704272 0.08652631 0.25924744 0.03915142 0.06278412 -0.54581996 -0.12060276 0.01459030 0.10169150 0.03387364 0.13419441 0.13687643 -0.05709669 0.19329243 0.10042064
185 0.23322856 0.07204151 -0.18798167 -0.10904138 -0.12671943 0.28138324 -0.34893469 -0.30152920 -0.22337795 -0.04174548 0.09295705 -0.37627840 -0.55126517 0.16650057 -0.22716175 -0.01388141
186 0.16633154 0.40245656 -0.11718855 0.10145752 0.34115901 0.57431322 -0.08060823 0.04743157 -0.21421336 -0.28392796 0.09235296 0.10323049 0.26893589 0.08299726 -0.29773256 0.13347428
187 0.27332880 -0.17990522 0.10518629 -0.28314359 -0.29283228 0.09814104 -0.19419246 -0.26769612 -0.22217817 -0.24814855 0.00546114 -0.40046515 -0.14934018 0.31586912 -0.34349839 -0.29244961
188 0.55128769 0.00965990 -0.31468536 -0.08387965 -0.17455399 0.24221230 0.04829758 -0.32427740 0.18455367 -0.01342816 0.07761365 -0.37899425 -0.36172202 0.00408568 -0.16332100 0.22774406
189 0.08161452 0.05349762 -0.13112967 -0.11771562 -0.55861078 -0.28839467 -0.01069573 -0.37187711 -0.35222796 -0.06742100 0.10400011 0.30374020 -0.32687641 -0.01805546 -0.18923502 0.22612453
190 0.20213568 0.13202543 -0.05686203 -0.35413408 -0.19826728 0.02213030 0.00321163 -0.34909191 0.26874130 -0.07367002 0.45837641 -0.15464993 -0.49578141 -0.15655183 -0.17443446 0.19743687
191 -0.01416946 -0.26907371 -0.58671771 0.19895043 -0.20140309 0.14079392 -0.39238838 -0.09620631 -0.42288942 -0.03439484 0.21311258 0.20906091 0.08943431 -0.15862515 -0.09709626 0.09076990
192 0.47086564 0.08628301 -0.29604482 -0.00374568 -0.21785692 0.03884592 -0.13792291 -0.07722676 -0.21748519 -0.60454394 0.10521475 -0.11118401 0.28110741 -0.23940855 -0.18600168 0.04568609
193 0.55658167 0.29124088 0.13508889 0.03051668 0.03037259 0.41890471 -0.23995676 0.08799829 -0.28263944 -0.00866356 0.37434599 0.25446374 0.01900342 -0.02595105 0.05602968 0.23551643
194 0.58435190 0.24073485 0.08260289 -0.06914269 -0.18528579 0.34672099 0.12742308 0.13678680 -0.41185926 0.22527116 -0.04857336 0.24353837 -0.10719609 -0.30545050 0.05931169 -0.09553932
195 0.35180371 0.26104275 -0.00171437 -0.05019256 -0.46611076 0.28544780 -0.07051584 -0.04247587 -0.06135790 -0.06150347 -0.24034459 0.03268842 0.05590410 0.16569964 -0.48400518 0.41088691
196 0.28439765 0.27551791 -0.00378813 0.45116147 -0.45520743 0.32631468 -0.06208260 -0.06350017 0.04976252 -0.22723362 0.15227631 0.24917134 0.03131165 0.23997844 0.03357180 -0.34493802
197 0.41178291 0.13119334 -0.38500122 0.05314874 -0.24291860 -0.22164502 0.52722506 -0.27161058 0.06579866 -0.37089453 -0.12404691 -0.01121792 0.00097014 -0.07815145 -0.19610453 0.01807271
198 0.14692430 -0.09936602 -0.64328347 -0.49627059 -0.01373531 -0.04263578 -0.02926718 0.36581449 -0.19250982 0.11627899 0.07046417 -0.02006950 -0.22728363 0.15560055 0.19951764 -0.01152192
199 0.30438717 0.29081510 -0.23023508 0.13132858 -0.41058154 0.25363740 0.23974585 0.08974642 0.15519537 0.18611307 -0.00173369 0.41957525 -0.38751734 0.04933855 0.24822420 0.07133529
