0 1.622822e-01 -9.963889e-02 -7.923029e-01 -1.292898e-01 3.105066e-02 -8.390018e-01 -7.329888e-01 -2.444810e-01 -1.569707e-01 -6.363210e-01 2.816866e-01 2.659801e-01 -1.684836e-01 -4.966819e-01 -6.939159e-02 7.935207e-02
13 1.623406e-01 -9.964681e-02 -7.922295e-01 -1.293846e-01 3.111793e-02 -8.390597e-01 -7.328753e-01 -2.444733e-01 -1.569895e-01 -6.363094e-01 2.816066e-01 2.660119e-01 -1.685676e-01 -4.965778e-01 -6.942943e-02 7.940215e-02
68 1.623227e-01 -9.971338e-02 -7.923496e-01 -1.292507e-01 3.111585e-02 -8.390733e-01 -7.329760e-01 -2.442976e-01 -1.571285e-01 -6.363350e-01 2.816039e-01 2.659429e-01 -1.684799e-01 -4.966941e-01 -6.943158e-02 7.931710e-02
1 1.673946e-01 -9.241698e-02 -7.941439e-01 -1.242260e-01 1.534461e-02 -8.419432e-01 -7.277729e-01 -2.312294e-01 -1.572463e-01 -6.421051e-01 2.856787e-01 2.733491e-01 -1.652183e-01 -5.106760e-01 -7.316299e-02 7.680343e-02
10 1.674869e-01 -9.243339e-02 -7.943211e-01 -1.241201e-01 1.548499e-02 -8.417702e-01 -7.276467e-01 -2.311129e-01 -1.572059e-01 -6.421624e-01 2.856804e-01 2.733629e-01 -1.652905e-01 -5.105513e-01 -7.319989e-02 7.682572e-02
27 1.674210e-01 -9.239254e-02 -7.941931e-01 -1.241557e-01 1.546900e-02 -8.417632e-01 -7.276278e-01 -2.312053e-01 -1.573258e-01 -6.421123e-01 2.856161e-01 2.733899e-01 -1.652354e-01 -5.106708e-01 -7.331475e-02 7.676845e-02
2 1.674675e-01 -9.798685e-02 -7.872335e-01 -1.270046e-01 1.758041e-02 -8.316523e-01 -7.334375e-01 -2.469662e-01 -1.397808e-01 -6.235175e-01 2.952180e-01 2.640013e-01 -1.663442e-01 -4.982119e-01 -6.755310e-02 7.851865e-02
75 1.674676e-01 -9.798685e-02 -7.872335e-01 -1.270046e-01 1.758043e-02 -8.316523e-01 -7.334375e-01 -2.469662e-01 -1.397808e-01 -6.235175e-01 2.952180e-01 2.640013e-01 -1.663442e-01 -4.982119e-01 -6.755311e-02 7.851866e-02
25 1.674669e-01 -9.798729e-02 -7.872339e-01 -1.270036e-01 1.758059e-02 -8.316541e-01 -7.334368e-01 -2.469660e-01 -1.397822e-01 -6.235177e-01 2.952177e-01 2.640018e-01 -1.663454e-01 -4.982119e-01 -6.755379e-02 7.851998e-02
87 1.674669e-01 -9.798728e-02 -7.872339e-01 -1.270036e-01 1.758059e-02 -8.316541e-01 -7.334369e-01 -2.469660e-01 -1.397822e-01 -6.235177e-01 2.952177e-01 2.640018e-01 -1.663455e-01 -4.982119e-01 -6.755380e-02 7.851997e-02
18 1.673986e-01 -9.803996e-02 -7.873703e-01 -1.268398e-01 1.760408e-02 -8.316221e-01 -7.333792e-01 -2.470096e-01 -1.397942e-01 -6.235286e-01 2.953216e-01 2.639500e-01 -1.662155e-01 -4.982603e-01 -6.766776e-02 7.854499e-02
20 1.673985e-01 -9.804066e-02 -7.873710e-01 -1.268407e-01 1.760478e-02 -8.316229e-01 -7.333793e-01 -2.470092e-01 -1.397960e-01 -6.235283e-01 2.953199e-01 2.639513e-01 -1.662147e-01 -4.982621e-01 -6.766691e-02 7.854561e-02
59 1.675052e-01 -9.801148e-02 -7.873229e-01 -1.270101e-01 1.770429e-02 -8.316229e-01 -7.334200e-01 -2.469290e-01 -1.397943e-01 -6.235611e-01 2.952827e-01 2.639305e-01 -1.662291e-01 -4.981683e-01 -6.760775e-02 7.847133e-02
60 1.675037e-01 -9.801095e-02 -7.873236e-01 -1.270099e-01 1.770401e-02 -8.316228e-01 -7.334202e-01 -2.469294e-01 -1.397936e-01 -6.235618e-01 2.952831e-01 2.639312e-01 -1.662286e-01 -4.981682e-01 -6.760722e-02 7.847261e-02
81 1.675047e-01 -9.801144e-02 -7.873229e-01 -1.270110e-01 1.770447e-02 -8.316226e-01 -7.334208e-01 -2.469298e-01 -1.397932e-01 -6.235608e-01 2.952828e-01 2.639319e-01 -1.662291e-01 -4.981681e-01 -6.760895e-02 7.847272e-02
3 1.528621e-01 -9.511993e-02 -7.891660e-01 -1.252826e-01 2.675015e-02 -8.374424e-01 -7.379289e-01 -2.400383e-01 -1.446758e-01 -6.235462e-01 2.961791e-01 2.753889e-01 -1.799550e-01 -4.936220e-01 -6.711205e-02 8.940413e-02
8 1.528613e-01 -9.512090e-02 -7.891645e-01 -1.252833e-01 2.675110e-02 -8.374418e-01 -7.379275e-01 -2.400384e-01 -1.446765e-01 -6.235478e-01 2.961796e-01 2.753890e-01 -1.799556e-01 -4.936209e-01 -6.711035e-02 8.940410e-02
70 1.528483e-01 -9.514957e-02 -7.890103e-01 -1.252246e-01 2.674590e-02 -8.373335e-01 -7.379629e-01 -2.401533e-01 -1.445249e-01 -6.235575e-01 2.962162e-01 2.753541e-01 -1.799573e-01 -4.935574e-01 -6.725220e-02 8.949288e-02
93 1.528494e-01 -9.514796e-02 -7.890095e-01 -1.252257e-01 2.674596e-02 -8.373349e-01 -7.379636e-01 -2.401536e-01 -1.445241e-01 -6.235566e-01 2.962165e-01 2.753546e-01 -1.799566e-01 -4.935567e-01 -6.725259e-02 8.949265e-02
4 1.685400e-01 -8.822773e-02 -8.018949e-01 -1.263873e-01 2.667585e-02 -8.294663e-01 -7.327175e-01 -2.364487e-01 -1.523988e-01 -6.240956e-01 2.831999e-01 2.709129e-01 -1.738011e-01 -5.061389e-01 -7.644223e-02 9.389924e-02
41 1.685407e-01 -8.822804e-02 -8.018950e-01 -1.263866e-01 2.667663e-02 -8.294660e-01 -7.327181e-01 -2.364481e-01 -1.523977e-01 -6.240948e-01 2.832012e-01 2.709136e-01 -1.738018e-01 -5.061374e-01 -7.644163e-02 9.389927e-02
14 1.686132e-01 -8.831117e-02 -8.018063e-01 -1.262083e-01 2.659100e-02 -8.294718e-01 -7.327624e-01 -2.364008e-01 -1.523571e-01 -6.240246e-01 2.831627e-01 2.709110e-01 -1.736310e-01 -5.060642e-01 -7.645743e-02 9.386287e-02
97 1.686143e-01 -8.831223e-02 -8.018063e-01 -1.262083e-01 2.659013e-02 -8.294717e-01 -7.327617e-01 -2.364000e-01 -1.523564e-01 -6.240261e-01 2.831636e-01 2.709115e-01 -1.736324e-01 -5.060641e-01 -7.645834e-02 9.386317e-02
5 1.616764e-01 -9.764226e-02 -7.939145e-01 -1.314227e-01 1.436858e-02 -8.312202e-01 -7.257268e-01 -2.467751e-01 -1.460313e-01 -6.416017e-01 2.842348e-01 2.703918e-01 -1.637661e-01 -4.925852e-01 -6.383901e-02 9.035622e-02
16 1.616828e-01 -9.768895e-02 -7.939347e-01 -1.314814e-01 1.430370e-02 -8.311397e-01 -7.257447e-01 -2.468277e-01 -1.459660e-01 -6.414719e-01 2.841881e-01 2.703894e-01 -1.638194e-01 -4.926987e-01 -6.379465e-02 9.041691e-02
82 1.617107e-01 -9.778829e-02 -7.940350e-01 -1.313235e-01 1.430791e-02 -8.311430e-01 -7.257496e-01 -2.466565e-01 -1.459621e-01 -6.414418e-01 2.841888e-01 2.703998e-01 -1.637847e-01 -4.926600e-01 -6.384121e-02 9.044321e-02
6 1.553602e-01 -8.891609e-02 -8.060324e-01 -1.269917e-01 2.189620e-02 -8.382572e-01 -7.302920e-01 -2.468981e-01 -1.558451e-01 -6.401992e-01 2.926872e-01 2.765732e-01 -1.729408e-01 -5.099916e-01 -7.043998e-02 8.768272e-02
74 1.553607e-01 -8.891538e-02 -8.060313e-01 -1.269935e-01 2.189569e-02 -8.382582e-01 -7.302919e-01 -2.468994e-01 -1.558443e-01 -6.401993e-01 2.926874e-01 2.765722e-01 -1.729414e-01 -5.099916e-01 -7.043867e-02 8.768254e-02
12 1.553968e-01 -8.903350e-02 -8.061440e-01 -1.270975e-01 2.183788e-02 -8.383968e-01 -7.304000e-01 -2.468791e-01 -1.559933e-01 -6.400751e-01 2.926821e-01 2.766635e-01 -1.729058e-01 -5.099769e-01 -7.048975e-02 8.762663e-02
21 1.553974e-01 -8.903506e-02 -8.061436e-01 -1.270959e-01 2.183762e-02 -8.383965e-01 -7.303984e-01 -2.468804e-01 -1.559934e-01 -6.400738e-01 2.926805e-01 2.766637e-01 -1.729049e-01 -5.099778e-01 -7.048886e-02 8.762760e-02
7 1.553282e-01 -8.463455e-02 -7.873533e-01 -1.285180e-01 2.444589e-02 -8.416200e-01 -7.350601e-01 -2.305064e-01 -1.531854e-01 -6.356207e-01 2.976462e-01 2.679397e-01 -1.794619e-01 -5.093857e-01 -6.356654e-02 9.197236e-02
55 1.553130e-01 -8.458905e-02 -7.873158e-01 -1.284791e-01 2.461706e-02 -8.416923e-01 -7.350774e-01 -2.305534e-01 -1.531238e-01 -6.356451e-01 2.976275e-01 2.679334e-01 -1.793438e-01 -5.093518e-01 -6.361986e-02 9.192653e-02
86 1.554291e-01 -8.470406e-02 -7.873896e-01 -1.284568e-01 2.456636e-02 -8.417148e-01 -7.351369e-01 -2.305940e-01 -1.532402e-01 -6.356080e-01 2.976832e-01 2.678258e-01 -1.794664e-01 -5.093045e-01 -6.362055e-02 9.197171e-02
15 1.577172e-01 -9.832707e-02 -7.870366e-01 -1.343183e-01 2.447865e-02 -8.326518e-01 -7.342832e-01 -2.465380e-01 -1.500090e-01 -6.232924e-01 2.949464e-01 2.660259e-01 -1.750465e-01 -5.038219e-01 -7.455962e-02 9.506767e-02
32 1.577934e-01 -9.838423e-02 -7.871700e-01 -1.342839e-01 2.433505e-02 -8.325575e-01 -7.342098e-01 -2.466039e-01 -1.499058e-01 -6.232037e-01 2.950832e-01 2.661671e-01 -1.749978e-01 -5.037381e-01 -7.448313e-02 9.496159e-02
22 1.649158e-01 -9.289428e-02 -7.966452e-01 -1.295935e-01 2.665497e-02 -8.317376e-01 -7.360629e-01 -2.360503e-01 -1.429120e-01 -6.338637e-01 2.952239e-01 2.685855e-01 -1.803512e-01 -5.047955e-01 -7.500188e-02 9.309680e-02
28 1.649150e-01 -9.289579e-02 -7.966438e-01 -1.295938e-01 2.665373e-02 -8.317381e-01 -7.360618e-01 -2.360505e-01 -1.429111e-01 -6.338636e-01 2.952236e-01 2.685865e-01 -1.803516e-01 -5.047954e-01 -7.500301e-02 9.309830e-02
34 1.647813e-01 -9.283513e-02 -7.966760e-01 -1.296068e-01 2.652401e-02 -8.318752e-01 -7.360857e-01 -2.360791e-01 -1.429516e-01 -6.338707e-01 2.952463e-01 2.686341e-01 -1.803448e-01 -5.047418e-01 -7.501332e-02 9.304064e-02
80 1.647814e-01 -9.283518e-02 -7.966759e-01 -1.296062e-01 2.652355e-02 -8.318757e-01 -7.360856e-01 -2.360784e-01 -1.429519e-01 -6.338709e-01 2.952466e-01 2.686339e-01 -1.803464e-01 -5.047412e-01 -7.501211e-02 9.304003e-02
24 1.665998e-01 -9.517570e-02 -7.996142e-01 -1.320264e-01 2.901614e-02 -8.362674e-01 -7.337925e-01 -2.489018e-01 -1.523705e-01 -6.386159e-01 2.863889e-01 2.646451e-01 -1.744871e-01 -4.999850e-01 -7.761853e-02 9.576419e-02
57 1.665439e-01 -9.517887e-02 -7.997449e-01 -1.320067e-01 2.891766e-02 -8.361487e-01 -7.338787e-01 -2.487830e-01 -1.523339e-01 -6.385776e-01 2.864835e-01 2.645364e-01 -1.744368e-01 -4.998425e-01 -7.766149e-02 9.564877e-02
64 1.665591e-01 -9.529788e-02 -7.997059e-01 -1.319706e-01 2.890569e-02 -8.362483e-01 -7.338566e-01 -2.488970e-01 -1.523361e-01 -6.386063e-01 2.865002e-01 2.644883e-01 -1.743345e-01 -4.999364e-01 -7.753222e-02 9.568003e-02
72 1.664774e-01 -9.530631e-02 -7.996467e-01 -1.319615e-01 2.901397e-02 -8.362569e-01 -7.339145e-01 -2.487504e-01 -1.525214e-01 -6.385873e-01 2.865149e-01 2.645749e-01 -1.743680e-01 -4.999618e-01 -7.757309e-02 9.565652e-02
29 1.589717e-01 -1.012815e-01 -7.913455e-01 -1.268562e-01 2.056843e-02 -8.419061e-01 -7.295530e-01 -2.441104e-01 -1.580066e-01 -6.309784e-01 2.853001e-01 2.794704e-01 -1.614699e-01 -5.053034e-01 -7.248746e-02 7.846924e-02
66 1.590267e-01 -1.011994e-01 -7.914471e-01 -1.268737e-01 2.065215e-02 -8.418844e-01 -7.296813e-01 -2.440489e-01 -1.580510e-01 -6.309981e-01 2.852386e-01 2.794718e-01 -1.614960e-01 -5.052315e-01 -7.253427e-02 7.847267e-02
96 1.588931e-01 -1.012577e-01 -7.913227e-01 -1.268357e-01 2.070248e-02 -8.419126e-01 -7.296069e-01 -2.440579e-01 -1.579968e-01 -6.310613e-01 2.851335e-01 2.795687e-01 -1.614679e-01 -5.052719e-01 -7.254573e-02 7.854508e-02
33 1.571224e-01 -9.291186e-02 -8.061187e-01 -1.197259e-01 2.163087e-02 -8.371788e-01 -7.297107e-01 -2.330176e-01 -1.523282e-01 -6.370099e-01 2.830291e-01 2.697993e-01 -1.762033e-01 -4.948908e-01 -6.061586e-02 8.047980e-02
61 1.571346e-01 -9.283976e-02 -8.060951e-01 -1.198165e-01 2.163023e-02 -8.371537e-01 -7.297561e-01 -2.329123e-01 -1.523592e-01 -6.370357e-01 2.830312e-01 2.697670e-01 -1.761966e-01 -4.947903e-01 -6.077501e-02 8.041243e-02
36 1.654365e-01 -9.073206e-02 -7.989770e-01 -1.377898e-01 3.200595e-02 -8.458420e-01 -7.391822e-01 -2.350970e-01 -1.437337e-01 -6.376214e-01 2.926751e-01 2.653745e-01 -1.657269e-01 -4.978996e-01 -6.139966e-02 9.132960e-02
42 1.654374e-01 -9.073139e-02 -7.989781e-01 -1.377890e-01 3.200581e-02 -8.458421e-01 -7.391816e-01 -2.350961e-01 -1.437327e-01 -6.376212e-01 2.926747e-01 2.653738e-01 -1.657269e-01 -4.978997e-01 -6.139901e-02 9.133115e-02
89 1.654370e-01 -9.073203e-02 -7.989781e-01 -1.377903e-01 3.200555e-02 -8.458435e-01 -7.391818e-01 -2.350967e-01 -1.437322e-01 -6.376218e-01 2.926746e-01 2.653735e-01 -1.657263e-01 -4.978987e-01 -6.140020e-02 9.133062e-02
48 1.654093e-01 -9.077474e-02 -7.989765e-01 -1.376246e-01 3.184459e-02 -8.458429e-01 -7.392473e-01 -2.350733e-01 -1.436883e-01 -6.376763e-01 2.926037e-01 2.654306e-01 -1.657465e-01 -4.980180e-01 -6.127015e-02 9.129238e-02
51 1.654091e-01 -9.077496e-02 -7.989769e-01 -1.376249e-01 3.184337e-02 -8.458429e-01 -7.392468e-01 -2.350733e-01 -1.436883e-01 -6.376756e-01 2.926028e-01 2.654305e-01 -1.657472e-01 -4.980180e-01 -6.127073e-02 9.129188e-02
38 1.682906e-01 -9.642960e-02 -7.915017e-01 -1.278251e-01 3.155707e-02 -8.299720e-01 -7.405351e-01 -2.309301e-01 -1.384286e-01 -6.230274e-01 2.932234e-01 2.776711e-01 -1.780360e-01 -5.086545e-01 -7.751208e-02 8.750414e-02
73 1.681620e-01 -9.641534e-02 -7.914704e-01 -1.278020e-01 3.143022e-02 -8.299715e-01 -7.404290e-01 -2.310753e-01 -1.385225e-01 -6.230575e-01 2.932755e-01 2.776993e-01 -1.780576e-01 -5.086033e-01 -7.756993e-02 8.745991e-02
92 1.681702e-01 -9.639750e-02 -7.914481e-01 -1.278382e-01 3.158626e-02 -8.298999e-01 -7.404997e-01 -2.309248e-01 -1.384735e-01 -6.231601e-01 2.931676e-01 2.777176e-01 -1.780583e-01 -5.086366e-01 -7.751474e-02 8.753570e-02
44 1.524812e-01 -8.870983e-02 -7.889945e-01 -1.373518e-01 1.880896e-02 -8.298781e-01 -7.405340e-01 -2.347104e-01 -1.469082e-01 -6.428523e-01 2.855077e-01 2.699757e-01 -1.620441e-01 -4.994228e-01 -5.966582e-02 7.640132e-02
65 1.524555e-01 -8.872393e-02 -7.890083e-01 -1.374892e-01 1.879344e-02 -8.297805e-01 -7.404860e-01 -2.347587e-01 -1.468501e-01 -6.429692e-01 2.854047e-01 2.700482e-01 -1.620053e-01 -4.994192e-01 -5.957518e-02 7.643821e-02
94 1.523747e-01 -8.863993e-02 -7.890273e-01 -1.373803e-01 1.880555e-02 -8.299042e-01 -7.405437e-01 -2.347267e-01 -1.469908e-01 -6.429763e-01 2.854610e-01 2.700584e-01 -1.621196e-01 -4.992708e-01 -5.963378e-02 7.630542e-02
47 1.549004e-01 -9.664485e-02 -8.004627e-01 -1.334034e-01 1.959574e-02 -8.417247e-01 -7.435827e-01 -2.450151e-01 -1.472891e-01 -6.407717e-01 2.802955e-01 2.707061e-01 -1.768213e-01 -5.106132e-01 -7.284604e-02 8.861496e-02
53 1.548218e-01 -9.682933e-02 -8.004245e-01 -1.334573e-01 1.959954e-02 -8.418141e-01 -7.437664e-01 -2.449541e-01 -1.472063e-01 -6.407863e-01 2.802700e-01 2.707591e-01 -1.768080e-01 -5.105018e-01 -7.290527e-02 8.876927e-02
49 1.634939e-01 -8.866715e-02 -7.881169e-01 -1.219776e-01 2.824957e-02 -8.304508e-01 -7.357705e-01 -2.305196e-01 -1.568789e-01 -6.262733e-01 2.887150e-01 2.645760e-01 -1.630972e-01 -5.051221e-01 -7.207264e-02 8.168903e-02
54 1.634928e-01 -8.866717e-02 -7.881174e-01 -1.219776e-01 2.825012e-02 -8.304509e-01 -7.357706e-01 -2.305187e-01 -1.568790e-01 -6.262728e-01 2.887162e-01 2.645750e-01 -1.630971e-01 -5.051229e-01 -7.207224e-02 8.168849e-02
77 1.634927e-01 -8.866710e-02 -7.881179e-01 -1.219784e-01 2.825065e-02 -8.304511e-01 -7.357709e-01 -2.305183e-01 -1.568783e-01 -6.262723e-01 2.887159e-01 2.645760e-01 -1.630977e-01 -5.051214e-01 -7.207127e-02 8.168874e-02
83 1.634552e-01 -8.871977e-02 -7.880149e-01 -1.220129e-01 2.833651e-02 -8.304079e-01 -7.358786e-01 -2.305485e-01 -1.567718e-01 -6.262704e-01 2.886170e-01 2.645809e-01 -1.629872e-01 -5.050186e-01 -7.212701e-02 8.155634e-02
88 1.634558e-01 -8.871907e-02 -7.880152e-01 -1.220139e-01 2.833745e-02 -8.304073e-01 -7.358773e-01 -2.305491e-01 -1.567709e-01 -6.262720e-01 2.886154e-01 2.645809e-01 -1.629871e-01 -5.050200e-01 -7.212584e-02 8.155812e-02
56 1.621193e-01 -9.422272e-02 -7.954686e-01 -1.389416e-01 2.922182e-02 -8.289829e-01 -7.250398e-01 -2.332646e-01 -1.413226e-01 -6.269232e-01 2.831421e-01 2.759838e-01 -1.686528e-01 -5.016759e-01 -6.359473e-02 9.514182e-02
67 1.621197e-01 -9.422204e-02 -7.954682e-01 -1.389430e-01 2.922078e-02 -8.289825e-01 -7.250402e-01 -2.332649e-01 -1.413219e-01 -6.269247e-01 2.831426e-01 2.759834e-01 -1.686521e-01 -5.016767e-01 -6.359587e-02 9.514201e-02
58 1.620937e-01 -9.411137e-02 -7.953784e-01 -1.388600e-01 2.912140e-02 -8.289442e-01 -7.250221e-01 -2.331876e-01 -1.413326e-01 -6.271055e-01 2.831210e-01 2.760737e-01 -1.684825e-01 -5.016714e-01 -6.356968e-02 9.504887e-02
85 1.620935e-01 -9.410961e-02 -7.953783e-01 -1.388594e-01 2.912019e-02 -8.289450e-01 -7.250226e-01 -2.331879e-01 -1.413338e-01 -6.271053e-01 2.831224e-01 2.760729e-01 -1.684821e-01 -5.016722e-01 -6.356981e-02 9.504818e-02
9 -7.538108e-01 2.736137e-02 6.058458e-01 7.354585e-01 -6.229412e-01 1.455286e-01 -3.679083e-01 -8.316167e-01 3.759776e-01 2.755706e-02 4.127048e-01 -4.992920e-01 -9.374980e-01 -8.733451e-01 7.555193e-01 -9.404730e-02
91 -7.538585e-01 2.717475e-02 6.059236e-01 7.354453e-01 -6.228660e-01 1.454386e-01 -3.680090e-01 -8.314527e-01 3.760420e-01 2.748997e-02 4.127751e-01 -4.993418e-01 -9.375490e-01 -8.732096e-01 7.554773e-01 -9.415301e-02
26 -7.557116e-01 4.400911e-02 6.013953e-01 7.406776e-01 -6.165945e-01 1.286338e-01 -3.649917e-01 -8.263207e-01 3.879930e-01 2.161984e-02 3.991195e-01 -5.077506e-01 -9.387791e-01 -8.587387e-01 7.556598e-01 -8.870107e-02
31 -7.557998e-01 4.384348e-02 6.014292e-01 7.405413e-01 -6.166126e-01 1.286939e-01 -3.651286e-01 -8.263114e-01 3.879897e-01 2.153224e-02 3.989942e-01 -5.077759e-01 -9.388635e-01 -8.587395e-01 7.557578e-01 -8.879110e-02
37 -7.646324e-01 2.903656e-02 6.161566e-01 7.471140e-01 -6.243905e-01 1.396006e-01 -3.644472e-01 -8.307260e-01 3.775359e-01 3.153134e-02 4.074276e-01 -5.018720e-01 -9.257927e-01 -8.629144e-01 7.561528e-01 -9.619119e-02
76 -7.646328e-01 2.903707e-02 6.161561e-01 7.471139e-01 -6.243900e-01 1.396008e-01 -3.644471e-01 -8.307263e-01 3.775376e-01 3.153178e-02 4.074277e-01 -5.018709e-01 -9.257933e-01 -8.629148e-01 7.561533e-01 -9.619042e-02
43 -7.646550e-01 2.894409e-02 6.161909e-01 7.471063e-01 -6.244693e-01 1.395201e-01 -3.645465e-01 -8.308939e-01 3.774256e-01 3.160113e-02 4.073003e-01 -5.018559e-01 -9.257528e-01 -8.628738e-01 7.560842e-01 -9.618012e-02
95 -7.646553e-01 2.894547e-02 6.161897e-01 7.471050e-01 -6.244708e-01 1.395206e-01 -3.645465e-01 -8.308948e-01 3.774249e-01 3.160116e-02 4.073005e-01 -5.018559e-01 -9.257522e-01 -8.628740e-01 7.560846e-01 -9.617999e-02
45 -7.553631e-01 3.052356e-02 6.045396e-01 7.463768e-01 -6.146810e-01 1.377998e-01 -3.712112e-01 -8.349100e-01 3.925488e-01 2.886649e-02 4.091980e-01 -5.082366e-01 -9.420263e-01 -8.600445e-01 7.656155e-01 -9.446200e-02
78 -7.553761e-01 3.052482e-02 6.044459e-01 7.463169e-01 -6.147159e-01 1.378996e-01 -3.712259e-01 -8.350072e-01 3.924439e-01 2.895940e-02 4.091324e-01 -5.082608e-01 -9.421193e-01 -8.600393e-01 7.656316e-01 -9.458905e-02
11 -5.946694e-01 3.086284e-01 6.954711e-01 5.089862e-01 7.042933e-01 5.993225e-01 1.284680e-01 -1.418678e-01 8.505623e-01 1.154142e-01 6.565754e-01 5.594477e-01 8.189567e-01 3.284281e-03 6.078786e-02 1.128911e-01
71 -5.945914e-01 3.085738e-01 6.955126e-01 5.090064e-01 7.042621e-01 5.992541e-01 1.283884e-01 -1.417739e-01 8.505369e-01 1.153529e-01 6.566773e-01 5.594707e-01 8.189960e-01 3.274132e-03 6.076236e-02 1.129479e-01
79 -5.946457e-01 3.085495e-01 6.955242e-01 5.089573e-01 7.041922e-01 5.992111e-01 1.284681e-01 -1.419260e-01 8.506814e-01 1.153394e-01 6.566002e-01 5.596111e-01 8.189417e-01 3.104397e-03 6.074643e-02 1.129858e-01
99 -5.946514e-01 3.085864e-01 6.955575e-01 5.089326e-01 7.043610e-01 5.993615e-01 1.283184e-01 -1.419648e-01 8.505711e-01 1.154648e-01 6.565578e-01 5.595342e-01 8.190731e-01 3.257084e-03 6.072778e-02 1.128662e-01
30 -5.974512e-01 3.003531e-01 6.904968e-01 5.013099e-01 7.023974e-01 5.938325e-01 1.407379e-01 -1.523338e-01 8.578875e-01 1.012817e-01 6.567680e-01 5.602943e-01 8.184886e-01 -5.887188e-03 7.816620e-02 1.208614e-01
40 -5.973007e-01 3.004020e-01 6.904819e-01 5.013740e-01 7.024099e-01 5.937368e-01 1.408495e-01 -1.523934e-01 8.578235e-01 1.013530e-01 6.567847e-01 5.603042e-01 8.185033e-01 -5.767842e-03 7.803323e-02 1.208399e-01
50 -5.974278e-01 3.002889e-01 6.904007e-01 5.013652e-01 7.025475e-01 5.937427e-01 1.408577e-01 -1.522744e-01 8.578988e-01 1.013249e-01 6.566306e-01 5.603807e-01 8.186357e-01 -5.921499e-03 7.804898e-02 1.209161e-01
17 4.202361e-01 -9.341134e-01 -9.381011e-01 8.619776e-01 -8.282146e-02 4.057174e-01 9.403408e-01 8.557677e-01 -9.665095e-02 8.666330e-01 -7.574500e-02 2.743659e-01 5.250918e-01 3.818179e-01 7.795102e-01 8.755202e-01
84 4.202894e-01 -9.340979e-01 -9.380352e-01 8.620873e-01 -8.296391e-02 4.058636e-01 9.403336e-01 8.558436e-01 -9.660263e-02 8.666062e-01 -7.591552e-02 2.743675e-01 5.250543e-01 3.817002e-01 7.793786e-01 8.754682e-01
19 4.112066e-01 -9.289791e-01 -9.266611e-01 8.508947e-01 -8.262326e-02 4.042420e-01 9.405670e-01 8.624106e-01 -9.952297e-02 8.609573e-01 -7.006782e-02 2.787517e-01 5.334043e-01 3.782394e-01 7.900846e-01 8.891883e-01
46 4.111140e-01 -9.288938e-01 -9.265747e-01 8.509092e-01 -8.253775e-02 4.041766e-01 9.406070e-01 8.625014e-01 -9.961552e-02 8.608901e-01 -7.002256e-02 2.788406e-01 5.334113e-01 3.781384e-01 7.900378e-01 8.890393e-01
35 4.127469e-01 -9.376881e-01 -9.275440e-01 8.574381e-01 -8.312631e-02 3.884523e-01 9.508123e-01 8.593106e-01 -9.729619e-02 8.612480e-01 -7.049959e-02 2.690054e-01 5.303730e-01 3.759432e-01 7.789775e-01 8.881446e-01
69 4.126932e-01 -9.377292e-01 -9.275073e-01 8.574131e-01 -8.299760e-02 3.885619e-01 9.509209e-01 8.592542e-01 -9.716906e-02 8.611677e-01 -7.041934e-02 2.689837e-01 5.305255e-01 3.759469e-01 7.789085e-01 8.882135e-01
23 2.974515e-01 -4.208334e-01 -6.402219e-01 8.176630e-01 -1.887512e-01 1.317058e-02 3.097272e-01 2.930125e-01 -1.642678e-01 7.258367e-01 -5.362065e-02 -2.654406e-03 4.089035e-02 -8.084696e-02 8.511129e-01 -6.448560e-01
63 2.974054e-01 -4.209413e-01 -6.402386e-01 8.176154e-01 -1.886904e-01 1.333819e-02 3.098125e-01 2.929541e-01 -1.644232e-01 7.258380e-01 -5.343416e-02 -2.736966e-03 4.073221e-02 -8.096535e-02 8.511044e-01 -6.448648e-01
39 2.933812e-01 -4.352526e-01 -6.391578e-01 8.185410e-01 -1.942705e-01 1.701999e-02 3.124454e-01 2.891961e-01 -1.805534e-01 7.370580e-01 -4.210582e-02 3.271910e-03 3.846135e-02 -8.926803e-02 8.453853e-01 -6.454294e-01
62 2.933502e-01 -4.352865e-01 -6.391523e-01 8.184440e-01 -1.941681e-01 1.708002e-02 3.125078e-01 2.892740e-01 -1.806319e-01 7.370872e-01 -4.203990e-02 3.325378e-03 3.842980e-02 -8.928816e-02 8.453005e-01 -6.453619e-01
52 1.723201e-01 -7.155141e-01 1.652780e-01 -9.431009e-01 -4.568557e-01 3.677419e-01 2.438253e-01 7.798472e-01 4.665992e-01 -4.734993e-01 3.475866e-01 -6.384050e-01 -1.419789e-02 1.695480e-01 3.621997e-01 5.097690e-01
166 1.722553e-01 -7.154867e-01 1.653402e-01 -9.431091e-01 -4.567989e-01 3.678527e-01 2.438651e-01 7.797532e-01 4.666274e-01 -4.734197e-01 3.476706e-01 -6.384546e-01 -1.434878e-02 1.694842e-01 3.620949e-01 5.097403e-01
196 1.724196e-01 -7.155213e-01 1.652873e-01 -9.432497e-01 -4.567426e-01 3.677608e-01 2.437195e-01 7.797264e-01 4.666482e-01 -4.735268e-01 3.475944e-01 -6.384316e-01 -1.437493e-02 1.695453e-01 3.622132e-01 5.096303e-01
105 1.841741e-01 -7.107678e-01 1.655427e-01 -9.599980e-01 -4.638256e-01 3.554020e-01 2.340882e-01 7.616278e-01 4.683132e-01 -4.717653e-01 3.414888e-01 -6.398445e-01 -2.551445e-02 1.756599e-01 3.615934e-01 5.064785e-01
183 1.841730e-01 -7.107676e-01 1.655425e-01 -9.599979e-01 -4.638262e-01 3.554017e-01 2.340894e-01 7.616274e-01 4.683140e-01 -4.717649e-01 3.414881e-01 -6.398441e-01 -2.551336e-02 1.756603e-01 3.615928e-01 5.064779e-01
197 1.841733e-01 -7.107675e-01 1.655419e-01 -9.599984e-01 -4.638266e-01 3.554023e-01 2.340887e-01 7.616274e-01 4.683132e-01 -4.717649e-01 3.414896e-01 -6.398446e-01 -2.551443e-02 1.756607e-01 3.615922e-01 5.064779e-01
150 1.842037e-01 -7.108381e-01 1.655112e-01 -9.598748e-01 -4.639200e-01 3.554586e-01 2.340242e-01 7.615258e-01 4.682939e-01 -4.717835e-01 3.414304e-01 -6.397032e-01 -2.554777e-02 1.756184e-01 3.615776e-01 5.063676e-01
199 1.842038e-01 -7.108386e-01 1.655110e-01 -9.598739e-01 -4.639196e-01 3.554579e-01 2.340227e-01 7.615257e-01 4.682942e-01 -4.717849e-01 3.414306e-01 -6.397036e-01 -2.554745e-02 1.756186e-01 3.615790e-01 5.063677e-01
119 1.755549e-01 -7.060918e-01 1.795264e-01 -9.536695e-01 -4.684130e-01 3.684726e-01 2.425935e-01 7.686360e-01 4.608654e-01 -4.732169e-01 3.289705e-01 -6.369328e-01 -2.951561e-02 1.620822e-01 3.534944e-01 5.127642e-01
126 1.756402e-01 -7.060239e-01 1.795096e-01 -9.538356e-01 -4.684057e-01 3.684058e-01 2.426332e-01 7.684557e-01 4.607579e-01 -4.731915e-01 3.289723e-01 -6.369938e-01 -2.957259e-02 1.622210e-01 3.535024e-01 5.127802e-01
176 1.755335e-01 -7.060776e-01 1.794075e-01 -9.536726e-01 -4.684700e-01 3.684059e-01 2.427105e-01 7.684570e-01 4.608677e-01 -4.732548e-01 3.290198e-01 -6.369269e-01 -2.960962e-02 1.621880e-01 3.534356e-01 5.128272e-01
90 1.767017e-02 -6.703016e-01 -7.748083e-04 -8.159240e-01 -7.069384e-02 -9.239837e-01 -6.310483e-01 2.068591e-01 1.658861e-01 7.523794e-02 8.070965e-01 -6.645242e-01 -1.955687e-01 7.766890e-01 -4.635507e-01 5.899364e-01
98 9.081902e-03 -6.755295e-01 -2.266978e-03 -8.225979e-01 -8.064866e-02 -9.199561e-01 -6.446031e-01 2.139127e-01 1.556633e-01 8.646952e-02 8.235209e-01 -6.531754e-01 -1.796899e-01 7.636151e-01 -4.638082e-01 5.859726e-01
100 1.642279e-02 -3.643698e-01 -8.114582e-01 -6.649400e-01 8.421118e-01 7.189154e-01 2.858432e-01 5.998381e-01 -4.363628e-01 5.668516e-01 -8.484024e-01 -3.000037e-01 2.742405e-01 4.202745e-01 8.632386e-01 3.011364e-01
163 1.150585e-02 -3.660702e-01 -8.036387e-01 -6.569580e-01 8.411824e-01 7.171934e-01 2.771636e-01 5.983797e-01 -4.220157e-01 5.582298e-01 -8.597215e-01 -2.894808e-01 2.583266e-01 4.353404e-01 8.602180e-01 3.107659e-01
174 1.140032e-02 -3.681930e-01 -7.961416e-01 -6.646716e-01 8.453724e-01 7.277897e-01 2.883826e-01 5.997308e-01 -4.335099e-01 5.623034e-01 -8.427714e-01 -2.972355e-01 2.712638e-01 4.229800e-01 8.669065e-01 2.978869e-01
101 8.129712e-01 -6.458418e-01 3.865006e-01 -3.805576e-01 -2.400564e-01 8.855748e-01 -1.000007e+00 -2.977389e-01 -4.538676e-01 -8.901515e-01 9.293641e-01 -3.836097e-01 -9.470988e-01 -5.527106e-01 -6.070790e-01 2.054571e-01
131 8.130170e-01 -6.457864e-01 3.865789e-01 -3.806276e-01 -2.400951e-01 8.854697e-01 -1.000125e+00 -2.978347e-01 -4.539925e-01 -8.901875e-01 9.293368e-01 -3.836723e-01 -9.469799e-01 -5.525827e-01 -6.070172e-01 2.054875e-01
134 8.130404e-01 -6.459341e-01 3.864783e-01 -3.806443e-01 -2.400284e-01 8.855415e-01 -1.000009e+00 -2.978447e-01 -4.539392e-01 -8.903126e-01 9.295201e-01 -3.836646e-01 -9.470493e-01 -5.527347e-01 -6.071127e-01 2.054704e-01
160 8.014766e-01 -6.462528e-01 3.936759e-01 -3.770084e-01 -2.532178e-01 8.820881e-01 -9.863557e-01 -2.980402e-01 -4.729905e-01 -8.943408e-01 9.310741e-01 -3.825191e-01 -9.394644e-01 -5.518476e-01 -6.127557e-01 2.059430e-01
175 8.015020e-01 -6.461542e-01 3.937533e-01 -3.770955e-01 -2.531403e-01 8.821277e-01 -9.862753e-01 -2.980149e-01 -4.730069e-01 -8.941700e-01 9.311754e-01 -3.824771e-01 -9.395049e-01 -5.518454e-01 -6.128122e-01 2.059154e-01
177 8.015191e-01 -6.461390e-01 3.936158e-01 -3.770175e-01 -2.531237e-01 8.820769e-01 -9.862640e-01 -2.981176e-01 -4.729912e-01 -8.942457e-01 9.310621e-01 -3.825353e-01 -9.393380e-01 -5.517695e-01 -6.128566e-01 2.059002e-01
189 8.014770e-01 -6.461034e-01 3.937173e-01 -3.771759e-01 -2.532516e-01 8.820473e-01 -9.861979e-01 -2.980726e-01 -4.730414e-01 -8.942686e-01 9.311664e-01 -3.826427e-01 -9.393571e-01 -5.517296e-01 -6.127836e-01 2.058923e-01
102 -4.760837e-02 2.691984e-02 8.866858e-01 -1.679827e-01 6.142665e-01 -1.443748e-02 4.736417e-01 -5.847150e-01 -7.110628e-01 5.950263e-01 8.259713e-01 -9.512349e-01 -1.776322e-01 9.277992e-01 -6.097363e-01 1.451667e-01
123 -4.752854e-02 2.675608e-02 8.866470e-01 -1.680865e-01 6.143077e-01 -1.448687e-02 4.736934e-01 -5.846928e-01 -7.110336e-01 5.951362e-01 8.259345e-01 -9.512663e-01 -1.778111e-01 9.277206e-01 -6.097848e-01 1.450604e-01
136 -6.011080e-02 1.592973e-02 8.762479e-01 -1.598408e-01 6.147139e-01 -2.089499e-02 4.804113e-01 -5.767020e-01 -7.076118e-01 6.006043e-01 8.287187e-01 -9.641022e-01 -1.746572e-01 9.321275e-01 -6.102112e-01 1.484228e-01
151 -6.027294e-02 1.587454e-02 8.762878e-01 -1.597186e-01 6.147940e-01 -2.093579e-02 4.802889e-01 -5.767365e-01 -7.076597e-01 6.006813e-01 8.287824e-01 -9.639452e-01 -1.746825e-01 9.321086e-01 -6.101499e-01 1.483401e-01
173 -6.017992e-02 1.591000e-02 8.763699e-01 -1.598068e-01 6.147067e-01 -2.085384e-02 4.803089e-01 -5.768287e-01 -7.078155e-01 6.005440e-01 8.286513e-01 -9.639888e-01 -1.746076e-01 9.320724e-01 -6.101970e-01 1.484701e-01
103 8.277197e-01 1.900571e-01 8.844870e-01 -6.736957e-02 5.780975e-01 -3.550841e-01 -6.007616e-01 -2.741496e-02 -9.704279e-01 -8.422809e-01 -1.980674e-01 -2.310273e-02 7.267628e-01 -1.002426e+00 6.223094e-01 -3.202213e-01
129 8.276335e-01 1.901145e-01 8.844818e-01 -6.736294e-02 5.781676e-01 -3.549454e-01 -6.005934e-01 -2.745404e-02 -9.704802e-01 -8.422290e-01 -1.979360e-01 -2.299917e-02 7.266897e-01 -1.002592e+00 6.222670e-01 -3.202680e-01
192 8.276095e-01 1.900899e-01 8.846282e-01 -6.731770e-02 5.781023e-01 -3.549518e-01 -6.006883e-01 -2.735833e-02 -9.703964e-01 -8.422844e-01 -1.980637e-01 -2.314315e-02 7.267517e-01 -1.002488e+00 6.222584e-01 -3.200956e-01
116 8.164371e-01 1.849133e-01 8.765111e-01 -8.252101e-02 5.776411e-01 -3.533431e-01 -6.100828e-01 -2.695121e-02 -9.723219e-01 -8.409545e-01 -2.154647e-01 -1.968922e-02 7.191180e-01 -1.001069e+00 6.275685e-01 -3.197038e-01
118 8.164383e-01 1.849124e-01 8.765112e-01 -8.252002e-02 5.776413e-01 -3.533435e-01 -6.100831e-01 -2.695051e-02 -9.723220e-01 -8.409554e-01 -2.154649e-01 -1.968782e-02 7.191180e-01 -1.001068e+00 6.275687e-01 -3.197048e-01
146 8.163243e-01 1.850221e-01 8.765435e-01 -8.255479e-02 5.776847e-01 -3.534727e-01 -6.100228e-01 -2.704787e-02 -9.724196e-01 -8.409317e-01 -2.155568e-01 -1.965986e-02 7.191150e-01 -1.001083e+00 6.275802e-01 -3.195741e-01
191 8.163232e-01 1.850230e-01 8.765432e-01 -8.255329e-02 5.776854e-01 -3.534731e-01 -6.100225e-01 -2.704643e-02 -9.724195e-01 -8.409325e-01 -2.155583e-01 -1.966019e-02 7.191165e-01 -1.001084e+00 6.275788e-01 -3.195731e-01
117 8.181825e-01 1.963043e-01 8.652747e-01 -6.980756e-02 5.754287e-01 -3.473373e-01 -6.018441e-01 -2.136230e-02 -9.723570e-01 -8.311150e-01 -2.130279e-01 -1.841453e-02 7.187919e-01 -1.008033e+00 6.351200e-01 -3.180763e-01
132 8.181809e-01 1.962917e-01 8.652605e-01 -6.975887e-02 5.753651e-01 -3.473679e-01 -6.018675e-01 -2.125204e-02 -9.722751e-01 -8.311363e-01 -2.130934e-01 -1.846745e-02 7.187601e-01 -1.008138e+00 6.352243e-01 -3.180479e-01
127 8.263991e-01 1.875046e-01 8.712584e-01 -8.038069e-02 5.898706e-01 -3.507566e-01 -6.152687e-01 -2.532243e-02 -9.778503e-01 -8.315508e-01 -1.988721e-01 -1.706229e-02 7.201789e-01 -1.003197e+00 6.242517e-01 -3.148091e-01
198 8.263984e-01 1.875033e-01 8.712584e-01 -8.038091e-02 5.898714e-01 -3.507560e-01 -6.152695e-01 -2.532164e-02 -9.778499e-01 -8.315505e-01 -1.988718e-01 -1.706284e-02 7.201790e-01 -1.003197e+00 6.242521e-01 -3.148088e-01
139 8.262951e-01 1.873967e-01 8.712223e-01 -8.047082e-02 5.898479e-01 -3.508557e-01 -6.151997e-01 -2.526422e-02 -9.776707e-01 -8.315069e-01 -1.989210e-01 -1.695561e-02 7.200909e-01 -1.003118e+00 6.243104e-01 -3.147589e-01
155 8.262943e-01 1.873976e-01 8.712227e-01 -8.047102e-02 5.898493e-01 -3.508567e-01 -6.151986e-01 -2.526412e-02 -9.776698e-01 -8.315059e-01 -1.989200e-01 -1.695611e-02 7.200901e-01 -1.003119e+00 6.243114e-01 -3.147606e-01
181 8.262948e-01 1.873964e-01 8.712229e-01 -8.047019e-02 5.898488e-01 -3.508558e-01 -6.151989e-01 -2.526562e-02 -9.776701e-01 -8.315062e-01 -1.989203e-01 -1.695556e-02 7.200906e-01 -1.003118e+00 6.243106e-01 -3.147590e-01
130 8.262007e-01 1.963656e-01 8.681519e-01 -7.453597e-02 5.928584e-01 -3.473866e-01 -6.147598e-01 -1.331620e-02 -9.684617e-01 -8.264978e-01 -2.104011e-01 -1.075721e-02 7.189505e-01 -1.003591e+00 6.170944e-01 -3.160410e-01
186 8.263301e-01 1.962826e-01 8.681552e-01 -7.452555e-02 5.930363e-01 -3.474320e-01 -6.147724e-01 -1.339542e-02 -9.684478e-01 -8.265366e-01 -2.104042e-01 -1.060250e-02 7.189407e-01 -1.003489e+00 6.172227e-01 -3.158968e-01
104 -8.148275e-01 -7.940329e-01 3.922379e-02 -6.465785e-01 -9.886580e-01 -2.355656e-01 -7.863270e-01 9.828188e-02 6.872572e-01 3.424420e-01 3.651883e-01 -4.981840e-01 5.125267e-01 3.656024e-01 -4.508629e-01 3.984365e-01
165 -8.147721e-01 -7.939773e-01 3.910804e-02 -6.466355e-01 -9.887895e-01 -2.356318e-01 -7.863087e-01 9.831424e-02 6.872295e-01 3.424746e-01 3.652085e-01 -4.980906e-01 5.125245e-01 3.657369e-01 -4.509954e-01 3.985609e-01
111 -8.281785e-01 -7.886710e-01 3.696497e-02 -6.443918e-01 -9.801154e-01 -2.338455e-01 -7.829842e-01 8.473259e-02 6.807330e-01 3.320478e-01 3.593850e-01 -4.842687e-01 5.128887e-01 3.656135e-01 -4.645476e-01 3.936927e-01
171 -8.281667e-01 -7.886348e-01 3.701775e-02 -6.442435e-01 -9.802383e-01 -2.339214e-01 -7.831405e-01 8.483352e-02 6.807318e-01 3.320075e-01 3.592985e-01 -4.842503e-01 5.127676e-01 3.657067e-01 -4.646700e-01 3.935483e-01
185 -8.280348e-01 -7.885482e-01 3.690417e-02 -6.443042e-01 -9.801560e-01 -2.339435e-01 -7.830725e-01 8.474657e-02 6.806081e-01 3.319487e-01 3.592446e-01 -4.841371e-01 5.128212e-01 3.656307e-01 -4.646470e-01 3.936184e-01
133 -8.194772e-01 -8.017429e-01 3.355211e-02 -6.486108e-01 -9.837430e-01 -2.362270e-01 -7.890741e-01 8.427841e-02 6.758841e-01 3.363634e-01 3.556881e-01 -4.959057e-01 5.053509e-01 3.709287e-01 -4.600554e-01 4.050606e-01
142 -8.195339e-01 -8.017598e-01 3.363221e-02 -6.484282e-01 -9.837001e-01 -2.362049e-01 -7.890786e-01 8.414276e-02 6.759476e-01 3.363977e-01 3.556687e-01 -4.959181e-01 5.053049e-01 3.708878e-01 -4.599896e-01 4.052008e-01
154 -8.195176e-01 -8.016885e-01 3.365321e-02 -6.485974e-01 -9.837398e-01 -2.363882e-01 -7.889441e-01 8.432253e-02 6.759232e-01 3.363522e-01 3.557220e-01 -4.958611e-01 5.053118e-01 3.708802e-01 -4.598934e-01 4.051604e-01
145 -8.278220e-01 -7.941078e-01 3.681314e-02 -6.597592e-01 -9.822378e-01 -2.324959e-01 -7.880604e-01 8.416388e-02 6.765971e-01 3.376675e-01 3.664451e-01 -4.931220e-01 5.116781e-01 3.638985e-01 -4.637128e-01 4.034942e-01
187 -8.278368e-01 -7.940499e-01 3.675673e-02 -6.597904e-01 -9.822565e-01 -2.324746e-01 -7.882334e-01 8.410467e-02 6.766873e-01 3.377398e-01 3.664874e-01 -4.929999e-01 5.116790e-01 3.639923e-01 -4.637494e-01 4.034990e-01
178 -8.126364e-01 -7.966204e-01 3.631932e-02 -6.608717e-01 -9.892344e-01 -2.375378e-01 -7.797962e-01 8.712243e-02 6.927751e-01 3.277799e-01 3.629654e-01 -4.953113e-01 5.144776e-01 3.681400e-01 -4.521038e-01 4.011108e-01
195 -8.128156e-01 -7.965366e-01 3.638368e-02 -6.607966e-01 -9.892514e-01 -2.375530e-01 -7.796804e-01 8.700736e-02 6.927959e-01 3.276670e-01 3.629188e-01 -4.954457e-01 5.143329e-01 3.681161e-01 -4.520008e-01 4.011442e-01
106 4.572583e-01 -3.631505e-01 9.474120e-01 -9.300778e-01 7.336817e-01 -5.250677e-01 7.040704e-01 -2.643697e-01 -6.497132e-01 1.430126e-01 -6.679626e-01 9.543106e-01 9.780422e-01 -4.732789e-02 4.437320e-01 9.824069e-01
148 4.572694e-01 -3.632210e-01 9.474899e-01 -9.302014e-01 7.335694e-01 -5.250089e-01 7.041938e-01 -2.644277e-01 -6.497261e-01 1.431017e-01 -6.680979e-01 9.541947e-01 9.779687e-01 -4.729919e-02 4.436710e-01 9.824925e-01
109 4.563336e-01 -3.590783e-01 9.511229e-01 -9.211498e-01 7.507854e-01 -5.106083e-01 7.065471e-01 -2.654809e-01 -6.553366e-01 1.525886e-01 -6.780180e-01 9.466841e-01 9.732065e-01 -5.954223e-02 4.406722e-01 9.863251e-01
135 4.563343e-01 -3.590782e-01 9.511227e-01 -9.211501e-01 7.507871e-01 -5.106080e-01 7.065475e-01 -2.654807e-01 -6.553373e-01 1.525888e-01 -6.780181e-01 9.466847e-01 9.732059e-01 -5.954352e-02 4.406723e-01 9.863250e-01
112 4.563661e-01 -3.589302e-01 9.510036e-01 -9.211449e-01 7.508569e-01 -5.107052e-01 7.066700e-01 -2.653902e-01 -6.553099e-01 1.525533e-01 -6.779547e-01 9.467125e-01 9.733805e-01 -5.966866e-02 4.407302e-01 9.864208e-01
144 4.563663e-01 -3.589286e-01 9.510033e-01 -9.211450e-01 7.508566e-01 -5.107048e-01 7.066702e-01 -2.653899e-01 -6.553105e-01 1.525517e-01 -6.779549e-01 9.467132e-01 9.733807e-01 -5.966801e-02 4.407288e-01 9.864209e-01
110 4.706643e-01 -3.724335e-01 9.547201e-01 -9.374289e-01 7.393999e-01 -5.217240e-01 7.039355e-01 -2.750302e-01 -6.552454e-01 1.518228e-01 -6.809826e-01 9.512791e-01 9.720512e-01 -6.155047e-02 4.509283e-01 9.889895e-01
149 4.705789e-01 -3.725514e-01 9.546543e-01 -9.374492e-01 7.394266e-01 -5.217768e-01 7.040232e-01 -2.750650e-01 -6.552023e-01 1.517584e-01 -6.808305e-01 9.511173e-01 9.720374e-01 -6.145111e-02 4.509866e-01 9.889501e-01
159 4.706049e-01 -3.724786e-01 9.545738e-01 -9.374475e-01 7.395174e-01 -5.216653e-01 7.039347e-01 -2.751078e-01 -6.553333e-01 1.518548e-01 -6.809989e-01 9.512116e-01 9.720002e-01 -6.150080e-02 4.510159e-01 9.890174e-01
168 4.706229e-01 -3.725105e-01 9.546327e-01 -9.374168e-01 7.394474e-01 -5.217466e-01 7.039407e-01 -2.751322e-01 -6.552572e-01 1.518242e-01 -6.809594e-01 9.512632e-01 9.720694e-01 -6.142652e-02 4.510410e-01 9.891195e-01
138 4.599004e-01 -3.543622e-01 9.555426e-01 -9.363678e-01 7.459929e-01 -5.213086e-01 7.008448e-01 -2.606861e-01 -6.604042e-01 1.533585e-01 -6.762978e-01 9.448017e-01 9.734952e-01 -5.472941e-02 4.449851e-01 9.962715e-01
143 4.598397e-01 -3.544928e-01 9.554035e-01 -9.363773e-01 7.460636e-01 -5.212552e-01 7.009623e-01 -2.607229e-01 -6.603094e-01 1.533209e-01 -6.762677e-01 9.448768e-01 9.735238e-01 -5.477470e-02 4.450577e-01 9.963615e-01
107 -9.259253e-01 5.890230e-01 1.541562e-01 -6.086021e-01 -3.404063e-01 8.615249e-01 7.767646e-01 -1.328881e-01 2.073255e-01 -3.099843e-01 8.844720e-01 -4.896607e-01 4.518161e-01 -1.355834e-01 -3.863130e-01 -7.934154e-01
157 -9.321173e-01 5.878531e-01 1.639989e-01 -5.984750e-01 -3.386498e-01 8.697776e-01 7.651547e-01 -1.496138e-01 2.132223e-01 -3.147632e-01 8.751475e-01 -4.852546e-01 4.525230e-01 -1.351246e-01 -3.895278e-01 -8.000363e-01
158 -9.380806e-01 5.953659e-01 1.580258e-01 -6.046753e-01 -3.452098e-01 8.599497e-01 7.664390e-01 -1.363351e-01 2.026098e-01 -3.137402e-01 8.727632e-01 -4.808642e-01 4.529199e-01 -1.462006e-01 -3.985123e-01 -7.829620e-01
108 -2.927182e-02 9.358275e-01 2.681304e-01 7.953184e-01 8.323209e-02 5.087133e-01 8.234720e-01 -8.923268e-02 6.263480e-01 -6.311136e-01 -7.813134e-01 -4.015873e-01 5.193257e-01 7.013202e-01 -8.310800e-02 7.324871e-01
137 -4.103444e-02 9.371563e-01 2.622747e-01 7.949629e-01 7.739043e-02 5.161937e-01 8.166910e-01 -8.664237e-02 6.161022e-01 -6.370384e-01 -7.887468e-01 -3.893800e-01 5.097235e-01 6.990897e-01 -7.280816e-02 7.487605e-01
113 8.800865e-01 -8.777473e-01 6.378067e-01 5.788709e-01 3.326199e-01 -2.711092e-01 9.743666e-01 -3.980973e-01 -9.657222e-01 9.404165e-01 4.685595e-02 3.440649e-01 -5.248963e-01 3.834856e-01 6.138514e-01 -6.270029e-02
193 8.800576e-01 -8.777295e-01 6.376739e-01 5.788608e-01 3.326646e-01 -2.711523e-01 9.742763e-01 -3.980909e-01 -9.657404e-01 9.405858e-01 4.672218e-02 3.440527e-01 -5.249662e-01 3.833840e-01 6.137756e-01 -6.274342e-02
124 8.874300e-01 -8.896066e-01 6.385380e-01 5.976306e-01 3.212306e-01 -2.638637e-01 9.686428e-01 -4.131046e-01 -9.636633e-01 9.576737e-01 3.756971e-02 3.379671e-01 -5.180773e-01 3.919816e-01 6.136256e-01 -6.557337e-02
128 8.873441e-01 -8.896616e-01 6.385841e-01 5.977165e-01 3.214064e-01 -2.638122e-01 9.687109e-01 -4.131196e-01 -9.635998e-01 9.576152e-01 3.747722e-02 3.378644e-01 -5.181942e-01 3.920215e-01 6.135114e-01 -6.546416e-02
184 8.873919e-01 -8.895749e-01 6.385211e-01 5.977167e-01 3.213944e-01 -2.638358e-01 9.686727e-01 -4.132525e-01 -9.637113e-01 9.576710e-01 3.755157e-02 3.379542e-01 -5.180561e-01 3.920546e-01 6.134990e-01 -6.562443e-02
114 2.878333e-01 1.190705e-01 7.519863e-01 4.609416e-02 -6.530948e-01 3.869860e-01 -3.678499e-01 4.904211e-01 6.727035e-01 5.600052e-01 7.886187e-01 8.672543e-01 -6.234406e-01 -8.388188e-01 7.724188e-01 6.869247e-01
164 2.955370e-01 1.235532e-01 7.425214e-01 4.010648e-02 -6.642421e-01 3.936133e-01 -3.611541e-01 4.963523e-01 6.648188e-01 5.685090e-01 7.993297e-01 8.699935e-01 -6.262491e-01 -8.314758e-01 7.672508e-01 6.828846e-01
172 2.920190e-01 1.301904e-01 7.540694e-01 4.317651e-02 -6.494964e-01 3.880946e-01 -3.600373e-01 4.862559e-01 6.698014e-01 5.568215e-01 7.944388e-01 8.709697e-01 -6.332206e-01 -8.250432e-01 7.817802e-01 6.845830e-01
115 -4.298232e-01 -9.929215e-01 -3.850611e-02 -4.078334e-01 -2.215567e-01 -3.866301e-01 -7.015641e-01 1.393806e-01 -9.354957e-01 8.620347e-01 8.665869e-01 6.671858e-01 2.060025e-01 -7.305135e-01 -6.604727e-01 -3.511526e-01
141 -4.318098e-01 -1.009631e+00 -3.295986e-02 -4.161093e-01 -2.154099e-01 -3.949665e-01 -7.049681e-01 1.373019e-01 -9.489536e-01 8.673037e-01 8.524143e-01 6.766637e-01 2.137986e-01 -7.377593e-01 -6.533546e-01 -3.515798e-01
152 -4.433072e-01 -9.983055e-01 -4.593283e-02 -4.150293e-01 -2.202480e-01 -3.940007e-01 -7.062879e-01 1.436004e-01 -9.378479e-01 8.649473e-01 8.664647e-01 6.819009e-01 2.038144e-01 -7.381030e-01 -6.609560e-01 -3.631988e-01
120 -2.284211e-01 -5.924915e-02 -5.952408e-01 4.015703e-01 1.259083e-01 8.504267e-01 -9.140062e-01 1.827233e-01 1.516920e-01 -5.535836e-01 -5.638876e-01 -2.672402e-01 1.558175e-01 -6.722737e-01 9.979064e-01 5.536695e-01
169 -2.283990e-01 -5.931083e-02 -5.952522e-01 4.015339e-01 1.258029e-01 8.503067e-01 -9.139809e-01 1.827495e-01 1.518005e-01 -5.534658e-01 -5.638477e-01 -2.672904e-01 1.559560e-01 -6.723334e-01 9.979236e-01 5.536060e-01
167 -2.234521e-01 -5.715225e-02 -5.961088e-01 3.978445e-01 1.229805e-01 8.534028e-01 -9.081141e-01 1.715580e-01 1.661782e-01 -5.528557e-01 -5.595692e-01 -2.733708e-01 1.603543e-01 -6.695696e-01 9.905982e-01 5.664108e-01
180 -2.235945e-01 -5.731295e-02 -5.961337e-01 3.977223e-01 1.231265e-01 8.533525e-01 -9.080442e-01 1.715604e-01 1.660594e-01 -5.529450e-01 -5.596247e-01 -2.732782e-01 1.604798e-01 -6.696839e-01 9.907034e-01 5.665102e-01
121 -8.032509e-01 3.019663e-01 2.611612e-01 -3.629960e-01 7.261469e-02 6.758128e-01 -6.143283e-01 -7.744617e-01 6.305368e-01 -7.856147e-02 2.654216e-01 -8.881078e-01 -5.152154e-01 6.276465e-01 -4.593035e-01 -3.124430e-01
188 -8.032715e-01 3.018035e-01 2.611073e-01 -3.629873e-01 7.254385e-02 6.758697e-01 -6.143890e-01 -7.745384e-01 6.306594e-01 -7.858358e-02 2.654612e-01 -8.880327e-01 -5.151155e-01 6.275004e-01 -4.592975e-01 -3.122847e-01
190 -8.032467e-01 3.019467e-01 2.612149e-01 -3.631402e-01 7.255025e-02 6.757885e-01 -6.143707e-01 -7.744816e-01 6.307060e-01 -7.856892e-02 2.654360e-01 -8.881262e-01 -5.152140e-01 6.275265e-01 -4.593647e-01 -3.123980e-01
122 -8.106435e-01 3.072285e-01 2.513005e-01 -3.802671e-01 6.206031e-02 6.851410e-01 -6.244325e-01 -7.731789e-01 6.354637e-01 -9.190295e-02 2.581812e-01 -8.853688e-01 -5.277915e-01 6.373544e-01 -4.521850e-01 -3.028491e-01
147 -8.107559e-01 3.072375e-01 2.513062e-01 -3.802377e-01 6.192016e-02 6.852712e-01 -6.245368e-01 -7.732861e-01 6.355403e-01 -9.189128e-02 2.581968e-01 -8.854860e-01 -5.276413e-01 6.372685e-01 -4.520744e-01 -3.028316e-01
153 -8.106465e-01 3.072283e-01 2.512172e-01 -3.802256e-01 6.201182e-02 6.851098e-01 -6.245543e-01 -7.732860e-01 6.355017e-01 -9.185057e-02 2.582222e-01 -8.853900e-01 -5.275895e-01 6.371765e-01 -4.521580e-01 -3.029010e-01
140 -8.122644e-01 3.187664e-01 2.661948e-01 -3.696646e-01 7.398415e-02 6.769384e-01 -6.170797e-01 -7.742110e-01 6.167128e-01 -8.509466e-02 2.516199e-01 -8.849638e-01 -5.141758e-01 6.348626e-01 -4.568618e-01 -2.956693e-01
162 -8.122295e-01 3.188517e-01 2.662759e-01 -3.697604e-01 7.390807e-02 6.768898e-01 -6.170492e-01 -7.742408e-01 6.167585e-01 -8.521639e-02 2.516142e-01 -8.849284e-01 -5.141605e-01 6.348836e-01 -4.567178e-01 -2.957078e-01
125 -5.723569e-01 -3.123602e-01 6.912180e-01 7.442732e-01 -7.059437e-01 2.743413e-01 -4.329491e-01 8.575822e-01 -3.204213e-01 -1.182411e-01 3.758759e-01 -6.678870e-01 8.400714e-01 5.683912e-01 -2.463147e-02 -3.138748e-01
156 -5.699208e-01 -3.094076e-01 6.846612e-01 7.448781e-01 -7.208265e-01 2.736763e-01 -4.212458e-01 8.495462e-01 -3.132309e-01 -1.146518e-01 3.731690e-01 -6.614284e-01 8.468986e-01 5.588013e-01 -3.342339e-02 -3.156645e-01
161 -5.787020e-01 -3.049212e-01 6.867102e-01 7.495740e-01 -7.167271e-01 2.775270e-01 -4.381910e-01 8.597272e-01 -3.275779e-01 -1.091476e-01 3.705157e-01 -6.708993e-01 8.474663e-01 5.588188e-01 -2.353095e-02 -3.110742e-01
170 1.822463e-01 7.646108e-01 3.564276e-02 4.376166e-01 -2.318057e-01 2.784891e-02 -6.348180e-01 -3.752230e-01 -6.141050e-01 6.316602e-01 -6.497089e-01 3.023037e-01 8.660771e-01 -2.477769e-01 8.011557e-01 -1.735340e-01
194 1.802427e-01 7.659824e-01 2.632798e-02 4.344792e-01 -2.324529e-01 1.789606e-02 -6.290294e-01 -3.751075e-01 -6.260487e-01 6.319894e-01 -6.436411e-01 3.000349e-01 8.513601e-01 -2.381739e-01 7.978764e-01 -1.759868e-01
179 6.430774e-01 -1.987484e-01 8.189431e-01 4.509856e-01 -2.976860e-01 -3.516354e-01 7.019618e-01 -5.226476e-01 -5.898821e-01 -3.723012e-01 2.673749e-01 -6.054996e-01 -1.008029e-01 -2.193508e-02 5.477281e-01 -3.225919e-02
182 6.287104e-01 -1.977286e-01 8.140358e-01 4.464327e-01 -3.002608e-01 -3.537028e-01 7.007705e-01 -5.269859e-01 -5.838903e-01 -3.755761e-01 2.819547e-01 -6.159791e-01 -8.623115e-02 -2.401758e-02 5.582854e-01 -3.743146e-02
